0 1 30 0 0
0 1 30 0 0
0 1 30 0 0
0 1 30 1 1
0 1 30 0 0
0 1 30 1 1
0 1 30 0 0
0 1 30 1 1
0 1 30 0 0
0 1 30 1 1
0 1 30 1 1
0 1 30 0 0
0 1 30 1 1
0 1 30 0 0
0 1 30 0 0
0 1 30 1 1
0 1 30 1 1
0 1 30 1 1
0 1 30 1 1
0 1 30 1 1
0 1 30 1 1
0 1 30 0 0
0 1 30 1 1
0 1 30 1 1
0 1 30 1 1
0 1 30 0 0
0 1 30 1 1
0 1 30 0 0
0 1 30 0 0
0 1 30 0 0
0 1 30 0 0
0 1 30 1 1
0 1 30 1 1
0 1 30 0 0
0 1 30 0 0
0 1 30 0 0
1 1 22 1 0
1 1 22 1 1
1 1 22 1 1
1 1 22 1 1
1 1 22 0 0
1 1 22 1 1
1 1 22 0 0
1 1 22 0 0
1 1 22 1 1
1 1 22 0 0
1 1 22 0 0
1 1 22 0 1
1 1 22 0 1
1 1 22 1 1
1 1 22 0 0
1 1 22 1 1
1 1 22 0 0
1 1 22 1 1
1 1 22 1 1
1 1 22 1 1
1 1 22 0 0
1 1 22 1 0
1 1 22 1 1
1 1 22 1 1
1 1 22 0 0
1 1 22 0 0
1 1 22 0 0
1 1 22 1 1
1 1 22 0 1
1 1 22 0 0
1 1 22 0 0
1 1 22 0 0
1 1 22 1 1
1 1 22 1 1
1 1 22 0 0
1 1 22 1 1
2 1 17 0 0
2 1 17 0 1
2 1 17 0 0
2 1 17 0 0
2 1 17 1 1
2 1 17 0 0
2 1 17 1 1
2 1 17 1 1
2 1 17 1 1
2 1 17 0 0
2 1 17 0 0
2 1 17 0 0
2 1 17 1 1
2 1 17 1 1
2 1 17 1 1
2 1 17 0 0
2 1 17 1 1
2 1 17 0 0
2 1 17 1 1
2 1 17 1 1
2 1 17 1 1
2 1 17 0 1
2 1 17 1 1
2 1 17 0 0
2 1 17 0 0
2 1 17 0 0
2 1 17 0 0
2 1 17 1 0
2 1 17 1 1
2 1 17 0 0
2 1 17 0 0
2 1 17 1 0
2 1 17 1 0
2 1 17 1 0
2 1 17 0 0
2 1 17 1 1
3 1 6 1 1
3 1 6 1 1
3 1 6 0 0
3 1 6 0 1
3 1 6 0 0
3 1 6 1 0
3 1 6 1 1
3 1 6 1 0
3 1 6 0 1
3 1 6 0 0
3 1 6 0 0
3 1 6 1 1
3 1 6 1 0
3 1 6 0 1
3 1 6 1 1
3 1 6 0 0
3 1 6 1 0
3 1 6 1 0
3 1 6 0 0
3 1 6 1 1
3 1 6 0 1
3 1 6 1 1
3 1 6 0 0
3 1 6 1 0
3 1 6 1 1
3 1 6 0 0
3 1 6 1 1
3 1 6 0 1
3 1 6 1 1
3 1 6 0 0
3 1 6 1 1
3 1 6 0 1
3 1 6 0 0
3 1 6 0 1
3 1 6 1 0
3 1 6 0 0
4 1 3 0 0
4 1 3 1 1
4 1 3 0 0
4 1 3 0 1
4 1 3 0 0
4 1 3 0 0
4 1 3 1 0
4 1 3 1 1
4 1 3 0 0
4 1 3 0 1
4 1 3 1 1
4 1 3 1 1
4 1 3 0 0
4 1 3 1 0
4 1 3 1 0
4 1 3 0 0
4 1 3 0 0
4 1 3 1 0
4 1 3 1 1
4 1 3 1 0
4 1 3 1 1
4 1 3 1 1
4 1 3 1 0
4 1 3 1 0
4 1 3 0 1
4 1 3 0 0
4 1 3 0 0
4 1 3 1 1
4 1 3 0 1
4 1 3 1 0
4 1 3 0 0
4 1 3 0 0
4 1 3 0 0
4 1 3 1 1
4 1 3 1 1
4 1 3 0 0
5 0 20 1 0
5 0 20 0 0
5 0 20 1 1
5 0 20 1 1
5 0 20 0 0
5 0 20 0 0
5 0 20 1 1
5 0 20 0 0
5 0 20 0 0
5 0 20 0 0
5 0 20 0 0
5 0 20 0 0
5 0 20 0 0
5 0 20 0 0
5 0 20 1 1
5 0 20 1 1
5 0 20 1 1
5 0 20 1 1
5 0 20 0 1
5 0 20 0 0
5 0 20 0 0
5 0 20 1 1
5 0 20 0 0
5 0 20 1 1
5 0 20 0 0
5 0 20 1 0
5 0 20 0 0
5 0 20 1 1
5 0 20 1 1
5 0 20 0 0
5 0 20 1 1
5 0 20 1 1
5 0 20 0 0
5 0 20 1 1
5 0 20 1 1
5 0 20 1 1
6 0 16 1 1
6 0 16 1 1
6 0 16 0 0
6 0 16 1 1
6 0 16 0 0
6 0 16 1 1
6 0 16 0 0
6 0 16 0 0
6 0 16 1 1
6 0 16 0 0
6 0 16 0 0
6 0 16 1 1
6 0 16 1 1
6 0 16 0 0
6 0 16 1 1
6 0 16 1 1
6 0 16 0 0
6 0 16 1 1
6 0 16 0 0
6 0 16 0 0
6 0 16 1 1
6 0 16 0 0
6 0 16 0 0
6 0 16 1 1
6 0 16 0 0
6 0 16 1 1
6 0 16 0 0
6 0 16 0 0
6 0 16 1 1
6 0 16 0 0
6 0 16 1 1
6 0 16 1 1
6 0 16 0 0
6 0 16 1 1
6 0 16 1 0
6 0 16 0 0
7 0 14 0 0
7 0 14 1 0
7 0 14 1 1
7 0 14 0 0
7 0 14 1 1
7 0 14 0 0
7 0 14 0 0
7 0 14 1 1
7 0 14 1 1
7 0 14 1 1
7 0 14 0 0
7 0 14 0 0
7 0 14 0 0
7 0 14 0 0
7 0 14 0 0
7 0 14 1 1
7 0 14 1 1
7 0 14 1 1
7 0 14 0 0
7 0 14 1 1
7 0 14 0 0
7 0 14 0 0
7 0 14 0 0
7 0 14 1 1
7 0 14 1 0
7 0 14 0 0
7 0 14 1 1
7 0 14 0 0
7 0 14 0 0
7 0 14 1 1
7 0 14 1 1
7 0 14 1 1
7 0 14 0 0
7 0 14 1 1
7 0 14 1 1
7 0 14 0 0
8 0 9 1 0
8 0 9 1 1
8 0 9 1 0
8 0 9 1 1
8 0 9 1 1
8 0 9 0 0
8 0 9 0 0
8 0 9 0 0
8 0 9 1 0
8 0 9 1 1
8 0 9 0 0
8 0 9 1 1
8 0 9 0 0
8 0 9 1 0
8 0 9 1 1
8 0 9 0 0
8 0 9 0 0
8 0 9 0 0
8 0 9 0 0
8 0 9 1 0
8 0 9 0 0
8 0 9 1 0
8 0 9 0 0
8 0 9 0 0
8 0 9 0 0
8 0 9 0 0
8 0 9 1 0
8 0 9 1 1
8 0 9 1 1
8 0 9 0 1
8 0 9 0 0
8 0 9 1 0
8 0 9 1 0
8 0 9 1 0
8 0 9 0 0
8 0 9 0 0
9 0 6 0 0
9 0 6 0 1
9 0 6 1 0
9 0 6 0 0
9 0 6 1 0
9 0 6 1 1
9 0 6 1 1
9 0 6 1 0
9 0 6 0 0
9 0 6 0 0
9 0 6 1 1
9 0 6 0 1
9 0 6 1 0
9 0 6 0 0
9 0 6 1 1
9 0 6 0 0
9 0 6 0 0
9 0 6 0 0
9 0 6 0 1
9 0 6 1 1
9 0 6 1 1
9 0 6 1 1
9 0 6 0 0
9 0 6 0 0
9 0 6 1 1
9 0 6 1 1
9 0 6 1 0
9 0 6 0 0
9 0 6 1 0
9 0 6 1 0
9 0 6 0 0
9 0 6 0 0
9 0 6 1 1
9 0 6 0 1
9 0 6 0 0
9 0 6 1 0
10 0 3 0 0
10 0 3 1 1
10 0 3 0 1
10 0 3 0 1
10 0 3 1 0
10 0 3 0 0
10 0 3 1 1
10 0 3 0 0
10 0 3 0 0
10 0 3 0 0
10 0 3 1 1
10 0 3 1 0
10 0 3 1 0
10 0 3 1 1
10 0 3 1 0
10 0 3 0 0
10 0 3 1 0
10 0 3 0 0
10 0 3 0 0
10 0 3 0 0
10 0 3 0 1
10 0 3 0 0
10 0 3 1 1
10 0 3 1 0
10 0 3 1 1
10 0 3 1 0
10 0 3 0 0
10 0 3 0 0
10 0 3 1 0
10 0 3 1 1
10 0 3 1 1
10 0 3 0 0
10 0 3 0 1
10 0 3 0 1
10 0 3 1 1
10 0 3 1 1
11 -1 20 0 0
11 -1 20 0 0
11 -1 20 1 1
11 -1 20 1 1
11 -1 20 1 1
11 -1 20 1 1
11 -1 20 1 1
11 -1 20 1 1
11 -1 20 0 0
11 -1 20 0 0
11 -1 20 0 0
11 -1 20 1 1
11 -1 20 0 0
11 -1 20 0 0
11 -1 20 0 0
11 -1 20 1 1
11 -1 20 1 1
11 -1 20 1 1
11 -1 20 0 0
11 -1 20 1 1
11 -1 20 0 0
11 -1 20 0 0
11 -1 20 0 0
11 -1 20 1 1
11 -1 20 0 0
11 -1 20 0 0
11 -1 20 1 1
11 -1 20 1 1
11 -1 20 0 0
11 -1 20 0 0
11 -1 20 1 1
11 -1 20 0 0
11 -1 20 1 1
11 -1 20 0 0
11 -1 20 1 1
11 -1 20 1 1
12 -1 14 1 1
12 -1 14 1 1
12 -1 14 1 1
12 -1 14 1 1
12 -1 14 1 1
12 -1 14 1 1
12 -1 14 0 0
12 -1 14 0 0
12 -1 14 1 1
12 -1 14 0 0
12 -1 14 1 1
12 -1 14 0 0
12 -1 14 0 0
12 -1 14 1 1
12 -1 14 0 0
12 -1 14 0 0
12 -1 14 0 0
12 -1 14 1 1
12 -1 14 1 1
12 -1 14 0 0
12 -1 14 0 0
12 -1 14 1 1
12 -1 14 0 0
12 -1 14 0 0
12 -1 14 0 0
12 -1 14 1 1
12 -1 14 1 1
12 -1 14 0 0
12 -1 14 1 1
12 -1 14 1 1
12 -1 14 0 0
12 -1 14 0 0
12 -1 14 1 1
12 -1 14 1 1
12 -1 14 0 0
12 -1 14 0 0
13 -1 9 0 0
13 -1 9 1 1
13 -1 9 1 1
13 -1 9 0 0
13 -1 9 1 1
13 -1 9 0 0
13 -1 9 1 1
13 -1 9 0 0
13 -1 9 0 0
13 -1 9 1 1
13 -1 9 1 1
13 -1 9 1 1
13 -1 9 0 0
13 -1 9 1 1
13 -1 9 1 0
13 -1 9 1 0
13 -1 9 1 1
13 -1 9 1 1
13 -1 9 0 0
13 -1 9 0 0
13 -1 9 0 0
13 -1 9 0 1
13 -1 9 1 0
13 -1 9 0 0
13 -1 9 0 0
13 -1 9 0 1
13 -1 9 1 1
13 -1 9 1 1
13 -1 9 0 0
13 -1 9 1 1
13 -1 9 1 1
13 -1 9 0 0
13 -1 9 1 1
13 -1 9 0 0
13 -1 9 0 0
13 -1 9 0 1
14 -1 5 1 1
14 -1 5 1 1
14 -1 5 0 1
14 -1 5 1 1
14 -1 5 1 1
14 -1 5 1 1
14 -1 5 0 0
14 -1 5 0 0
14 -1 5 0 0
14 -1 5 0 0
14 -1 5 1 1
14 -1 5 1 1
14 -1 5 0 0
14 -1 5 1 1
14 -1 5 1 1
14 -1 5 0 0
14 -1 5 1 1
14 -1 5 1 1
14 -1 5 0 0
14 -1 5 0 0
14 -1 5 1 1
14 -1 5 0 0
14 -1 5 1 1
14 -1 5 0 0
14 -1 5 0 0
14 -1 5 0 1
14 -1 5 0 0
14 -1 5 1 1
14 -1 5 1 0
14 -1 5 0 1
14 -1 5 0 0
14 -1 5 0 0
14 -1 5 1 0
14 -1 5 0 0
14 -1 5 1 1
14 -1 5 1 0
15 -1 3 0 0
15 -1 3 1 1
15 -1 3 0 1
15 -1 3 0 0
15 -1 3 1 1
15 -1 3 0 1
15 -1 3 0 1
15 -1 3 1 1
15 -1 3 1 0
15 -1 3 1 1
15 -1 3 0 0
15 -1 3 0 0
15 -1 3 0 1
15 -1 3 1 1
15 -1 3 0 1
15 -1 3 0 0
15 -1 3 1 0
15 -1 3 1 0
15 -1 3 1 0
15 -1 3 0 1
15 -1 3 1 1
15 -1 3 0 0
15 -1 3 1 1
15 -1 3 0 0
15 -1 3 0 1
15 -1 3 1 0
15 -1 3 0 1
15 -1 3 0 1
15 -1 3 1 1
15 -1 3 1 0
15 -1 3 0 1
15 -1 3 1 1
15 -1 3 1 1
15 -1 3 0 0
15 -1 3 1 0
15 -1 3 1 0
16 -1 1 1 0
16 -1 1 1 0
16 -1 1 0 0
16 -1 1 0 0
16 -1 1 0 1
16 -1 1 0 1
16 -1 1 1 1
16 -1 1 1 1
16 -1 1 1 1
16 -1 1 0 0
16 -1 1 1 0
16 -1 1 0 1
16 -1 1 1 1
16 -1 1 0 0
16 -1 1 1 1
16 -1 1 1 1
16 -1 1 1 0
16 -1 1 0 0
16 -1 1 0 0
16 -1 1 0 1
16 -1 1 1 0
16 -1 1 1 0
16 -1 1 1 1
16 -1 1 0 1
16 -1 1 1 0
16 -1 1 0 1
16 -1 1 1 0
16 -1 1 0 0
16 -1 1 1 1
16 -1 1 0 1
16 -1 1 0 0
16 -1 1 1 1
16 -1 1 0 0
16 -1 1 0 1
16 -1 1 0 0
16 -1 1 1 0
17 -1 25 0 0
17 -1 25 1 1
17 -1 25 1 1
17 -1 25 0 0
17 -1 25 0 0
17 -1 25 1 1
17 -1 25 1 1
17 -1 25 0 0
17 -1 25 1 1
17 -1 25 1 1
17 -1 25 0 0
17 -1 25 1 1
17 -1 25 1 1
17 -1 25 0 0
17 -1 25 1 1
17 -1 25 1 1
17 -1 25 0 0
17 -1 25 1 1
17 -1 25 0 0
17 -1 25 0 0
17 -1 25 1 1
17 -1 25 1 1
17 -1 25 0 0
17 -1 25 0 0
17 -1 25 0 0
17 -1 25 0 0
17 -1 25 0 0
17 -1 25 0 0
17 -1 25 1 1
17 -1 25 1 1
17 -1 25 1 1
17 -1 25 0 0
17 -1 25 0 0
17 -1 25 1 1
17 -1 25 0 0
17 -1 25 1 1
18 -1 17 0 0
18 -1 17 1 1
18 -1 17 0 0
18 -1 17 0 0
18 -1 17 1 1
18 -1 17 0 0
18 -1 17 1 1
18 -1 17 1 1
18 -1 17 1 1
18 -1 17 0 0
18 -1 17 1 1
18 -1 17 1 1
18 -1 17 0 0
18 -1 17 0 0
18 -1 17 1 1
18 -1 17 1 1
18 -1 17 0 0
18 -1 17 1 1
18 -1 17 1 1
18 -1 17 1 1
18 -1 17 0 0
18 -1 17 1 1
18 -1 17 0 0
18 -1 17 1 1
18 -1 17 0 0
18 -1 17 1 1
18 -1 17 0 0
18 -1 17 0 0
18 -1 17 0 0
18 -1 17 1 1
18 -1 17 0 0
18 -1 17 0 0
18 -1 17 1 1
18 -1 17 0 0
18 -1 17 0 0
18 -1 17 1 1
19 -1 12 0 0
19 -1 12 1 1
19 -1 12 1 1
19 -1 12 1 1
19 -1 12 0 0
19 -1 12 0 0
19 -1 12 1 1
19 -1 12 1 1
19 -1 12 1 1
19 -1 12 0 0
19 -1 12 0 0
19 -1 12 0 0
19 -1 12 0 0
19 -1 12 1 1
19 -1 12 1 1
19 -1 12 0 0
19 -1 12 0 0
19 -1 12 1 1
19 -1 12 1 1
19 -1 12 1 1
19 -1 12 1 1
19 -1 12 0 0
19 -1 12 0 0
19 -1 12 1 1
19 -1 12 0 0
19 -1 12 0 0
19 -1 12 0 0
19 -1 12 0 0
19 -1 12 1 1
19 -1 12 1 1
19 -1 12 0 0
19 -1 12 0 0
19 -1 12 1 1
19 -1 12 1 1
19 -1 12 1 1
19 -1 12 0 0
20 -1 6 0 0
20 -1 6 1 1
20 -1 6 0 0
20 -1 6 0 0
20 -1 6 1 1
20 -1 6 0 0
20 -1 6 0 0
20 -1 6 1 1
20 -1 6 1 1
20 -1 6 1 1
20 -1 6 0 0
20 -1 6 0 0
20 -1 6 1 1
20 -1 6 1 1
20 -1 6 1 1
20 -1 6 1 1
20 -1 6 1 1
20 -1 6 1 1
20 -1 6 0 1
20 -1 6 1 1
20 -1 6 1 0
20 -1 6 1 1
20 -1 6 1 0
20 -1 6 0 0
20 -1 6 0 0
20 -1 6 0 1
20 -1 6 1 1
20 -1 6 0 0
20 -1 6 1 1
20 -1 6 0 0
20 -1 6 1 1
20 -1 6 0 0
20 -1 6 0 0
20 -1 6 0 0
20 -1 6 0 0
20 -1 6 0 1
21 -1 3 1 1
21 -1 3 1 1
21 -1 3 1 1
21 -1 3 1 1
21 -1 3 0 0
21 -1 3 1 0
21 -1 3 1 0
21 -1 3 1 1
21 -1 3 1 1
21 -1 3 0 0
21 -1 3 1 1
21 -1 3 0 0
21 -1 3 1 1
21 -1 3 0 1
21 -1 3 0 0
21 -1 3 1 1
21 -1 3 0 0
21 -1 3 1 1
21 -1 3 1 1
21 -1 3 1 0
21 -1 3 0 1
21 -1 3 0 1
21 -1 3 1 1
21 -1 3 0 0
21 -1 3 0 0
21 -1 3 1 0
21 -1 3 0 1
21 -1 3 0 1
21 -1 3 0 1
21 -1 3 1 0
21 -1 3 0 1
21 -1 3 0 1
21 -1 3 1 0
21 -1 3 0 0
21 -1 3 0 0
21 -1 3 0 1
22 -1 2 0 0
22 -1 2 1 1
22 -1 2 1 1
22 -1 2 1 1
22 -1 2 0 0
22 -1 2 1 1
22 -1 2 0 1
22 -1 2 1 1
22 -1 2 1 1
22 -1 2 0 0
22 -1 2 1 0
22 -1 2 0 0
22 -1 2 1 0
22 -1 2 0 1
22 -1 2 1 0
22 -1 2 0 0
22 -1 2 0 1
22 -1 2 0 1
22 -1 2 0 1
22 -1 2 0 1
22 -1 2 1 0
22 -1 2 0 1
22 -1 2 0 0
22 -1 2 1 0
22 -1 2 1 0
22 -1 2 1 1
22 -1 2 0 1
22 -1 2 0 1
22 -1 2 1 0
22 -1 2 1 1
22 -1 2 0 1
22 -1 2 0 0
22 -1 2 1 1
22 -1 2 1 0
22 -1 2 0 0
22 -1 2 1 1
23 0 18 0 0
23 0 18 0 0
23 0 18 0 0
23 0 18 1 1
23 0 18 0 0
23 0 18 0 0
23 0 18 1 1
23 0 18 0 0
23 0 18 0 0
23 0 18 1 1
23 0 18 1 1
23 0 18 0 0
23 0 18 1 1
23 0 18 0 0
23 0 18 1 1
23 0 18 1 1
23 0 18 0 0
23 0 18 1 1
23 0 18 1 1
23 0 18 1 1
23 0 18 1 1
23 0 18 1 1
23 0 18 1 1
23 0 18 0 0
23 0 18 1 1
23 0 18 1 1
23 0 18 0 0
23 0 18 1 1
23 0 18 0 0
23 0 18 0 0
23 0 18 0 0
23 0 18 0 0
23 0 18 1 1
23 0 18 0 0
23 0 18 1 1
23 0 18 0 0
24 0 13 1 1
24 0 13 1 1
24 0 13 0 0
24 0 13 0 0
24 0 13 0 0
24 0 13 0 0
24 0 13 1 1
24 0 13 0 0
24 0 13 0 0
24 0 13 0 0
24 0 13 1 1
24 0 13 0 1
24 0 13 0 0
24 0 13 1 1
24 0 13 1 1
24 0 13 0 0
24 0 13 1 1
24 0 13 1 1
24 0 13 0 0
24 0 13 0 0
24 0 13 0 0
24 0 13 1 1
24 0 13 1 1
24 0 13 1 1
24 0 13 0 0
24 0 13 0 0
24 0 13 0 0
24 0 13 0 0
24 0 13 1 1
24 0 13 1 1
24 0 13 1 1
24 0 13 1 1
24 0 13 1 1
24 0 13 1 1
24 0 13 1 0
24 0 13 0 0
25 0 6 1 0
25 0 6 1 1
25 0 6 1 0
25 0 6 1 1
25 0 6 1 0
25 0 6 1 0
25 0 6 0 0
25 0 6 0 0
25 0 6 0 0
25 0 6 0 1
25 0 6 0 0
25 0 6 1 0
25 0 6 0 0
25 0 6 1 1
25 0 6 1 0
25 0 6 1 1
25 0 6 1 0
25 0 6 1 0
25 0 6 1 0
25 0 6 1 1
25 0 6 0 0
25 0 6 0 0
25 0 6 1 1
25 0 6 1 1
25 0 6 0 0
25 0 6 0 0
25 0 6 1 0
25 0 6 0 1
25 0 6 0 1
25 0 6 0 1
25 0 6 0 1
25 0 6 0 0
25 0 6 0 0
25 0 6 0 0
25 0 6 0 0
25 0 6 1 1
26 0 3 0 0
26 0 3 1 1
26 0 3 0 1
26 0 3 1 0
26 0 3 0 0
26 0 3 1 0
26 0 3 1 1
26 0 3 0 1
26 0 3 0 0
26 0 3 0 0
26 0 3 1 0
26 0 3 1 1
26 0 3 1 1
26 0 3 0 1
26 0 3 0 0
26 0 3 0 0
26 0 3 0 0
26 0 3 1 0
26 0 3 1 0
26 0 3 1 0
26 0 3 1 1
26 0 3 0 0
26 0 3 0 0
26 0 3 0 0
26 0 3 1 0
26 0 3 1 1
26 0 3 0 1
26 0 3 1 0
26 0 3 0 1
26 0 3 1 1
26 0 3 1 1
26 0 3 1 0
26 0 3 1 1
26 0 3 0 0
26 0 3 0 0
26 0 3 0 1
27 0 2 0 1
27 0 2 1 1
27 0 2 0 1
27 0 2 1 0
27 0 2 1 0
27 0 2 0 1
27 0 2 1 1
27 0 2 1 0
27 0 2 1 0
27 0 2 0 0
27 0 2 0 0
27 0 2 0 1
27 0 2 0 0
27 0 2 1 1
27 0 2 1 1
27 0 2 1 0
27 0 2 1 0
27 0 2 0 0
27 0 2 0 0
27 0 2 0 0
27 0 2 0 1
27 0 2 0 0
27 0 2 0 0
27 0 2 1 0
27 0 2 0 1
27 0 2 0 1
27 0 2 1 1
27 0 2 1 0
27 0 2 0 1
27 0 2 1 0
27 0 2 0 0
27 0 2 1 1
27 0 2 1 1
27 0 2 1 1
27 0 2 0 0
27 0 2 1 0
28 1 35 1 1
28 1 35 1 1
28 1 35 1 1
28 1 35 1 1
28 1 35 1 1
28 1 35 1 1
28 1 35 0 0
28 1 35 0 0
28 1 35 1 1
28 1 35 0 0
28 1 35 1 1
28 1 35 1 1
28 1 35 1 1
28 1 35 0 0
28 1 35 0 0
28 1 35 0 0
28 1 35 0 0
28 1 35 0 0
28 1 35 1 1
28 1 35 1 1
28 1 35 1 1
28 1 35 1 1
28 1 35 0 0
28 1 35 1 1
28 1 35 0 0
28 1 35 0 0
28 1 35 1 1
28 1 35 0 0
28 1 35 0 0
28 1 35 1 1
28 1 35 0 0
28 1 35 1 1
28 1 35 0 0
28 1 35 0 0
28 1 35 0 0
28 1 35 0 0
29 1 26 0 1
29 1 26 1 1
29 1 26 0 0
29 1 26 0 0
29 1 26 0 0
29 1 26 1 1
29 1 26 0 0
29 1 26 0 0
29 1 26 1 1
29 1 26 0 1
29 1 26 1 1
29 1 26 0 0
29 1 26 1 1
29 1 26 0 0
29 1 26 1 1
29 1 26 0 0
29 1 26 0 0
29 1 26 0 0
29 1 26 0 0
29 1 26 1 1
29 1 26 1 1
29 1 26 1 1
29 1 26 0 0
29 1 26 0 0
29 1 26 0 0
29 1 26 1 1
29 1 26 0 0
29 1 26 1 1
29 1 26 1 1
29 1 26 1 1
29 1 26 1 1
29 1 26 1 1
29 1 26 1 1
29 1 26 1 1
29 1 26 0 0
29 1 26 1 0
30 1 20 0 0
30 1 20 1 1
30 1 20 0 0
30 1 20 0 1
30 1 20 1 1
30 1 20 1 1
30 1 20 0 0
30 1 20 0 0
30 1 20 0 0
30 1 20 1 1
30 1 20 1 1
30 1 20 1 1
30 1 20 0 0
30 1 20 1 1
30 1 20 0 1
30 1 20 1 1
30 1 20 0 0
30 1 20 1 1
30 1 20 0 0
30 1 20 1 1
30 1 20 1 1
30 1 20 1 0
30 1 20 0 0
30 1 20 1 1
30 1 20 0 0
30 1 20 0 0
30 1 20 1 1
30 1 20 0 1
30 1 20 0 0
30 1 20 1 1
30 1 20 0 0
30 1 20 1 1
30 1 20 1 1
30 1 20 0 1
30 1 20 0 1
30 1 20 1 1
31 1 14 1 1
31 1 14 0 0
31 1 14 0 0
31 1 14 1 1
31 1 14 0 0
31 1 14 1 1
31 1 14 0 0
31 1 14 0 0
31 1 14 1 1
31 1 14 1 0
31 1 14 1 0
31 1 14 1 0
31 1 14 1 1
31 1 14 1 0
31 1 14 0 0
31 1 14 1 1
31 1 14 1 0
31 1 14 1 1
31 1 14 0 0
31 1 14 1 1
31 1 14 0 0
31 1 14 0 0
31 1 14 0 0
31 1 14 0 1
31 1 14 0 0
31 1 14 1 1
31 1 14 0 0
31 1 14 0 0
31 1 14 0 1
31 1 14 1 0
31 1 14 0 0
31 1 14 0 0
31 1 14 1 1
31 1 14 0 0
31 1 14 1 0
31 1 14 1 1
32 1 7 0 0
32 1 7 1 1
32 1 7 0 0
32 1 7 1 1
32 1 7 0 1
32 1 7 1 0
32 1 7 0 1
32 1 7 0 0
32 1 7 1 1
32 1 7 1 1
32 1 7 0 0
32 1 7 0 1
32 1 7 1 1
32 1 7 1 0
32 1 7 1 0
32 1 7 1 1
32 1 7 1 0
32 1 7 0 0
32 1 7 1 1
32 1 7 1 1
32 1 7 1 1
32 1 7 1 1
32 1 7 0 1
32 1 7 1 0
32 1 7 0 0
32 1 7 0 1
32 1 7 1 1
32 1 7 0 0
32 1 7 0 0
32 1 7 1 1
32 1 7 0 0
32 1 7 1 1
32 1 7 0 0
32 1 7 0 1
32 1 7 0 0
32 1 7 0 0
33 1 2 1 0
33 1 2 1 0
33 1 2 0 0
33 1 2 1 1
33 1 2 0 0
33 1 2 1 0
33 1 2 1 1
33 1 2 1 0
33 1 2 0 0
33 1 2 0 1
33 1 2 1 1
33 1 2 1 1
33 1 2 1 1
33 1 2 0 1
33 1 2 0 0
33 1 2 0 1
33 1 2 1 1
33 1 2 1 0
33 1 2 1 0
33 1 2 0 1
33 1 2 0 0
33 1 2 0 0
33 1 2 0 1
33 1 2 1 0
33 1 2 0 0
33 1 2 1 1
33 1 2 0 1
33 1 2 1 0
33 1 2 1 1
33 1 2 0 1
33 1 2 0 0
33 1 2 1 1
33 1 2 0 1
33 1 2 0 1
33 1 2 0 0
33 1 2 1 1
34 0 22 0 0
34 0 22 0 0
34 0 22 0 0
34 0 22 1 1
34 0 22 0 0
34 0 22 1 1
34 0 22 0 0
34 0 22 1 1
34 0 22 0 0
34 0 22 1 1
34 0 22 1 1
34 0 22 0 0
34 0 22 1 1
34 0 22 0 0
34 0 22 0 0
34 0 22 1 1
34 0 22 1 1
34 0 22 1 1
34 0 22 1 1
34 0 22 1 1
34 0 22 1 1
34 0 22 0 0
34 0 22 1 1
34 0 22 1 1
34 0 22 1 1
34 0 22 0 0
34 0 22 1 1
34 0 22 0 0
34 0 22 0 0
34 0 22 0 0
34 0 22 0 0
34 0 22 1 1
34 0 22 1 1
34 0 22 0 0
34 0 22 0 0
34 0 22 0 0
35 0 16 1 1
35 0 16 1 1
35 0 16 1 0
35 0 16 1 1
35 0 16 0 0
35 0 16 1 1
35 0 16 0 0
35 0 16 0 0
35 0 16 1 1
35 0 16 0 0
35 0 16 0 0
35 0 16 0 0
35 0 16 0 0
35 0 16 1 1
35 0 16 0 0
35 0 16 1 1
35 0 16 0 0
35 0 16 1 1
35 0 16 1 1
35 0 16 1 1
35 0 16 0 0
35 0 16 1 1
35 0 16 1 1
35 0 16 1 1
35 0 16 0 0
35 0 16 0 0
35 0 16 0 0
35 0 16 1 1
35 0 16 0 0
35 0 16 0 0
35 0 16 0 0
35 0 16 0 0
35 0 16 1 1
35 0 16 1 1
35 0 16 0 0
35 0 16 1 1
36 0 11 0 0
36 0 11 0 0
36 0 11 0 0
36 0 11 0 0
36 0 11 1 1
36 0 11 0 0
36 0 11 1 1
36 0 11 1 1
36 0 11 1 1
36 0 11 0 0
36 0 11 0 0
36 0 11 0 0
36 0 11 1 1
36 0 11 1 1
36 0 11 1 1
36 0 11 0 0
36 0 11 1 1
36 0 11 0 0
36 0 11 1 1
36 0 11 1 0
36 0 11 1 0
36 0 11 0 0
36 0 11 1 1
36 0 11 0 0
36 0 11 0 0
36 0 11 0 0
36 0 11 0 0
36 0 11 1 1
36 0 11 1 0
36 0 11 0 0
36 0 11 0 0
36 0 11 1 1
36 0 11 1 1
36 0 11 1 0
36 0 11 0 0
36 0 11 1 1
37 0 8 1 1
37 0 8 0 0
37 0 8 0 0
37 0 8 1 1
37 0 8 0 0
37 0 8 1 1
37 0 8 1 1
37 0 8 0 0
37 0 8 0 0
37 0 8 1 1
37 0 8 1 1
37 0 8 0 0
37 0 8 0 0
37 0 8 1 1
37 0 8 1 1
37 0 8 0 0
37 0 8 1 1
37 0 8 1 0
37 0 8 1 1
37 0 8 0 0
37 0 8 0 0
37 0 8 1 1
37 0 8 0 0
37 0 8 0 0
37 0 8 1 1
37 0 8 1 1
37 0 8 1 1
37 0 8 1 0
37 0 8 0 0
37 0 8 0 0
37 0 8 0 0
37 0 8 1 1
37 0 8 0 0
37 0 8 1 1
37 0 8 0 0
37 0 8 0 0
38 0 4 1 1
38 0 4 1 1
38 0 4 0 0
38 0 4 0 0
38 0 4 0 0
38 0 4 1 1
38 0 4 1 1
38 0 4 1 1
38 0 4 0 0
38 0 4 0 0
38 0 4 0 1
38 0 4 1 1
38 0 4 1 1
38 0 4 0 0
38 0 4 1 0
38 0 4 0 0
38 0 4 1 1
38 0 4 1 0
38 0 4 0 1
38 0 4 1 0
38 0 4 0 1
38 0 4 1 1
38 0 4 0 0
38 0 4 1 0
38 0 4 1 0
38 0 4 0 0
38 0 4 1 1
38 0 4 0 1
38 0 4 1 1
38 0 4 0 0
38 0 4 1 1
38 0 4 0 0
38 0 4 0 1
38 0 4 0 0
38 0 4 1 1
38 0 4 0 1
39 0 2 0 1
39 0 2 1 0
39 0 2 0 0
39 0 2 0 0
39 0 2 0 0
39 0 2 0 0
39 0 2 1 0
39 0 2 1 1
39 0 2 0 0
39 0 2 0 0
39 0 2 1 1
39 0 2 1 1
39 0 2 0 0
39 0 2 1 1
39 0 2 1 1
39 0 2 0 0
39 0 2 0 1
39 0 2 1 0
39 0 2 1 1
39 0 2 1 1
39 0 2 1 1
39 0 2 1 0
39 0 2 1 1
39 0 2 1 1
39 0 2 0 0
39 0 2 0 1
39 0 2 0 1
39 0 2 1 0
39 0 2 0 1
39 0 2 1 0
39 0 2 0 0
39 0 2 0 0
39 0 2 0 1
39 0 2 1 1
39 0 2 1 1
39 0 2 0 0
40 -1 22 1 1
40 -1 22 0 0
40 -1 22 1 1
40 -1 22 1 1
40 -1 22 0 0
40 -1 22 0 0
40 -1 22 1 1
40 -1 22 0 0
40 -1 22 0 0
40 -1 22 0 0
40 -1 22 0 0
40 -1 22 0 0
40 -1 22 0 0
40 -1 22 0 0
40 -1 22 1 1
40 -1 22 1 1
40 -1 22 1 1
40 -1 22 1 1
40 -1 22 0 0
40 -1 22 0 0
40 -1 22 0 0
40 -1 22 1 1
40 -1 22 0 0
40 -1 22 1 1
40 -1 22 0 0
40 -1 22 1 1
40 -1 22 0 0
40 -1 22 1 1
40 -1 22 1 1
40 -1 22 0 0
40 -1 22 1 1
40 -1 22 1 1
40 -1 22 0 0
40 -1 22 1 1
40 -1 22 1 1
40 -1 22 1 1
41 -1 16 1 1
41 -1 16 1 1
41 -1 16 0 0
41 -1 16 1 1
41 -1 16 0 0
41 -1 16 1 1
41 -1 16 0 0
41 -1 16 0 0
41 -1 16 1 1
41 -1 16 0 0
41 -1 16 0 0
41 -1 16 1 1
41 -1 16 1 1
41 -1 16 0 0
41 -1 16 1 1
41 -1 16 1 1
41 -1 16 0 0
41 -1 16 1 1
41 -1 16 0 0
41 -1 16 0 0
41 -1 16 1 1
41 -1 16 0 0
41 -1 16 0 0
41 -1 16 1 1
41 -1 16 0 0
41 -1 16 1 1
41 -1 16 0 0
41 -1 16 0 0
41 -1 16 1 1
41 -1 16 0 0
41 -1 16 1 1
41 -1 16 1 1
41 -1 16 0 0
41 -1 16 1 1
41 -1 16 1 1
41 -1 16 0 0
42 -1 11 0 0
42 -1 11 1 1
42 -1 11 1 1
42 -1 11 0 0
42 -1 11 1 1
42 -1 11 0 0
42 -1 11 0 0
42 -1 11 1 1
42 -1 11 1 1
42 -1 11 1 1
42 -1 11 0 0
42 -1 11 0 0
42 -1 11 0 0
42 -1 11 0 0
42 -1 11 0 0
42 -1 11 1 1
42 -1 11 1 1
42 -1 11 1 1
42 -1 11 0 0
42 -1 11 1 1
42 -1 11 0 0
42 -1 11 0 0
42 -1 11 0 0
42 -1 11 1 1
42 -1 11 1 1
42 -1 11 0 0
42 -1 11 1 1
42 -1 11 0 0
42 -1 11 0 0
42 -1 11 1 1
42 -1 11 1 1
42 -1 11 1 1
42 -1 11 0 0
42 -1 11 1 1
42 -1 11 1 1
42 -1 11 0 0
43 -1 8 1 1
43 -1 8 1 1
43 -1 8 1 1
43 -1 8 1 1
43 -1 8 1 1
43 -1 8 0 0
43 -1 8 0 0
43 -1 8 0 0
43 -1 8 1 1
43 -1 8 1 1
43 -1 8 0 0
43 -1 8 1 1
43 -1 8 0 0
43 -1 8 1 1
43 -1 8 1 1
43 -1 8 0 0
43 -1 8 0 1
43 -1 8 0 0
43 -1 8 0 0
43 -1 8 1 1
43 -1 8 0 0
43 -1 8 1 1
43 -1 8 0 0
43 -1 8 0 0
43 -1 8 0 0
43 -1 8 0 0
43 -1 8 1 1
43 -1 8 1 1
43 -1 8 1 1
43 -1 8 0 0
43 -1 8 0 0
43 -1 8 1 1
43 -1 8 1 1
43 -1 8 1 1
43 -1 8 0 0
43 -1 8 0 0
44 -1 4 0 0
44 -1 4 0 0
44 -1 4 1 1
44 -1 4 0 0
44 -1 4 1 0
44 -1 4 1 1
44 -1 4 1 1
44 -1 4 1 1
44 -1 4 0 0
44 -1 4 0 0
44 -1 4 1 1
44 -1 4 0 0
44 -1 4 1 1
44 -1 4 0 0
44 -1 4 1 1
44 -1 4 0 1
44 -1 4 0 1
44 -1 4 0 1
44 -1 4 0 0
44 -1 4 1 1
44 -1 4 1 1
44 -1 4 1 0
44 -1 4 0 0
44 -1 4 0 1
44 -1 4 1 0
44 -1 4 1 1
44 -1 4 1 0
44 -1 4 0 0
44 -1 4 1 1
44 -1 4 1 1
44 -1 4 0 0
44 -1 4 0 0
44 -1 4 1 1
44 -1 4 0 0
44 -1 4 0 1
44 -1 4 1 1
45 -1 2 0 1
45 -1 2 1 1
45 -1 2 0 1
45 -1 2 0 0
45 -1 2 1 0
45 -1 2 0 1
45 -1 2 1 0
45 -1 2 0 0
45 -1 2 0 0
45 -1 2 0 1
45 -1 2 1 1
45 -1 2 1 0
45 -1 2 1 1
45 -1 2 1 0
45 -1 2 1 1
45 -1 2 0 1
45 -1 2 1 1
45 -1 2 0 1
45 -1 2 0 1
45 -1 2 0 0
45 -1 2 0 0
45 -1 2 0 1
45 -1 2 1 1
45 -1 2 1 1
45 -1 2 1 0
45 -1 2 1 0
45 -1 2 0 1
45 -1 2 0 1
45 -1 2 1 1
45 -1 2 1 0
45 -1 2 1 0
45 -1 2 0 0
45 -1 2 0 0
45 -1 2 0 0
45 -1 2 1 1
45 -1 2 1 1
46 1 35 0 0
46 1 35 0 0
46 1 35 1 1
46 1 35 1 1
46 1 35 1 1
46 1 35 1 1
46 1 35 1 1
46 1 35 1 1
46 1 35 0 0
46 1 35 0 0
46 1 35 0 0
46 1 35 1 1
46 1 35 0 0
46 1 35 0 0
46 1 35 0 0
46 1 35 1 1
46 1 35 1 1
46 1 35 1 1
46 1 35 0 0
46 1 35 1 1
46 1 35 0 0
46 1 35 0 0
46 1 35 0 0
46 1 35 1 1
46 1 35 0 0
46 1 35 0 0
46 1 35 1 1
46 1 35 1 1
46 1 35 0 0
46 1 35 0 0
46 1 35 1 1
46 1 35 0 0
46 1 35 1 1
46 1 35 0 0
46 1 35 1 1
46 1 35 1 0
47 1 24 1 1
47 1 24 1 1
47 1 24 1 1
47 1 24 1 1
47 1 24 1 1
47 1 24 1 1
47 1 24 0 1
47 1 24 0 0
47 1 24 1 1
47 1 24 0 0
47 1 24 1 1
47 1 24 0 0
47 1 24 0 0
47 1 24 1 1
47 1 24 0 0
47 1 24 0 0
47 1 24 0 0
47 1 24 1 1
47 1 24 1 1
47 1 24 0 0
47 1 24 0 0
47 1 24 1 1
47 1 24 0 0
47 1 24 0 0
47 1 24 0 0
47 1 24 1 1
47 1 24 1 1
47 1 24 0 0
47 1 24 1 1
47 1 24 1 1
47 1 24 0 0
47 1 24 0 0
47 1 24 1 1
47 1 24 1 1
47 1 24 0 0
47 1 24 0 0
48 1 18 0 0
48 1 18 1 1
48 1 18 1 1
48 1 18 0 0
48 1 18 1 1
48 1 18 0 0
48 1 18 1 1
48 1 18 0 0
48 1 18 0 0
48 1 18 1 1
48 1 18 1 1
48 1 18 1 1
48 1 18 0 0
48 1 18 1 1
48 1 18 1 0
48 1 18 1 1
48 1 18 1 1
48 1 18 1 1
48 1 18 0 0
48 1 18 0 0
48 1 18 0 0
48 1 18 0 0
48 1 18 1 1
48 1 18 0 1
48 1 18 0 0
48 1 18 0 0
48 1 18 1 1
48 1 18 1 1
48 1 18 0 0
48 1 18 1 1
48 1 18 1 1
48 1 18 0 0
48 1 18 1 1
48 1 18 0 0
48 1 18 0 0
48 1 18 0 0
49 1 12 1 1
49 1 12 1 1
49 1 12 0 0
49 1 12 1 1
49 1 12 1 1
49 1 12 1 1
49 1 12 0 0
49 1 12 0 0
49 1 12 0 0
49 1 12 0 1
49 1 12 1 1
49 1 12 1 1
49 1 12 0 0
49 1 12 1 1
49 1 12 1 1
49 1 12 0 0
49 1 12 1 0
49 1 12 1 1
49 1 12 0 0
49 1 12 0 0
49 1 12 1 1
49 1 12 0 1
49 1 12 1 1
49 1 12 0 0
49 1 12 0 1
49 1 12 0 0
49 1 12 0 0
49 1 12 1 1
49 1 12 1 1
49 1 12 0 0
49 1 12 0 0
49 1 12 0 0
49 1 12 1 1
49 1 12 0 0
49 1 12 1 1
49 1 12 1 1
50 1 8 0 0
50 1 8 1 1
50 1 8 0 0
50 1 8 0 0
50 1 8 1 1
50 1 8 0 1
50 1 8 0 0
50 1 8 1 0
50 1 8 1 1
50 1 8 1 0
50 1 8 0 0
50 1 8 0 1
50 1 8 0 0
50 1 8 1 0
50 1 8 0 0
50 1 8 0 0
50 1 8 1 1
50 1 8 1 0
50 1 8 1 1
50 1 8 0 1
50 1 8 1 1
50 1 8 0 0
50 1 8 1 1
50 1 8 0 0
50 1 8 0 1
50 1 8 1 1
50 1 8 0 0
50 1 8 0 0
50 1 8 1 1
50 1 8 1 1
50 1 8 0 0
50 1 8 1 1
50 1 8 1 1
50 1 8 0 0
50 1 8 1 1
50 1 8 1 1
51 1 4 1 0
51 1 4 1 1
51 1 4 0 0
51 1 4 0 1
51 1 4 0 1
51 1 4 0 0
51 1 4 1 0
51 1 4 1 1
51 1 4 1 1
51 1 4 0 1
51 1 4 1 1
51 1 4 0 0
51 1 4 1 0
51 1 4 0 0
51 1 4 1 1
51 1 4 1 1
51 1 4 1 1
51 1 4 0 0
51 1 4 0 1
51 1 4 0 1
51 1 4 1 1
51 1 4 1 1
51 1 4 1 0
51 1 4 0 0
51 1 4 1 1
51 1 4 0 1
51 1 4 1 0
51 1 4 0 1
51 1 4 1 0
51 1 4 0 1
51 1 4 0 1
51 1 4 1 0
51 1 4 0 0
51 1 4 0 1
51 1 4 0 1
51 1 4 1 1
52 1 35 0 0
52 1 35 0 0
52 1 35 0 0
52 1 35 1 1
52 1 35 0 0
52 1 35 1 1
52 1 35 0 0
52 1 35 1 1
52 1 35 0 0
52 1 35 1 1
52 1 35 1 1
52 1 35 0 0
52 1 35 1 1
52 1 35 0 0
52 1 35 0 0
52 1 35 1 1
52 1 35 1 1
52 1 35 1 1
52 1 35 1 1
52 1 35 1 1
52 1 35 1 1
52 1 35 0 0
52 1 35 1 1
52 1 35 1 1
52 1 35 1 1
52 1 35 0 0
52 1 35 1 1
52 1 35 0 0
52 1 35 0 0
52 1 35 0 0
52 1 35 0 0
52 1 35 1 1
52 1 35 1 1
52 1 35 0 0
52 1 35 0 0
52 1 35 0 0
53 1 25 1 1
53 1 25 1 1
53 1 25 1 1
53 1 25 1 1
53 1 25 0 0
53 1 25 1 1
53 1 25 0 0
53 1 25 0 0
53 1 25 1 1
53 1 25 0 0
53 1 25 0 0
53 1 25 0 1
53 1 25 0 0
53 1 25 1 1
53 1 25 0 0
53 1 25 1 1
53 1 25 0 0
53 1 25 1 1
53 1 25 1 1
53 1 25 1 1
53 1 25 0 0
53 1 25 1 1
53 1 25 1 1
53 1 25 1 1
53 1 25 0 0
53 1 25 0 0
53 1 25 0 0
53 1 25 1 1
53 1 25 0 0
53 1 25 0 0
53 1 25 0 0
53 1 25 0 0
53 1 25 1 1
53 1 25 1 1
53 1 25 0 0
53 1 25 1 1
54 1 19 0 0
54 1 19 0 0
54 1 19 0 0
54 1 19 0 0
54 1 19 1 1
54 1 19 0 0
54 1 19 1 1
54 1 19 1 1
54 1 19 1 1
54 1 19 0 0
54 1 19 0 0
54 1 19 0 1
54 1 19 1 1
54 1 19 1 0
54 1 19 1 1
54 1 19 0 0
54 1 19 1 1
54 1 19 0 0
54 1 19 1 1
54 1 19 1 1
54 1 19 1 1
54 1 19 0 0
54 1 19 1 1
54 1 19 0 0
54 1 19 0 0
54 1 19 0 1
54 1 19 0 0
54 1 19 1 1
54 1 19 1 1
54 1 19 0 1
54 1 19 0 0
54 1 19 1 1
54 1 19 1 1
54 1 19 1 1
54 1 19 0 0
54 1 19 1 1
55 1 12 1 1
55 1 12 0 1
55 1 12 0 1
55 1 12 1 1
55 1 12 0 1
55 1 12 1 1
55 1 12 1 1
55 1 12 0 0
55 1 12 0 0
55 1 12 1 1
55 1 12 1 0
55 1 12 0 0
55 1 12 0 0
55 1 12 1 1
55 1 12 1 0
55 1 12 0 0
55 1 12 1 0
55 1 12 1 1
55 1 12 1 1
55 1 12 0 1
55 1 12 0 0
55 1 12 1 1
55 1 12 0 0
55 1 12 0 0
55 1 12 1 1
55 1 12 1 1
55 1 12 1 1
55 1 12 1 1
55 1 12 0 0
55 1 12 0 0
55 1 12 0 1
55 1 12 1 1
55 1 12 0 0
55 1 12 1 0
55 1 12 0 0
55 1 12 0 0
56 1 6 1 1
56 1 6 1 1
56 1 6 0 1
56 1 6 0 0
56 1 6 0 0
56 1 6 1 1
56 1 6 1 1
56 1 6 1 1
56 1 6 0 0
56 1 6 0 1
56 1 6 0 1
56 1 6 1 1
56 1 6 1 0
56 1 6 0 0
56 1 6 1 1
56 1 6 0 1
56 1 6 1 1
56 1 6 1 0
56 1 6 0 0
56 1 6 1 1
56 1 6 0 1
56 1 6 1 1
56 1 6 0 1
56 1 6 1 0
56 1 6 1 1
56 1 6 0 1
56 1 6 1 0
56 1 6 0 0
56 1 6 1 1
56 1 6 0 0
56 1 6 1 1
56 1 6 0 0
56 1 6 0 1
56 1 6 0 1
56 1 6 1 1
56 1 6 0 1
57 1 3 0 1
57 1 3 1 1
57 1 3 0 0
57 1 3 0 1
57 1 3 0 1
57 1 3 0 1
57 1 3 1 1
57 1 3 1 1
57 1 3 0 1
57 1 3 0 0
57 1 3 1 1
57 1 3 1 1
57 1 3 0 0
57 1 3 1 0
57 1 3 1 0
57 1 3 0 1
57 1 3 0 0
57 1 3 1 0
57 1 3 1 0
57 1 3 1 0
57 1 3 1 1
57 1 3 1 1
57 1 3 1 1
57 1 3 1 1
57 1 3 0 0
57 1 3 0 1
57 1 3 0 0
57 1 3 1 1
57 1 3 0 1
57 1 3 1 1
57 1 3 0 0
57 1 3 0 1
57 1 3 0 0
57 1 3 1 1
57 1 3 1 1
57 1 3 0 0
58 -1 20 1 1
58 -1 20 0 0
58 -1 20 1 1
58 -1 20 1 1
58 -1 20 0 0
58 -1 20 0 0
58 -1 20 1 1
58 -1 20 0 0
58 -1 20 0 0
58 -1 20 0 0
58 -1 20 0 0
58 -1 20 0 0
58 -1 20 0 0
58 -1 20 0 0
58 -1 20 1 1
58 -1 20 1 1
58 -1 20 1 1
58 -1 20 1 1
58 -1 20 0 0
58 -1 20 0 0
58 -1 20 0 0
58 -1 20 1 1
58 -1 20 0 0
58 -1 20 1 1
58 -1 20 0 0
58 -1 20 1 1
58 -1 20 0 0
58 -1 20 1 1
58 -1 20 1 1
58 -1 20 0 0
58 -1 20 1 1
58 -1 20 1 1
58 -1 20 0 0
58 -1 20 1 0
58 -1 20 1 1
58 -1 20 1 1
59 -1 16 1 1
59 -1 16 1 1
59 -1 16 0 0
59 -1 16 1 1
59 -1 16 0 0
59 -1 16 1 1
59 -1 16 0 0
59 -1 16 0 0
59 -1 16 1 1
59 -1 16 0 0
59 -1 16 0 0
59 -1 16 1 1
59 -1 16 1 1
59 -1 16 0 0
59 -1 16 1 1
59 -1 16 1 0
59 -1 16 0 0
59 -1 16 1 1
59 -1 16 0 0
59 -1 16 0 0
59 -1 16 1 1
59 -1 16 0 0
59 -1 16 0 0
59 -1 16 1 1
59 -1 16 0 0
59 -1 16 1 1
59 -1 16 0 0
59 -1 16 0 0
59 -1 16 1 1
59 -1 16 0 0
59 -1 16 1 1
59 -1 16 1 1
59 -1 16 0 0
59 -1 16 1 1
59 -1 16 1 1
59 -1 16 0 0
60 -1 10 0 0
60 -1 10 1 1
60 -1 10 1 1
60 -1 10 0 0
60 -1 10 1 1
60 -1 10 0 0
60 -1 10 0 0
60 -1 10 1 1
60 -1 10 1 1
60 -1 10 1 1
60 -1 10 0 0
60 -1 10 0 0
60 -1 10 0 1
60 -1 10 0 0
60 -1 10 0 1
60 -1 10 1 1
60 -1 10 1 1
60 -1 10 1 1
60 -1 10 0 0
60 -1 10 1 1
60 -1 10 0 0
60 -1 10 0 0
60 -1 10 0 0
60 -1 10 1 1
60 -1 10 1 1
60 -1 10 0 0
60 -1 10 1 1
60 -1 10 0 1
60 -1 10 0 0
60 -1 10 1 1
60 -1 10 1 1
60 -1 10 1 1
60 -1 10 0 1
60 -1 10 1 1
60 -1 10 1 1
60 -1 10 0 0
61 -1 7 1 1
61 -1 7 1 1
61 -1 7 1 1
61 -1 7 1 1
61 -1 7 1 1
61 -1 7 0 0
61 -1 7 0 0
61 -1 7 0 0
61 -1 7 1 1
61 -1 7 1 1
61 -1 7 0 0
61 -1 7 1 1
61 -1 7 0 0
61 -1 7 1 1
61 -1 7 1 0
61 -1 7 0 1
61 -1 7 0 0
61 -1 7 0 1
61 -1 7 0 0
61 -1 7 1 1
61 -1 7 0 0
61 -1 7 1 1
61 -1 7 0 0
61 -1 7 0 0
61 -1 7 0 0
61 -1 7 0 1
61 -1 7 1 1
61 -1 7 1 1
61 -1 7 1 1
61 -1 7 0 0
61 -1 7 0 0
61 -1 7 1 1
61 -1 7 1 1
61 -1 7 1 1
61 -1 7 0 0
61 -1 7 0 0
62 -1 4 0 0
62 -1 4 0 0
62 -1 4 1 1
62 -1 4 0 0
62 -1 4 1 1
62 -1 4 1 1
62 -1 4 1 1
62 -1 4 1 1
62 -1 4 0 0
62 -1 4 0 0
62 -1 4 1 1
62 -1 4 0 1
62 -1 4 1 1
62 -1 4 0 0
62 -1 4 1 1
62 -1 4 0 0
62 -1 4 0 0
62 -1 4 0 1
62 -1 4 0 0
62 -1 4 1 1
62 -1 4 1 1
62 -1 4 1 1
62 -1 4 0 0
62 -1 4 0 0
62 -1 4 1 1
62 -1 4 1 1
62 -1 4 1 1
62 -1 4 0 1
62 -1 4 1 1
62 -1 4 1 1
62 -1 4 0 1
62 -1 4 0 0
62 -1 4 1 0
62 -1 4 0 1
62 -1 4 0 1
62 -1 4 1 1
63 -1 1 0 1
63 -1 1 1 1
63 -1 1 0 0
63 -1 1 0 1
63 -1 1 1 0
63 -1 1 0 0
63 -1 1 1 1
63 -1 1 0 0
63 -1 1 0 1
63 -1 1 0 1
63 -1 1 1 1
63 -1 1 1 0
63 -1 1 1 0
63 -1 1 1 1
63 -1 1 1 1
63 -1 1 0 0
63 -1 1 1 1
63 -1 1 0 1
63 -1 1 0 1
63 -1 1 0 1
63 -1 1 0 0
63 -1 1 0 1
63 -1 1 1 1
63 -1 1 1 1
63 -1 1 1 0
63 -1 1 1 1
63 -1 1 0 0
63 -1 1 0 1
63 -1 1 1 0
63 -1 1 1 0
63 -1 1 1 1
63 -1 1 0 0
63 -1 1 0 1
63 -1 1 0 0
63 -1 1 1 1
63 -1 1 1 0
64 0 25 0 0
64 0 25 0 0
64 0 25 1 1
64 0 25 1 1
64 0 25 1 1
64 0 25 1 1
64 0 25 1 1
64 0 25 1 1
64 0 25 0 0
64 0 25 0 0
64 0 25 0 0
64 0 25 1 1
64 0 25 0 0
64 0 25 0 0
64 0 25 0 0
64 0 25 1 1
64 0 25 1 1
64 0 25 1 1
64 0 25 0 0
64 0 25 1 1
64 0 25 0 0
64 0 25 0 0
64 0 25 0 0
64 0 25 1 1
64 0 25 0 0
64 0 25 0 0
64 0 25 1 1
64 0 25 1 1
64 0 25 0 0
64 0 25 0 0
64 0 25 1 1
64 0 25 0 0
64 0 25 1 1
64 0 25 0 0
64 0 25 1 1
64 0 25 1 1
65 0 17 1 1
65 0 17 1 1
65 0 17 1 1
65 0 17 1 0
65 0 17 1 1
65 0 17 1 1
65 0 17 0 0
65 0 17 0 0
65 0 17 1 1
65 0 17 0 0
65 0 17 1 1
65 0 17 0 0
65 0 17 0 0
65 0 17 1 1
65 0 17 0 0
65 0 17 0 0
65 0 17 0 0
65 0 17 1 1
65 0 17 1 1
65 0 17 0 0
65 0 17 0 0
65 0 17 1 1
65 0 17 0 0
65 0 17 0 0
65 0 17 0 0
65 0 17 1 1
65 0 17 1 1
65 0 17 0 0
65 0 17 1 1
65 0 17 1 1
65 0 17 0 0
65 0 17 0 0
65 0 17 1 1
65 0 17 1 1
65 0 17 0 0
65 0 17 0 0
66 0 12 0 0
66 0 12 1 1
66 0 12 1 0
66 0 12 0 0
66 0 12 1 1
66 0 12 0 0
66 0 12 1 1
66 0 12 0 0
66 0 12 0 0
66 0 12 1 1
66 0 12 1 1
66 0 12 1 1
66 0 12 0 0
66 0 12 1 1
66 0 12 1 1
66 0 12 1 1
66 0 12 1 1
66 0 12 1 0
66 0 12 0 0
66 0 12 0 0
66 0 12 0 0
66 0 12 0 0
66 0 12 1 1
66 0 12 0 0
66 0 12 0 0
66 0 12 0 0
66 0 12 1 1
66 0 12 1 0
66 0 12 0 0
66 0 12 1 1
66 0 12 1 0
66 0 12 0 0
66 0 12 1 1
66 0 12 0 1
66 0 12 0 0
66 0 12 0 0
67 0 7 1 0
67 0 7 1 0
67 0 7 0 0
67 0 7 1 1
67 0 7 1 0
67 0 7 1 1
67 0 7 0 0
67 0 7 0 0
67 0 7 0 1
67 0 7 0 0
67 0 7 1 0
67 0 7 1 1
67 0 7 0 0
67 0 7 1 0
67 0 7 1 1
67 0 7 0 0
67 0 7 1 1
67 0 7 1 1
67 0 7 0 0
67 0 7 0 0
67 0 7 1 0
67 0 7 0 0
67 0 7 1 1
67 0 7 0 0
67 0 7 0 0
67 0 7 0 1
67 0 7 0 0
67 0 7 1 1
67 0 7 1 1
67 0 7 0 0
67 0 7 0 0
67 0 7 0 1
67 0 7 1 1
67 0 7 0 0
67 0 7 1 0
67 0 7 1 1
68 0 4 0 1
68 0 4 1 1
68 0 4 0 0
68 0 4 0 0
68 0 4 1 1
68 0 4 0 0
68 0 4 0 1
68 0 4 1 0
68 0 4 1 0
68 0 4 1 0
68 0 4 0 1
68 0 4 0 1
68 0 4 0 0
68 0 4 1 0
68 0 4 0 0
68 0 4 0 0
68 0 4 1 0
68 0 4 1 0
68 0 4 1 1
68 0 4 0 0
68 0 4 1 1
68 0 4 0 0
68 0 4 1 0
68 0 4 0 1
68 0 4 0 1
68 0 4 1 1
68 0 4 0 0
68 0 4 0 0
68 0 4 1 1
68 0 4 1 1
68 0 4 0 0
68 0 4 1 1
68 0 4 1 1
68 0 4 0 1
68 0 4 1 0
68 0 4 1 0
69 0 1 1 1
69 0 1 1 1
69 0 1 0 1
69 0 1 0 0
69 0 1 0 0
69 0 1 0 0
69 0 1 1 0
69 0 1 1 1
69 0 1 1 1
69 0 1 0 0
69 0 1 1 0
69 0 1 0 1
69 0 1 1 0
69 0 1 0 1
69 0 1 1 0
69 0 1 1 0
69 0 1 1 0
69 0 1 0 1
69 0 1 0 0
69 0 1 0 0
69 0 1 1 0
69 0 1 1 1
69 0 1 1 0
69 0 1 0 1
69 0 1 1 1
69 0 1 0 1
69 0 1 1 0
69 0 1 0 0
69 0 1 1 0
69 0 1 0 1
69 0 1 0 0
69 0 1 1 0
69 0 1 0 1
69 0 1 0 1
69 0 1 0 0
69 0 1 1 0
70 0 25 0 0
70 0 25 1 1
70 0 25 1 1
70 0 25 0 0
70 0 25 0 0
70 0 25 1 1
70 0 25 1 1
70 0 25 0 0
70 0 25 1 1
70 0 25 1 1
70 0 25 0 0
70 0 25 1 1
70 0 25 1 1
70 0 25 0 0
70 0 25 1 1
70 0 25 1 1
70 0 25 0 0
70 0 25 1 1
70 0 25 0 0
70 0 25 0 0
70 0 25 1 1
70 0 25 1 1
70 0 25 0 0
70 0 25 0 0
70 0 25 0 0
70 0 25 0 0
70 0 25 0 0
70 0 25 0 0
70 0 25 1 1
70 0 25 1 1
70 0 25 1 1
70 0 25 0 0
70 0 25 0 0
70 0 25 1 1
70 0 25 0 0
70 0 25 1 1
71 0 18 0 0
71 0 18 1 1
71 0 18 0 0
71 0 18 0 0
71 0 18 1 1
71 0 18 0 0
71 0 18 1 1
71 0 18 1 1
71 0 18 1 1
71 0 18 0 0
71 0 18 1 1
71 0 18 1 1
71 0 18 0 0
71 0 18 0 0
71 0 18 1 1
71 0 18 1 1
71 0 18 0 0
71 0 18 1 1
71 0 18 1 1
71 0 18 1 1
71 0 18 0 0
71 0 18 1 1
71 0 18 0 0
71 0 18 1 1
71 0 18 0 0
71 0 18 1 1
71 0 18 0 0
71 0 18 0 0
71 0 18 0 0
71 0 18 1 1
71 0 18 0 0
71 0 18 0 0
71 0 18 1 1
71 0 18 0 0
71 0 18 0 0
71 0 18 1 1
72 0 12 0 0
72 0 12 1 1
72 0 12 1 1
72 0 12 1 0
72 0 12 0 0
72 0 12 0 0
72 0 12 1 1
72 0 12 1 1
72 0 12 1 0
72 0 12 0 0
72 0 12 0 0
72 0 12 0 0
72 0 12 0 0
72 0 12 1 1
72 0 12 1 0
72 0 12 0 0
72 0 12 0 0
72 0 12 1 1
72 0 12 1 0
72 0 12 1 0
72 0 12 1 0
72 0 12 0 0
72 0 12 0 1
72 0 12 1 1
72 0 12 0 0
72 0 12 0 0
72 0 12 0 0
72 0 12 0 0
72 0 12 1 1
72 0 12 1 1
72 0 12 0 0
72 0 12 0 0
72 0 12 1 0
72 0 12 1 0
72 0 12 1 1
72 0 12 0 0
73 0 6 0 0
73 0 6 1 0
73 0 6 0 1
73 0 6 0 0
73 0 6 1 0
73 0 6 0 1
73 0 6 0 0
73 0 6 1 1
73 0 6 1 0
73 0 6 1 0
73 0 6 0 0
73 0 6 0 1
73 0 6 1 0
73 0 6 1 0
73 0 6 1 1
73 0 6 1 1
73 0 6 1 1
73 0 6 1 0
73 0 6 0 0
73 0 6 1 0
73 0 6 1 1
73 0 6 1 1
73 0 6 1 0
73 0 6 0 1
73 0 6 0 0
73 0 6 0 1
73 0 6 1 0
73 0 6 0 0
73 0 6 1 1
73 0 6 0 0
73 0 6 1 0
73 0 6 0 0
73 0 6 0 0
73 0 6 0 1
73 0 6 0 0
73 0 6 0 0
74 0 3 1 0
74 0 3 1 1
74 0 3 1 0
74 0 3 1 0
74 0 3 0 0
74 0 3 1 1
74 0 3 1 1
74 0 3 1 1
74 0 3 1 1
74 0 3 0 0
74 0 3 1 0
74 0 3 0 0
74 0 3 1 1
74 0 3 0 0
74 0 3 0 1
74 0 3 1 1
74 0 3 0 1
74 0 3 1 0
74 0 3 1 1
74 0 3 1 1
74 0 3 0 0
74 0 3 0 0
74 0 3 1 1
74 0 3 0 0
74 0 3 0 0
74 0 3 1 0
74 0 3 0 1
74 0 3 0 1
74 0 3 0 0
74 0 3 1 1
74 0 3 0 1
74 0 3 0 1
74 0 3 1 0
74 0 3 0 1
74 0 3 0 0
74 0 3 0 0
75 0 1 0 0
75 0 1 1 0
75 0 1 1 0
75 0 1 1 1
75 0 1 0 0
75 0 1 1 1
75 0 1 0 0
75 0 1 1 0
75 0 1 1 0
75 0 1 0 1
75 0 1 1 0
75 0 1 0 0
75 0 1 1 1
75 0 1 0 1
75 0 1 1 0
75 0 1 0 0
75 0 1 0 0
75 0 1 0 1
75 0 1 0 0
75 0 1 0 1
75 0 1 1 0
75 0 1 0 0
75 0 1 0 0
75 0 1 1 1
75 0 1 1 1
75 0 1 1 1
75 0 1 0 1
75 0 1 0 0
75 0 1 1 1
75 0 1 1 0
75 0 1 0 0
75 0 1 0 1
75 0 1 1 0
75 0 1 1 0
75 0 1 0 1
75 0 1 1 1
76 1 30 0 1
76 1 30 1 1
76 1 30 1 1
76 1 30 0 0
76 1 30 1 1
76 1 30 0 0
76 1 30 0 0
76 1 30 0 0
76 1 30 1 1
76 1 30 0 0
76 1 30 1 1
76 1 30 0 1
76 1 30 0 0
76 1 30 0 0
76 1 30 1 1
76 1 30 1 1
76 1 30 0 0
76 1 30 1 1
76 1 30 1 1
76 1 30 1 1
76 1 30 1 1
76 1 30 1 1
76 1 30 1 1
76 1 30 1 1
76 1 30 1 1
76 1 30 1 1
76 1 30 1 0
76 1 30 0 0
76 1 30 0 0
76 1 30 0 0
76 1 30 1 1
76 1 30 0 0
76 1 30 0 0
76 1 30 0 0
76 1 30 0 0
76 1 30 0 0
77 1 22 0 0
77 1 22 0 0
77 1 22 0 0
77 1 22 1 1
77 1 22 0 0
77 1 22 0 0
77 1 22 1 1
77 1 22 0 0
77 1 22 0 0
77 1 22 1 1
77 1 22 1 1
77 1 22 0 0
77 1 22 1 1
77 1 22 0 0
77 1 22 1 1
77 1 22 1 1
77 1 22 0 0
77 1 22 1 1
77 1 22 1 1
77 1 22 1 1
77 1 22 1 1
77 1 22 1 1
77 1 22 1 1
77 1 22 0 0
77 1 22 1 1
77 1 22 1 0
77 1 22 0 0
77 1 22 1 1
77 1 22 0 1
77 1 22 0 0
77 1 22 0 0
77 1 22 0 0
77 1 22 1 1
77 1 22 0 0
77 1 22 1 1
77 1 22 0 0
78 1 17 1 1
78 1 17 1 0
78 1 17 0 0
78 1 17 0 0
78 1 17 0 0
78 1 17 0 0
78 1 17 1 1
78 1 17 0 0
78 1 17 0 0
78 1 17 0 0
78 1 17 1 1
78 1 17 0 0
78 1 17 0 0
78 1 17 1 0
78 1 17 1 1
78 1 17 0 0
78 1 17 1 1
78 1 17 1 1
78 1 17 0 1
78 1 17 0 1
78 1 17 0 0
78 1 17 1 1
78 1 17 1 1
78 1 17 1 1
78 1 17 0 0
78 1 17 0 0
78 1 17 0 0
78 1 17 0 0
78 1 17 1 0
78 1 17 1 0
78 1 17 1 1
78 1 17 1 1
78 1 17 1 0
78 1 17 1 0
78 1 17 1 0
78 1 17 0 1
79 1 9 1 0
79 1 9 1 1
79 1 9 1 1
79 1 9 1 1
79 1 9 1 0
79 1 9 1 1
79 1 9 0 0
79 1 9 0 0
79 1 9 0 1
79 1 9 0 1
79 1 9 0 0
79 1 9 1 1
79 1 9 0 0
79 1 9 1 1
79 1 9 1 1
79 1 9 1 1
79 1 9 1 1
79 1 9 1 0
79 1 9 1 0
79 1 9 1 0
79 1 9 0 1
79 1 9 0 1
79 1 9 1 0
79 1 9 1 0
79 1 9 0 0
79 1 9 0 0
79 1 9 1 1
79 1 9 0 0
79 1 9 0 0
79 1 9 0 0
79 1 9 0 0
79 1 9 0 1
79 1 9 0 0
79 1 9 0 0
79 1 9 0 0
79 1 9 1 1
80 1 6 0 1
80 1 6 1 1
80 1 6 0 0
80 1 6 1 1
80 1 6 0 0
80 1 6 1 1
80 1 6 1 1
80 1 6 0 0
80 1 6 0 1
80 1 6 0 0
80 1 6 1 1
80 1 6 1 1
80 1 6 1 0
80 1 6 0 0
80 1 6 0 1
80 1 6 0 1
80 1 6 0 0
80 1 6 1 0
80 1 6 1 1
80 1 6 1 0
80 1 6 1 1
80 1 6 0 1
80 1 6 0 0
80 1 6 0 0
80 1 6 1 1
80 1 6 1 1
80 1 6 0 0
80 1 6 1 1
80 1 6 0 0
80 1 6 1 1
80 1 6 1 1
80 1 6 1 1
80 1 6 1 0
80 1 6 0 0
80 1 6 0 0
80 1 6 0 1
81 1 3 0 1
81 1 3 1 0
81 1 3 0 1
81 1 3 1 0
81 1 3 1 1
81 1 3 0 0
81 1 3 1 1
81 1 3 1 1
81 1 3 1 0
81 1 3 0 0
81 1 3 0 0
81 1 3 0 1
81 1 3 0 1
81 1 3 1 1
81 1 3 1 1
81 1 3 1 0
81 1 3 1 1
81 1 3 0 1
81 1 3 0 1
81 1 3 0 1
81 1 3 0 0
81 1 3 0 0
81 1 3 0 0
81 1 3 1 1
81 1 3 0 1
81 1 3 0 0
81 1 3 1 1
81 1 3 1 1
81 1 3 0 1
81 1 3 1 1
81 1 3 0 1
81 1 3 1 1
81 1 3 1 0
81 1 3 1 0
81 1 3 0 1
81 1 3 1 0
82 -1 20 1 1
82 -1 20 1 1
82 -1 20 1 1
82 -1 20 1 1
82 -1 20 1 1
82 -1 20 1 1
82 -1 20 0 0
82 -1 20 0 0
82 -1 20 1 1
82 -1 20 0 0
82 -1 20 1 1
82 -1 20 1 1
82 -1 20 1 1
82 -1 20 0 0
82 -1 20 0 0
82 -1 20 0 0
82 -1 20 0 0
82 -1 20 0 0
82 -1 20 1 1
82 -1 20 1 1
82 -1 20 1 1
82 -1 20 1 1
82 -1 20 0 0
82 -1 20 1 1
82 -1 20 0 0
82 -1 20 0 0
82 -1 20 1 1
82 -1 20 0 0
82 -1 20 0 0
82 -1 20 1 1
82 -1 20 0 0
82 -1 20 1 1
82 -1 20 0 0
82 -1 20 0 0
82 -1 20 0 0
82 -1 20 0 0
83 -1 14 0 0
83 -1 14 1 1
83 -1 14 0 0
83 -1 14 0 0
83 -1 14 0 0
83 -1 14 1 1
83 -1 14 0 0
83 -1 14 0 0
83 -1 14 1 1
83 -1 14 0 0
83 -1 14 1 0
83 -1 14 0 1
83 -1 14 1 1
83 -1 14 0 0
83 -1 14 1 1
83 -1 14 0 0
83 -1 14 0 0
83 -1 14 0 0
83 -1 14 0 0
83 -1 14 1 1
83 -1 14 1 1
83 -1 14 1 1
83 -1 14 0 0
83 -1 14 0 0
83 -1 14 0 0
83 -1 14 1 1
83 -1 14 0 0
83 -1 14 1 1
83 -1 14 1 1
83 -1 14 1 1
83 -1 14 1 1
83 -1 14 1 1
83 -1 14 1 1
83 -1 14 1 1
83 -1 14 0 0
83 -1 14 1 1
84 -1 9 0 0
84 -1 9 1 1
84 -1 9 0 0
84 -1 9 0 0
84 -1 9 1 1
84 -1 9 1 1
84 -1 9 0 1
84 -1 9 0 0
84 -1 9 0 0
84 -1 9 1 1
84 -1 9 1 1
84 -1 9 1 1
84 -1 9 0 0
84 -1 9 1 0
84 -1 9 0 1
84 -1 9 1 1
84 -1 9 0 0
84 -1 9 1 1
84 -1 9 0 0
84 -1 9 1 1
84 -1 9 1 1
84 -1 9 1 1
84 -1 9 0 0
84 -1 9 1 1
84 -1 9 0 0
84 -1 9 0 0
84 -1 9 1 0
84 -1 9 0 0
84 -1 9 0 1
84 -1 9 1 1
84 -1 9 0 1
84 -1 9 1 1
84 -1 9 1 1
84 -1 9 0 1
84 -1 9 0 0
84 -1 9 1 1
85 -1 6 1 1
85 -1 6 0 0
85 -1 6 0 0
85 -1 6 1 1
85 -1 6 0 0
85 -1 6 1 1
85 -1 6 0 0
85 -1 6 0 1
85 -1 6 1 1
85 -1 6 1 1
85 -1 6 1 1
85 -1 6 1 0
85 -1 6 1 1
85 -1 6 1 1
85 -1 6 0 1
85 -1 6 1 0
85 -1 6 1 1
85 -1 6 1 1
85 -1 6 0 0
85 -1 6 1 1
85 -1 6 0 0
85 -1 6 0 0
85 -1 6 0 0
85 -1 6 0 0
85 -1 6 0 0
85 -1 6 1 1
85 -1 6 0 1
85 -1 6 0 0
85 -1 6 0 0
85 -1 6 1 0
85 -1 6 0 0
85 -1 6 0 0
85 -1 6 1 1
85 -1 6 0 0
85 -1 6 1 1
85 -1 6 1 1
86 -1 3 0 1
86 -1 3 1 1
86 -1 3 0 1
86 -1 3 1 1
86 -1 3 0 1
86 -1 3 1 1
86 -1 3 0 0
86 -1 3 0 0
86 -1 3 1 0
86 -1 3 1 1
86 -1 3 0 1
86 -1 3 0 0
86 -1 3 1 0
86 -1 3 1 1
86 -1 3 1 0
86 -1 3 1 0
86 -1 3 1 1
86 -1 3 0 1
86 -1 3 1 1
86 -1 3 1 0
86 -1 3 1 1
86 -1 3 1 1
86 -1 3 0 0
86 -1 3 1 1
86 -1 3 0 0
86 -1 3 0 0
86 -1 3 1 1
86 -1 3 0 0
86 -1 3 0 1
86 -1 3 1 1
86 -1 3 0 1
86 -1 3 1 1
86 -1 3 0 0
86 -1 3 0 0
86 -1 3 0 1
86 -1 3 0 0
87 -1 1 1 0
87 -1 1 1 1
87 -1 1 0 0
87 -1 1 1 1
87 -1 1 0 1
87 -1 1 1 1
87 -1 1 1 0
87 -1 1 1 0
87 -1 1 0 0
87 -1 1 0 1
87 -1 1 1 1
87 -1 1 1 0
87 -1 1 1 0
87 -1 1 0 1
87 -1 1 0 0
87 -1 1 0 0
87 -1 1 1 1
87 -1 1 1 1
87 -1 1 1 1
87 -1 1 0 0
87 -1 1 0 0
87 -1 1 0 0
87 -1 1 0 1
87 -1 1 1 1
87 -1 1 0 0
87 -1 1 1 0
87 -1 1 0 1
87 -1 1 1 0
87 -1 1 1 0
87 -1 1 0 1
87 -1 1 0 0
87 -1 1 1 1
87 -1 1 0 0
87 -1 1 0 0
87 -1 1 0 1
87 -1 1 1 0
