0 0 10 0 1
0 0 10 0 0
0 0 10 1 1
0 0 10 1 1
0 0 10 0 0
0 0 10 1 1
0 0 10 1 1
0 0 10 0 0
0 0 10 0 0
0 0 10 0 0
0 0 10 0 0
0 0 10 1 1
0 0 10 1 1
0 0 10 1 1
0 0 10 0 0
0 0 10 0 0
0 0 10 0 0
0 0 10 1 1
0 0 10 1 1
0 0 10 1 1
0 0 10 1 1
0 0 10 0 0
0 0 10 0 0
0 0 10 0 0
0 0 10 0 0
0 0 10 1 1
0 0 10 0 0
0 0 10 1 1
0 0 10 1 1
0 0 10 1 1
0 0 10 0 0
0 0 10 0 0
0 0 10 1 1
0 0 10 1 1
0 0 10 1 1
0 0 10 1 1
0 0 10 1 1
0 0 10 1 1
0 0 10 1 1
0 0 10 0 0
0 0 10 0 0
0 0 10 1 1
0 0 10 0 0
0 0 10 0 0
0 0 10 0 0
0 0 10 0 0
0 0 10 0 0
0 0 10 1 1
0 0 10 0 0
0 0 10 1 1
1 0 8 0 0
1 0 8 0 0
1 0 8 1 1
1 0 8 1 1
1 0 8 1 1
1 0 8 0 0
1 0 8 1 1
1 0 8 0 0
1 0 8 0 0
1 0 8 1 1
1 0 8 0 0
1 0 8 1 1
1 0 8 1 1
1 0 8 0 0
1 0 8 1 1
1 0 8 1 0
1 0 8 0 0
1 0 8 1 1
1 0 8 0 0
1 0 8 0 0
1 0 8 1 1
1 0 8 0 0
1 0 8 1 1
1 0 8 0 0
1 0 8 1 1
1 0 8 0 0
1 0 8 0 0
1 0 8 1 1
1 0 8 0 0
1 0 8 1 1
1 0 8 1 1
1 0 8 0 0
1 0 8 0 0
1 0 8 1 1
1 0 8 0 0
1 0 8 0 0
1 0 8 0 0
1 0 8 0 0
1 0 8 0 0
1 0 8 1 1
1 0 8 0 0
1 0 8 0 0
1 0 8 1 1
1 0 8 0 0
1 0 8 1 1
1 0 8 0 0
1 0 8 0 0
1 0 8 0 0
1 0 8 0 0
1 0 8 1 1
2 0 6 1 1
2 0 6 0 0
2 0 6 0 0
2 0 6 0 0
2 0 6 1 1
2 0 6 0 0
2 0 6 0 0
2 0 6 0 0
2 0 6 1 1
2 0 6 1 1
2 0 6 1 1
2 0 6 1 1
2 0 6 0 0
2 0 6 1 1
2 0 6 1 1
2 0 6 1 1
2 0 6 1 1
2 0 6 1 1
2 0 6 1 1
2 0 6 0 0
2 0 6 1 1
2 0 6 1 1
2 0 6 1 1
2 0 6 0 0
2 0 6 1 1
2 0 6 1 1
2 0 6 0 0
2 0 6 1 1
2 0 6 0 0
2 0 6 1 1
2 0 6 1 1
2 0 6 0 0
2 0 6 1 1
2 0 6 1 1
2 0 6 0 0
2 0 6 1 1
2 0 6 0 0
2 0 6 1 1
2 0 6 0 0
2 0 6 0 0
2 0 6 1 1
2 0 6 1 1
2 0 6 0 0
2 0 6 1 1
2 0 6 1 0
2 0 6 0 0
2 0 6 0 0
2 0 6 1 1
2 0 6 0 0
2 0 6 0 0
3 0 4 0 1
3 0 4 0 0
3 0 4 1 1
3 0 4 0 0
3 0 4 1 1
3 0 4 1 1
3 0 4 1 1
3 0 4 0 0
3 0 4 0 0
3 0 4 0 1
3 0 4 0 1
3 0 4 1 0
3 0 4 1 1
3 0 4 0 1
3 0 4 0 1
3 0 4 1 1
3 0 4 0 0
3 0 4 1 1
3 0 4 1 1
3 0 4 0 0
3 0 4 0 0
3 0 4 0 0
3 0 4 0 0
3 0 4 0 0
3 0 4 1 0
3 0 4 1 1
3 0 4 1 0
3 0 4 0 1
3 0 4 0 0
3 0 4 1 0
3 0 4 0 1
3 0 4 0 0
3 0 4 1 1
3 0 4 1 0
3 0 4 1 1
3 0 4 1 1
3 0 4 1 0
3 0 4 0 1
3 0 4 1 1
3 0 4 1 0
3 0 4 1 1
3 0 4 0 0
3 0 4 1 1
3 0 4 1 0
3 0 4 1 1
3 0 4 0 0
3 0 4 1 1
3 0 4 1 0
3 0 4 0 0
3 0 4 1 0
4 0 2 1 1
4 0 2 0 1
4 0 2 1 1
4 0 2 0 0
4 0 2 0 0
4 0 2 1 1
4 0 2 1 1
4 0 2 0 0
4 0 2 0 1
4 0 2 1 0
4 0 2 0 0
4 0 2 0 1
4 0 2 1 1
4 0 2 1 0
4 0 2 0 1
4 0 2 1 1
4 0 2 0 0
4 0 2 0 1
4 0 2 0 1
4 0 2 0 0
4 0 2 1 1
4 0 2 0 0
4 0 2 0 1
4 0 2 0 1
4 0 2 1 1
4 0 2 1 0
4 0 2 1 1
4 0 2 1 1
4 0 2 0 0
4 0 2 0 0
4 0 2 0 0
4 0 2 0 0
4 0 2 0 0
4 0 2 1 1
4 0 2 1 0
4 0 2 1 0
4 0 2 0 0
4 0 2 0 0
4 0 2 0 0
4 0 2 0 0
4 0 2 0 0
4 0 2 0 1
4 0 2 0 1
4 0 2 1 1
4 0 2 0 0
4 0 2 0 1
4 0 2 0 0
4 0 2 1 0
4 0 2 1 1
4 0 2 0 1
5 0 1 0 1
5 0 1 1 0
5 0 1 1 1
5 0 1 0 1
5 0 1 1 0
5 0 1 1 0
5 0 1 1 1
5 0 1 1 0
5 0 1 0 0
5 0 1 1 1
5 0 1 1 0
5 0 1 0 1
5 0 1 0 0
5 0 1 0 1
5 0 1 0 0
5 0 1 1 0
5 0 1 1 1
5 0 1 0 1
5 0 1 1 1
5 0 1 0 0
5 0 1 0 0
5 0 1 0 0
5 0 1 0 1
5 0 1 0 1
5 0 1 1 0
5 0 1 1 0
5 0 1 0 0
5 0 1 0 1
5 0 1 1 1
5 0 1 0 0
5 0 1 0 0
5 0 1 0 1
5 0 1 0 0
5 0 1 1 1
5 0 1 1 1
5 0 1 0 1
5 0 1 0 1
5 0 1 1 0
5 0 1 1 1
5 0 1 0 0
5 0 1 1 1
5 0 1 0 0
5 0 1 1 0
5 0 1 1 0
5 0 1 0 0
5 0 1 0 1
5 0 1 0 0
5 0 1 1 0
5 0 1 1 0
5 0 1 1 0
6 0 1.5 1 1
6 0 1.5 1 0
6 0 1.5 0 0
6 0 1.5 1 0
6 0 1.5 0 1
6 0 1.5 1 0
6 0 1.5 1 0
6 0 1.5 0 1
6 0 1.5 1 0
6 0 1.5 0 0
6 0 1.5 1 1
6 0 1.5 0 1
6 0 1.5 0 0
6 0 1.5 1 0
6 0 1.5 1 0
6 0 1.5 1 0
6 0 1.5 1 1
6 0 1.5 1 1
6 0 1.5 0 1
6 0 1.5 1 1
6 0 1.5 1 0
6 0 1.5 0 1
6 0 1.5 0 1
6 0 1.5 1 0
6 0 1.5 0 1
6 0 1.5 1 0
6 0 1.5 1 0
6 0 1.5 0 0
6 0 1.5 1 1
6 0 1.5 1 0
6 0 1.5 0 1
6 0 1.5 0 0
6 0 1.5 1 1
6 0 1.5 1 0
6 0 1.5 0 0
6 0 1.5 0 1
6 0 1.5 0 0
6 0 1.5 1 0
6 0 1.5 0 1
6 0 1.5 0 0
6 0 1.5 1 0
6 0 1.5 0 1
6 0 1.5 1 0
6 0 1.5 1 1
6 0 1.5 1 0
6 0 1.5 0 0
6 0 1.5 0 0
6 0 1.5 1 0
6 0 1.5 1 1
6 0 1.5 1 1
7 0 5 1 1
7 0 5 0 0
7 0 5 1 1
7 0 5 0 0
7 0 5 1 1
7 0 5 1 1
7 0 5 0 0
7 0 5 0 0
7 0 5 0 0
7 0 5 0 0
7 0 5 0 0
7 0 5 0 0
7 0 5 1 1
7 0 5 0 0
7 0 5 0 0
7 0 5 1 1
7 0 5 1 0
7 0 5 1 1
7 0 5 0 0
7 0 5 1 1
7 0 5 0 0
7 0 5 0 0
7 0 5 0 0
7 0 5 1 0
7 0 5 1 1
7 0 5 0 1
7 0 5 0 1
7 0 5 1 1
7 0 5 0 1
7 0 5 1 0
7 0 5 0 0
7 0 5 1 0
7 0 5 1 1
7 0 5 0 0
7 0 5 0 0
7 0 5 0 0
7 0 5 0 0
7 0 5 1 0
7 0 5 0 0
7 0 5 0 0
7 0 5 0 0
7 0 5 0 0
7 0 5 0 0
7 0 5 1 0
7 0 5 0 1
7 0 5 1 0
7 0 5 1 1
7 0 5 0 0
7 0 5 1 1
7 0 5 1 0
8 0 5.5 0 0
8 0 5.5 0 0
8 0 5.5 0 0
8 0 5.5 1 0
8 0 5.5 0 0
8 0 5.5 1 0
8 0 5.5 1 0
8 0 5.5 1 1
8 0 5.5 0 0
8 0 5.5 1 1
8 0 5.5 1 0
8 0 5.5 1 1
8 0 5.5 1 0
8 0 5.5 0 0
8 0 5.5 1 1
8 0 5.5 0 0
8 0 5.5 0 0
8 0 5.5 0 0
8 0 5.5 0 0
8 0 5.5 0 0
8 0 5.5 1 1
8 0 5.5 1 1
8 0 5.5 0 0
8 0 5.5 1 0
8 0 5.5 0 0
8 0 5.5 1 0
8 0 5.5 1 0
8 0 5.5 1 0
8 0 5.5 1 1
8 0 5.5 0 0
8 0 5.5 1 1
8 0 5.5 0 0
8 0 5.5 0 0
8 0 5.5 1 1
8 0 5.5 1 0
8 0 5.5 0 0
8 0 5.5 1 1
8 0 5.5 1 1
8 0 5.5 0 0
8 0 5.5 1 1
8 0 5.5 0 1
8 0 5.5 0 1
8 0 5.5 0 0
8 0 5.5 0 1
8 0 5.5 1 1
8 0 5.5 0 0
8 0 5.5 0 0
8 0 5.5 1 0
8 0 5.5 0 0
8 0 5.5 1 1
9 0 5.8 1 1
9 0 5.8 1 1
9 0 5.8 0 0
9 0 5.8 1 1
9 0 5.8 1 1
9 0 5.8 0 0
9 0 5.8 0 0
9 0 5.8 1 1
9 0 5.8 0 0
9 0 5.8 1 1
9 0 5.8 0 1
9 0 5.8 0 0
9 0 5.8 0 1
9 0 5.8 0 1
9 0 5.8 0 0
9 0 5.8 1 1
9 0 5.8 1 1
9 0 5.8 1 1
9 0 5.8 0 0
9 0 5.8 1 1
9 0 5.8 1 0
9 0 5.8 1 1
9 0 5.8 0 0
9 0 5.8 1 1
9 0 5.8 1 0
9 0 5.8 1 0
9 0 5.8 0 1
9 0 5.8 0 1
9 0 5.8 0 0
9 0 5.8 0 0
9 0 5.8 0 0
9 0 5.8 0 0
9 0 5.8 1 0
9 0 5.8 1 0
9 0 5.8 0 1
9 0 5.8 1 1
9 0 5.8 1 0
9 0 5.8 0 0
9 0 5.8 0 0
9 0 5.8 1 1
9 0 5.8 0 0
9 0 5.8 0 0
9 0 5.8 0 0
9 0 5.8 0 0
9 0 5.8 1 1
9 0 5.8 1 1
9 0 5.8 0 0
9 0 5.8 1 1
9 0 5.8 1 1
9 0 5.8 0 0
10 1 15 1 1
10 1 15 1 1
10 1 15 1 1
10 1 15 0 0
10 1 15 0 0
10 1 15 0 0
10 1 15 0 0
10 1 15 0 0
10 1 15 1 1
10 1 15 1 1
10 1 15 0 0
10 1 15 1 1
10 1 15 1 1
10 1 15 1 1
10 1 15 1 1
10 1 15 1 1
10 1 15 0 0
10 1 15 1 1
10 1 15 0 0
10 1 15 0 0
10 1 15 0 0
10 1 15 0 0
10 1 15 1 1
10 1 15 0 0
10 1 15 0 0
10 1 15 1 1
10 1 15 1 1
10 1 15 0 0
10 1 15 0 0
10 1 15 1 1
10 1 15 1 1
10 1 15 1 1
10 1 15 0 0
10 1 15 1 1
10 1 15 0 0
10 1 15 0 0
10 1 15 1 1
10 1 15 1 1
10 1 15 0 0
10 1 15 0 0
10 1 15 1 1
10 1 15 0 0
10 1 15 0 0
10 1 15 1 1
10 1 15 1 1
10 1 15 1 1
10 1 15 0 0
10 1 15 1 1
10 1 15 1 1
10 1 15 1 1
11 1 14 0 0
11 1 14 1 1
11 1 14 0 0
11 1 14 1 1
11 1 14 0 0
11 1 14 1 1
11 1 14 1 1
11 1 14 1 1
11 1 14 1 1
11 1 14 0 0
11 1 14 0 1
11 1 14 0 0
11 1 14 0 0
11 1 14 0 0
11 1 14 0 0
11 1 14 0 0
11 1 14 1 1
11 1 14 0 0
11 1 14 0 0
11 1 14 1 1
11 1 14 0 0
11 1 14 1 1
11 1 14 0 0
11 1 14 1 1
11 1 14 1 1
11 1 14 1 1
11 1 14 0 0
11 1 14 0 0
11 1 14 0 0
11 1 14 0 0
11 1 14 1 1
11 1 14 0 0
11 1 14 0 0
11 1 14 0 0
11 1 14 0 0
11 1 14 1 1
11 1 14 0 0
11 1 14 0 0
11 1 14 0 0
11 1 14 1 1
11 1 14 0 0
11 1 14 1 1
11 1 14 0 0
11 1 14 1 1
11 1 14 0 0
11 1 14 1 1
11 1 14 1 1
11 1 14 0 0
11 1 14 1 1
11 1 14 0 0
12 1 11 0 0
12 1 11 1 1
12 1 11 0 0
12 1 11 0 0
12 1 11 0 0
12 1 11 0 0
12 1 11 1 1
12 1 11 1 1
12 1 11 0 0
12 1 11 0 0
12 1 11 1 1
12 1 11 1 1
12 1 11 0 0
12 1 11 0 0
12 1 11 1 1
12 1 11 1 1
12 1 11 1 1
12 1 11 1 1
12 1 11 1 1
12 1 11 0 0
12 1 11 1 1
12 1 11 0 0
12 1 11 1 1
12 1 11 0 0
12 1 11 0 0
12 1 11 1 1
12 1 11 1 1
12 1 11 0 0
12 1 11 0 0
12 1 11 0 0
12 1 11 1 1
12 1 11 1 1
12 1 11 1 1
12 1 11 0 0
12 1 11 1 1
12 1 11 1 1
12 1 11 1 1
12 1 11 0 1
12 1 11 1 1
12 1 11 1 1
12 1 11 1 1
12 1 11 1 1
12 1 11 0 0
12 1 11 0 0
12 1 11 1 1
12 1 11 0 0
12 1 11 0 0
12 1 11 0 0
12 1 11 1 1
12 1 11 0 0
13 1 9 0 0
13 1 9 0 0
13 1 9 0 0
13 1 9 1 1
13 1 9 0 0
13 1 9 0 1
13 1 9 1 1
13 1 9 0 0
13 1 9 0 0
13 1 9 1 1
13 1 9 0 0
13 1 9 1 1
13 1 9 0 0
13 1 9 1 1
13 1 9 0 0
13 1 9 1 1
13 1 9 0 0
13 1 9 1 1
13 1 9 1 1
13 1 9 1 1
13 1 9 1 1
13 1 9 1 1
13 1 9 1 1
13 1 9 0 0
13 1 9 0 0
13 1 9 1 1
13 1 9 1 1
13 1 9 0 0
13 1 9 0 0
13 1 9 1 1
13 1 9 1 1
13 1 9 0 0
13 1 9 1 1
13 1 9 0 0
13 1 9 1 1
13 1 9 0 0
13 1 9 0 0
13 1 9 0 1
13 1 9 0 0
13 1 9 1 1
13 1 9 0 0
13 1 9 1 1
13 1 9 0 1
13 1 9 1 1
13 1 9 1 1
13 1 9 1 1
13 1 9 0 0
13 1 9 0 0
13 1 9 0 0
13 1 9 0 0
14 1 5 1 1
14 1 5 0 1
14 1 5 1 1
14 1 5 1 0
14 1 5 0 0
14 1 5 0 1
14 1 5 0 0
14 1 5 1 1
14 1 5 1 1
14 1 5 1 0
14 1 5 1 1
14 1 5 0 1
14 1 5 1 0
14 1 5 0 0
14 1 5 1 1
14 1 5 1 1
14 1 5 0 0
14 1 5 1 1
14 1 5 0 1
14 1 5 0 0
14 1 5 1 1
14 1 5 0 0
14 1 5 1 1
14 1 5 0 0
14 1 5 0 0
14 1 5 1 1
14 1 5 0 0
14 1 5 0 1
14 1 5 0 1
14 1 5 1 0
14 1 5 0 1
14 1 5 1 1
14 1 5 1 1
14 1 5 0 0
14 1 5 0 1
14 1 5 1 0
14 1 5 0 1
14 1 5 1 0
14 1 5 1 1
14 1 5 0 0
14 1 5 1 0
14 1 5 1 1
14 1 5 1 1
14 1 5 0 1
14 1 5 0 0
14 1 5 1 0
14 1 5 1 1
14 1 5 1 0
14 1 5 0 0
14 1 5 1 1
15 1 7 1 1
15 1 7 1 1
15 1 7 0 0
15 1 7 1 1
15 1 7 1 1
15 1 7 0 0
15 1 7 1 1
15 1 7 1 1
15 1 7 0 0
15 1 7 1 1
15 1 7 1 1
15 1 7 0 0
15 1 7 0 0
15 1 7 0 0
15 1 7 0 0
15 1 7 0 0
15 1 7 0 0
15 1 7 0 0
15 1 7 1 1
15 1 7 0 0
15 1 7 0 0
15 1 7 0 0
15 1 7 1 1
15 1 7 0 0
15 1 7 0 0
15 1 7 1 0
15 1 7 1 1
15 1 7 0 1
15 1 7 0 0
15 1 7 0 0
15 1 7 1 1
15 1 7 1 1
15 1 7 0 0
15 1 7 0 0
15 1 7 0 0
15 1 7 0 1
15 1 7 0 0
15 1 7 0 0
15 1 7 0 1
15 1 7 0 0
15 1 7 1 1
15 1 7 1 1
15 1 7 1 1
15 1 7 1 0
15 1 7 1 1
15 1 7 1 1
15 1 7 1 0
15 1 7 1 1
15 1 7 0 0
15 1 7 0 0
16 1 8 0 0
16 1 8 0 0
16 1 8 1 1
16 1 8 0 0
16 1 8 0 0
16 1 8 0 0
16 1 8 0 0
16 1 8 1 1
16 1 8 0 0
16 1 8 0 0
16 1 8 0 0
16 1 8 1 1
16 1 8 0 0
16 1 8 1 1
16 1 8 0 0
16 1 8 0 0
16 1 8 1 1
16 1 8 1 1
16 1 8 0 0
16 1 8 0 0
16 1 8 0 0
16 1 8 0 0
16 1 8 0 0
16 1 8 1 1
16 1 8 0 0
16 1 8 1 1
16 1 8 1 1
16 1 8 0 0
16 1 8 1 1
16 1 8 1 0
16 1 8 0 0
16 1 8 0 0
16 1 8 0 0
16 1 8 1 1
16 1 8 0 0
16 1 8 0 0
16 1 8 0 0
16 1 8 0 0
16 1 8 1 1
16 1 8 1 1
16 1 8 1 1
16 1 8 0 1
16 1 8 1 1
16 1 8 0 0
16 1 8 1 1
16 1 8 0 0
16 1 8 0 0
16 1 8 0 0
16 1 8 0 0
16 1 8 0 0
17 1 6 1 1
17 1 6 1 1
17 1 6 1 1
17 1 6 1 1
17 1 6 1 1
17 1 6 1 1
17 1 6 1 1
17 1 6 1 1
17 1 6 0 1
17 1 6 0 0
17 1 6 1 1
17 1 6 1 1
17 1 6 1 1
17 1 6 1 0
17 1 6 1 1
17 1 6 1 1
17 1 6 0 0
17 1 6 1 1
17 1 6 0 0
17 1 6 0 1
17 1 6 1 1
17 1 6 0 1
17 1 6 1 1
17 1 6 1 1
17 1 6 0 1
17 1 6 1 0
17 1 6 1 1
17 1 6 1 1
17 1 6 0 1
17 1 6 1 1
17 1 6 0 0
17 1 6 1 1
17 1 6 1 1
17 1 6 0 0
17 1 6 0 1
17 1 6 0 1
17 1 6 0 0
17 1 6 1 1
17 1 6 1 1
17 1 6 0 0
17 1 6 1 1
17 1 6 0 1
17 1 6 0 0
17 1 6 1 1
17 1 6 0 1
17 1 6 1 0
17 1 6 1 1
17 1 6 1 1
17 1 6 1 1
17 1 6 0 0
18 1 4 0 1
18 1 4 0 1
18 1 4 0 0
18 1 4 0 0
18 1 4 1 1
18 1 4 1 1
18 1 4 1 1
18 1 4 0 1
18 1 4 0 0
18 1 4 0 0
18 1 4 1 1
18 1 4 1 0
18 1 4 0 1
18 1 4 1 0
18 1 4 0 0
18 1 4 1 0
18 1 4 1 0
18 1 4 1 1
18 1 4 0 1
18 1 4 0 0
18 1 4 1 0
18 1 4 1 1
18 1 4 1 1
18 1 4 0 0
18 1 4 0 0
18 1 4 1 1
18 1 4 0 0
18 1 4 1 1
18 1 4 1 1
18 1 4 1 0
18 1 4 0 1
18 1 4 0 0
18 1 4 0 0
18 1 4 1 1
18 1 4 0 1
18 1 4 0 0
18 1 4 1 1
18 1 4 1 0
18 1 4 1 1
18 1 4 0 0
18 1 4 1 0
18 1 4 0 1
18 1 4 1 1
18 1 4 0 0
18 1 4 0 0
18 1 4 0 1
18 1 4 0 0
18 1 4 0 0
18 1 4 1 0
18 1 4 0 1
19 1 2 0 1
19 1 2 0 1
19 1 2 0 0
19 1 2 1 0
19 1 2 0 1
19 1 2 1 0
19 1 2 1 0
19 1 2 0 1
19 1 2 0 1
19 1 2 0 0
19 1 2 0 0
19 1 2 0 1
19 1 2 0 0
19 1 2 0 0
19 1 2 0 0
19 1 2 0 0
19 1 2 0 0
19 1 2 0 0
19 1 2 0 0
19 1 2 1 0
19 1 2 1 1
19 1 2 1 1
19 1 2 1 1
19 1 2 0 1
19 1 2 1 0
19 1 2 0 1
19 1 2 0 0
19 1 2 1 0
19 1 2 1 1
19 1 2 1 1
19 1 2 0 1
19 1 2 1 0
19 1 2 0 1
19 1 2 0 0
19 1 2 0 0
19 1 2 1 0
19 1 2 1 1
19 1 2 1 1
19 1 2 0 1
19 1 2 0 0
19 1 2 1 1
19 1 2 0 1
19 1 2 0 0
19 1 2 0 0
19 1 2 0 0
19 1 2 1 0
19 1 2 1 1
19 1 2 1 1
19 1 2 1 1
19 1 2 0 1
20 2 10 1 1
20 2 10 1 1
20 2 10 0 0
20 2 10 0 0
20 2 10 0 0
20 2 10 1 1
20 2 10 1 1
20 2 10 0 0
20 2 10 1 1
20 2 10 0 0
20 2 10 0 0
20 2 10 1 1
20 2 10 1 1
20 2 10 0 0
20 2 10 0 0
20 2 10 1 1
20 2 10 1 1
20 2 10 1 1
20 2 10 0 0
20 2 10 1 1
20 2 10 0 0
20 2 10 0 0
20 2 10 0 0
20 2 10 0 0
20 2 10 0 0
20 2 10 1 1
20 2 10 0 0
20 2 10 1 1
20 2 10 1 1
20 2 10 0 0
20 2 10 0 0
20 2 10 1 1
20 2 10 1 1
20 2 10 1 1
20 2 10 0 0
20 2 10 0 0
20 2 10 0 0
20 2 10 1 1
20 2 10 0 0
20 2 10 0 0
20 2 10 1 0
20 2 10 0 0
20 2 10 0 0
20 2 10 1 1
20 2 10 0 0
20 2 10 0 0
20 2 10 1 1
20 2 10 1 1
20 2 10 1 1
20 2 10 0 0
21 2 8 0 0
21 2 8 0 0
21 2 8 1 1
21 2 8 1 1
21 2 8 0 0
21 2 8 1 1
21 2 8 1 1
21 2 8 0 0
21 2 8 0 0
21 2 8 0 0
21 2 8 0 0
21 2 8 1 1
21 2 8 1 1
21 2 8 1 1
21 2 8 0 0
21 2 8 0 0
21 2 8 1 1
21 2 8 1 1
21 2 8 1 1
21 2 8 1 1
21 2 8 1 1
21 2 8 1 1
21 2 8 0 0
21 2 8 1 1
21 2 8 0 0
21 2 8 0 1
21 2 8 1 1
21 2 8 1 1
21 2 8 1 1
21 2 8 0 0
21 2 8 1 1
21 2 8 1 1
21 2 8 0 0
21 2 8 1 1
21 2 8 1 0
21 2 8 1 1
21 2 8 0 0
21 2 8 1 0
21 2 8 0 1
21 2 8 0 0
21 2 8 0 0
21 2 8 1 1
21 2 8 1 0
21 2 8 1 1
21 2 8 1 0
21 2 8 0 1
21 2 8 0 0
21 2 8 1 1
21 2 8 1 1
21 2 8 1 0
22 2 6 0 1
22 2 6 1 1
22 2 6 0 0
22 2 6 0 0
22 2 6 1 1
22 2 6 0 0
22 2 6 0 0
22 2 6 0 0
22 2 6 1 0
22 2 6 1 1
22 2 6 0 0
22 2 6 1 1
22 2 6 0 0
22 2 6 0 1
22 2 6 0 1
22 2 6 0 0
22 2 6 1 1
22 2 6 1 0
22 2 6 1 1
22 2 6 0 0
22 2 6 1 1
22 2 6 0 1
22 2 6 0 0
22 2 6 0 0
22 2 6 1 1
22 2 6 0 0
22 2 6 0 0
22 2 6 1 0
22 2 6 1 1
22 2 6 0 0
22 2 6 1 0
22 2 6 1 1
22 2 6 0 0
22 2 6 0 0
22 2 6 1 1
22 2 6 1 1
22 2 6 1 1
22 2 6 0 0
22 2 6 1 1
22 2 6 0 0
22 2 6 1 1
22 2 6 0 0
22 2 6 1 1
22 2 6 0 0
22 2 6 1 1
22 2 6 0 0
22 2 6 0 1
22 2 6 0 0
22 2 6 1 0
22 2 6 1 1
23 2 4 0 1
23 2 4 1 0
23 2 4 1 0
23 2 4 1 1
23 2 4 1 1
23 2 4 1 1
23 2 4 1 1
23 2 4 1 1
23 2 4 1 1
23 2 4 1 0
23 2 4 0 0
23 2 4 1 1
23 2 4 0 0
23 2 4 0 0
23 2 4 1 1
23 2 4 1 0
23 2 4 1 1
23 2 4 1 1
23 2 4 1 1
23 2 4 1 0
23 2 4 1 1
23 2 4 1 1
23 2 4 1 1
23 2 4 0 0
23 2 4 0 1
23 2 4 1 0
23 2 4 1 1
23 2 4 0 1
23 2 4 1 0
23 2 4 0 1
23 2 4 1 0
23 2 4 1 1
23 2 4 1 0
23 2 4 1 0
23 2 4 0 1
23 2 4 0 1
23 2 4 1 1
23 2 4 0 1
23 2 4 1 0
23 2 4 0 1
23 2 4 0 0
23 2 4 1 0
23 2 4 0 1
23 2 4 0 0
23 2 4 0 0
23 2 4 0 1
23 2 4 0 1
23 2 4 1 0
23 2 4 0 0
23 2 4 0 0
24 2 9 1 1
24 2 9 1 1
24 2 9 0 0
24 2 9 1 1
24 2 9 0 0
24 2 9 1 1
24 2 9 0 0
24 2 9 1 1
24 2 9 0 0
24 2 9 1 1
24 2 9 0 0
24 2 9 0 0
24 2 9 1 1
24 2 9 0 0
24 2 9 0 0
24 2 9 1 1
24 2 9 1 1
24 2 9 0 0
24 2 9 1 1
24 2 9 0 0
24 2 9 1 1
24 2 9 1 1
24 2 9 0 0
24 2 9 1 1
24 2 9 1 1
24 2 9 0 0
24 2 9 1 1
24 2 9 1 1
24 2 9 0 0
24 2 9 0 0
24 2 9 1 1
24 2 9 0 0
24 2 9 0 0
24 2 9 1 1
24 2 9 1 1
24 2 9 1 1
24 2 9 1 1
24 2 9 1 1
24 2 9 0 0
24 2 9 0 0
24 2 9 1 1
24 2 9 0 0
24 2 9 1 1
24 2 9 0 0
24 2 9 1 1
24 2 9 0 0
24 2 9 0 0
24 2 9 1 1
24 2 9 0 0
24 2 9 1 1
25 2 5.5 1 1
25 2 5.5 0 0
25 2 5.5 0 0
25 2 5.5 1 1
25 2 5.5 1 1
25 2 5.5 1 1
25 2 5.5 1 1
25 2 5.5 0 0
25 2 5.5 1 1
25 2 5.5 1 0
25 2 5.5 0 1
25 2 5.5 0 0
25 2 5.5 1 1
25 2 5.5 0 0
25 2 5.5 1 1
25 2 5.5 0 0
25 2 5.5 1 1
25 2 5.5 0 0
25 2 5.5 1 1
25 2 5.5 1 0
25 2 5.5 0 1
25 2 5.5 1 1
25 2 5.5 1 0
25 2 5.5 0 1
25 2 5.5 0 0
25 2 5.5 0 1
25 2 5.5 1 0
25 2 5.5 0 1
25 2 5.5 1 0
25 2 5.5 1 1
25 2 5.5 0 1
25 2 5.5 0 1
25 2 5.5 0 0
25 2 5.5 1 0
25 2 5.5 1 1
25 2 5.5 1 0
25 2 5.5 0 1
25 2 5.5 0 1
25 2 5.5 0 1
25 2 5.5 0 0
25 2 5.5 1 1
25 2 5.5 0 0
25 2 5.5 1 1
25 2 5.5 0 0
25 2 5.5 0 0
25 2 5.5 1 1
25 2 5.5 1 1
25 2 5.5 0 1
25 2 5.5 1 1
25 2 5.5 0 0
26 2 11 1 1
26 2 11 0 0
26 2 11 1 1
26 2 11 1 1
26 2 11 0 0
26 2 11 0 0
26 2 11 0 0
26 2 11 0 0
26 2 11 0 0
26 2 11 1 1
26 2 11 1 1
26 2 11 0 0
26 2 11 1 1
26 2 11 0 0
26 2 11 0 0
26 2 11 0 0
26 2 11 0 0
26 2 11 0 0
26 2 11 1 1
26 2 11 1 1
26 2 11 0 0
26 2 11 1 1
26 2 11 1 1
26 2 11 0 0
26 2 11 1 1
26 2 11 0 0
26 2 11 0 0
26 2 11 1 1
26 2 11 0 0
26 2 11 0 0
26 2 11 1 1
26 2 11 1 1
26 2 11 1 1
26 2 11 1 1
26 2 11 1 1
26 2 11 1 1
26 2 11 0 0
26 2 11 1 1
26 2 11 1 1
26 2 11 0 0
26 2 11 0 0
26 2 11 1 1
26 2 11 0 0
26 2 11 0 0
26 2 11 1 1
26 2 11 0 0
26 2 11 1 1
26 2 11 1 1
26 2 11 0 0
26 2 11 1 1
27 2 8.5 0 0
27 2 8.5 1 1
27 2 8.5 1 1
27 2 8.5 0 0
27 2 8.5 1 1
27 2 8.5 0 0
27 2 8.5 1 1
27 2 8.5 0 0
27 2 8.5 1 1
27 2 8.5 0 0
27 2 8.5 0 0
27 2 8.5 1 1
27 2 8.5 0 0
27 2 8.5 0 0
27 2 8.5 0 0
27 2 8.5 1 1
27 2 8.5 1 1
27 2 8.5 0 0
27 2 8.5 0 0
27 2 8.5 0 0
27 2 8.5 1 1
27 2 8.5 0 0
27 2 8.5 1 1
27 2 8.5 0 0
27 2 8.5 1 1
27 2 8.5 0 0
27 2 8.5 1 1
27 2 8.5 1 1
27 2 8.5 0 0
27 2 8.5 0 0
27 2 8.5 1 1
27 2 8.5 1 1
27 2 8.5 1 1
27 2 8.5 1 0
27 2 8.5 1 1
27 2 8.5 1 1
27 2 8.5 1 1
27 2 8.5 0 0
27 2 8.5 1 1
27 2 8.5 0 0
27 2 8.5 1 1
27 2 8.5 0 0
27 2 8.5 0 0
27 2 8.5 1 1
27 2 8.5 0 0
27 2 8.5 0 0
27 2 8.5 0 0
27 2 8.5 1 1
27 2 8.5 0 0
27 2 8.5 0 0
28 2 5.7 1 1
28 2 5.7 1 1
28 2 5.7 0 0
28 2 5.7 0 0
28 2 5.7 0 0
28 2 5.7 0 0
28 2 5.7 0 0
28 2 5.7 0 0
28 2 5.7 1 0
28 2 5.7 0 0
28 2 5.7 1 0
28 2 5.7 1 1
28 2 5.7 1 0
28 2 5.7 1 0
28 2 5.7 0 0
28 2 5.7 0 0
28 2 5.7 1 1
28 2 5.7 1 0
28 2 5.7 0 0
28 2 5.7 0 0
28 2 5.7 0 0
28 2 5.7 1 0
28 2 5.7 1 1
28 2 5.7 0 0
28 2 5.7 0 0
28 2 5.7 1 0
28 2 5.7 1 0
28 2 5.7 1 1
28 2 5.7 0 1
28 2 5.7 0 1
28 2 5.7 1 1
28 2 5.7 0 1
28 2 5.7 0 1
28 2 5.7 1 1
28 2 5.7 0 1
28 2 5.7 0 0
28 2 5.7 1 0
28 2 5.7 0 1
28 2 5.7 1 0
28 2 5.7 0 1
28 2 5.7 0 1
28 2 5.7 0 1
28 2 5.7 1 0
28 2 5.7 0 0
28 2 5.7 0 1
28 2 5.7 1 1
28 2 5.7 0 0
28 2 5.7 1 1
28 2 5.7 1 1
28 2 5.7 0 0
29 3 10 0 0
29 3 10 1 1
29 3 10 1 1
29 3 10 0 0
29 3 10 0 0
29 3 10 0 0
29 3 10 1 1
29 3 10 1 1
29 3 10 0 0
29 3 10 1 1
29 3 10 0 0
29 3 10 1 1
29 3 10 1 1
29 3 10 1 1
29 3 10 1 1
29 3 10 0 0
29 3 10 1 1
29 3 10 0 0
29 3 10 1 1
29 3 10 0 0
29 3 10 0 0
29 3 10 1 1
29 3 10 1 1
29 3 10 0 0
29 3 10 1 1
29 3 10 0 0
29 3 10 1 1
29 3 10 0 0
29 3 10 0 0
29 3 10 1 1
29 3 10 0 0
29 3 10 0 0
29 3 10 1 1
29 3 10 0 0
29 3 10 0 0
29 3 10 1 1
29 3 10 1 1
29 3 10 0 0
29 3 10 0 0
29 3 10 1 1
29 3 10 0 0
29 3 10 0 0
29 3 10 0 0
29 3 10 0 0
29 3 10 0 0
29 3 10 0 0
29 3 10 1 1
29 3 10 1 1
29 3 10 1 1
29 3 10 1 1
30 3 8 0 0
30 3 8 0 0
30 3 8 1 1
30 3 8 0 0
30 3 8 1 1
30 3 8 1 1
30 3 8 1 1
30 3 8 0 0
30 3 8 0 0
30 3 8 0 0
30 3 8 1 0
30 3 8 0 1
30 3 8 0 0
30 3 8 1 1
30 3 8 1 1
30 3 8 1 1
30 3 8 0 0
30 3 8 0 1
30 3 8 1 1
30 3 8 0 1
30 3 8 0 0
30 3 8 1 0
30 3 8 0 0
30 3 8 0 0
30 3 8 0 0
30 3 8 1 1
30 3 8 1 0
30 3 8 0 0
30 3 8 1 1
30 3 8 1 1
30 3 8 0 0
30 3 8 0 0
30 3 8 1 0
30 3 8 0 0
30 3 8 0 0
30 3 8 1 1
30 3 8 1 1
30 3 8 0 0
30 3 8 1 1
30 3 8 0 0
30 3 8 0 0
30 3 8 0 0
30 3 8 0 0
30 3 8 0 0
30 3 8 0 0
30 3 8 0 0
30 3 8 0 0
30 3 8 1 1
30 3 8 1 1
30 3 8 1 1
31 3 6 1 1
31 3 6 0 1
31 3 6 1 0
31 3 6 1 1
31 3 6 1 0
31 3 6 1 1
31 3 6 0 1
31 3 6 1 1
31 3 6 1 1
31 3 6 0 0
31 3 6 0 0
31 3 6 0 1
31 3 6 0 0
31 3 6 0 1
31 3 6 1 0
31 3 6 1 1
31 3 6 0 0
31 3 6 0 0
31 3 6 0 1
31 3 6 0 0
31 3 6 1 0
31 3 6 1 1
31 3 6 0 0
31 3 6 1 1
31 3 6 0 1
31 3 6 1 0
31 3 6 1 1
31 3 6 0 1
31 3 6 1 0
31 3 6 1 1
31 3 6 1 1
31 3 6 0 0
31 3 6 1 1
31 3 6 1 1
31 3 6 0 0
31 3 6 0 1
31 3 6 0 0
31 3 6 0 0
31 3 6 1 1
31 3 6 1 1
31 3 6 1 1
31 3 6 0 0
31 3 6 1 0
31 3 6 1 1
31 3 6 0 1
31 3 6 0 0
31 3 6 0 0
31 3 6 1 1
31 3 6 0 0
31 3 6 1 1
32 3 4 0 0
32 3 4 1 0
32 3 4 0 1
32 3 4 0 1
32 3 4 1 0
32 3 4 0 0
32 3 4 1 1
32 3 4 0 1
32 3 4 1 0
32 3 4 0 1
32 3 4 0 0
32 3 4 1 0
32 3 4 1 1
32 3 4 0 1
32 3 4 0 0
32 3 4 1 0
32 3 4 0 1
32 3 4 1 0
32 3 4 0 1
32 3 4 0 0
32 3 4 0 1
32 3 4 1 0
32 3 4 1 1
32 3 4 1 1
32 3 4 1 0
32 3 4 1 1
32 3 4 1 1
32 3 4 1 1
32 3 4 0 1
32 3 4 0 0
32 3 4 1 0
32 3 4 1 1
32 3 4 1 0
32 3 4 0 1
32 3 4 0 0
32 3 4 0 0
32 3 4 0 0
32 3 4 0 0
32 3 4 0 0
32 3 4 0 0
32 3 4 0 0
32 3 4 0 0
32 3 4 1 0
32 3 4 0 1
32 3 4 0 1
32 3 4 0 0
32 3 4 1 0
32 3 4 0 1
32 3 4 0 1
32 3 4 1 0
33 3 9 1 1
33 3 9 1 0
33 3 9 1 1
33 3 9 1 1
33 3 9 0 0
33 3 9 0 0
33 3 9 1 1
33 3 9 1 1
33 3 9 0 1
33 3 9 0 1
33 3 9 1 1
33 3 9 1 1
33 3 9 1 1
33 3 9 1 1
33 3 9 1 1
33 3 9 0 0
33 3 9 0 0
33 3 9 0 1
33 3 9 1 1
33 3 9 0 0
33 3 9 1 1
33 3 9 0 0
33 3 9 0 0
33 3 9 1 0
33 3 9 1 1
33 3 9 0 0
33 3 9 1 1
33 3 9 1 1
33 3 9 1 0
33 3 9 0 0
33 3 9 0 0
33 3 9 0 0
33 3 9 0 0
33 3 9 1 0
33 3 9 1 1
33 3 9 1 0
33 3 9 0 0
33 3 9 1 1
33 3 9 0 0
33 3 9 0 0
33 3 9 1 1
33 3 9 1 0
33 3 9 1 1
33 3 9 1 0
33 3 9 0 0
33 3 9 1 0
33 3 9 0 0
33 3 9 0 0
33 3 9 1 0
33 3 9 0 0
33 3 9 0 1
33 3 9 0 0
33 3 9 0 0
33 3 9 1 0
33 3 9 1 1
34 3 9 0 0
34 3 9 0 0
34 3 9 0 0
34 3 9 1 1
34 3 9 1 1
34 3 9 1 1
34 3 9 0 0
34 3 9 0 0
34 3 9 1 1
34 3 9 0 0
34 3 9 1 1
34 3 9 0 0
34 3 9 0 0
34 3 9 1 1
34 3 9 1 1
34 3 9 0 0
34 3 9 0 0
34 3 9 1 1
34 3 9 1 0
34 3 9 0 0
34 3 9 1 1
34 3 9 1 0
34 3 9 0 0
34 3 9 0 0
34 3 9 1 1
34 3 9 0 0
34 3 9 0 0
34 3 9 0 0
34 3 9 0 0
34 3 9 0 0
34 3 9 0 0
34 3 9 0 0
34 3 9 0 0
34 3 9 1 1
34 3 9 1 0
34 3 9 1 1
34 3 9 1 1
34 3 9 0 0
34 3 9 1 1
34 3 9 0 0
34 3 9 0 0
34 3 9 1 1
34 3 9 1 1
34 3 9 0 1
34 3 9 0 0
34 3 9 1 1
34 3 9 0 0
34 3 9 1 1
34 3 9 1 1
34 3 9 0 1
35 3 7 0 1
35 3 7 1 1
35 3 7 1 1
35 3 7 1 0
35 3 7 1 1
35 3 7 1 1
35 3 7 0 0
35 3 7 0 0
35 3 7 0 1
35 3 7 0 0
35 3 7 1 1
35 3 7 0 1
35 3 7 0 0
35 3 7 1 1
35 3 7 1 1
35 3 7 0 1
35 3 7 0 0
35 3 7 0 0
35 3 7 1 0
35 3 7 1 1
35 3 7 1 1
35 3 7 1 1
35 3 7 1 1
35 3 7 1 1
35 3 7 1 1
35 3 7 1 1
35 3 7 1 1
35 3 7 1 1
35 3 7 1 1
35 3 7 1 1
35 3 7 0 0
35 3 7 0 0
35 3 7 0 1
35 3 7 1 1
35 3 7 1 0
35 3 7 0 1
35 3 7 0 0
35 3 7 0 0
35 3 7 1 0
35 3 7 1 1
35 3 7 1 0
35 3 7 1 1
35 3 7 1 1
35 3 7 1 1
35 3 7 1 1
35 3 7 1 1
35 3 7 0 0
35 3 7 1 1
35 3 7 0 0
35 3 7 0 0
36 3 5 0 1
36 3 5 1 1
36 3 5 0 1
36 3 5 0 0
36 3 5 0 1
36 3 5 0 0
36 3 5 1 0
36 3 5 0 1
36 3 5 1 0
36 3 5 1 1
36 3 5 0 1
36 3 5 1 0
36 3 5 0 1
36 3 5 0 0
36 3 5 1 0
36 3 5 1 1
36 3 5 1 1
36 3 5 0 1
36 3 5 1 0
36 3 5 1 1
36 3 5 0 1
36 3 5 1 1
36 3 5 0 0
36 3 5 1 1
36 3 5 0 1
36 3 5 0 0
36 3 5 0 0
36 3 5 1 1
36 3 5 1 1
36 3 5 0 1
36 3 5 0 0
36 3 5 0 1
36 3 5 0 0
36 3 5 1 1
36 3 5 1 1
36 3 5 1 1
36 3 5 0 1
36 3 5 0 0
36 3 5 0 1
36 3 5 0 0
36 3 5 1 1
36 3 5 0 1
36 3 5 0 0
36 3 5 1 1
36 3 5 1 0
36 3 5 0 0
36 3 5 0 1
36 3 5 0 0
36 3 5 1 0
36 3 5 1 1
37 3 11 1 1
37 3 11 0 0
37 3 11 0 0
37 3 11 1 1
37 3 11 0 0
37 3 11 1 1
37 3 11 1 1
37 3 11 1 1
37 3 11 1 1
37 3 11 0 0
37 3 11 0 0
37 3 11 0 0
37 3 11 0 0
37 3 11 1 1
37 3 11 0 0
37 3 11 1 1
37 3 11 1 1
37 3 11 0 0
37 3 11 1 1
37 3 11 1 1
37 3 11 1 1
37 3 11 0 0
37 3 11 1 1
37 3 11 1 1
37 3 11 0 0
37 3 11 0 0
37 3 11 1 1
37 3 11 1 1
37 3 11 1 1
37 3 11 1 1
37 3 11 1 1
37 3 11 0 0
37 3 11 0 0
37 3 11 1 1
37 3 11 0 0
37 3 11 1 1
37 3 11 1 1
37 3 11 0 0
37 3 11 0 0
37 3 11 1 1
37 3 11 0 0
37 3 11 1 1
37 3 11 0 0
37 3 11 0 0
37 3 11 0 0
37 3 11 1 1
37 3 11 0 0
37 3 11 1 1
37 3 11 0 0
37 3 11 1 1
38 3 12 1 1
38 3 12 1 1
38 3 12 1 1
38 3 12 0 0
38 3 12 1 1
38 3 12 0 0
38 3 12 0 0
38 3 12 1 1
38 3 12 1 1
38 3 12 0 0
38 3 12 1 1
38 3 12 1 1
38 3 12 0 0
38 3 12 1 1
38 3 12 0 0
38 3 12 1 1
38 3 12 0 0
38 3 12 1 1
38 3 12 0 0
38 3 12 0 0
38 3 12 1 1
38 3 12 1 1
38 3 12 1 1
38 3 12 0 0
38 3 12 1 1
38 3 12 1 1
38 3 12 1 1
38 3 12 1 1
38 3 12 0 0
38 3 12 0 0
38 3 12 0 0
38 3 12 1 1
38 3 12 1 1
38 3 12 0 0
38 3 12 1 1
38 3 12 1 1
38 3 12 0 0
38 3 12 1 1
38 3 12 0 0
38 3 12 1 1
38 3 12 1 1
38 3 12 0 0
38 3 12 1 1
38 3 12 1 1
38 3 12 1 1
38 3 12 0 0
38 3 12 1 1
38 3 12 1 1
38 3 12 0 0
38 3 12 1 1
39 4 10 0 0
39 4 10 1 1
39 4 10 1 0
39 4 10 1 1
39 4 10 0 1
39 4 10 0 0
39 4 10 1 1
39 4 10 0 0
39 4 10 0 1
39 4 10 1 0
39 4 10 0 1
39 4 10 0 0
39 4 10 0 1
39 4 10 0 0
39 4 10 0 0
39 4 10 1 0
39 4 10 1 1
39 4 10 0 1
39 4 10 0 0
39 4 10 0 0
39 4 10 1 0
39 4 10 1 1
39 4 10 0 1
39 4 10 0 0
39 4 10 0 0
39 4 10 0 0
39 4 10 1 0
39 4 10 1 1
39 4 10 1 1
39 4 10 0 1
39 4 10 1 0
39 4 10 0 1
39 4 10 1 0
39 4 10 0 1
39 4 10 0 0
39 4 10 0 1
39 4 10 1 1
39 4 10 0 0
39 4 10 1 0
39 4 10 0 0
39 4 10 1 0
39 4 10 1 1
39 4 10 0 1
39 4 10 1 0
39 4 10 0 1
39 4 10 0 0
39 4 10 0 0
39 4 10 1 1
39 4 10 1 0
39 4 10 1 1
40 4 15 0 0
40 4 15 0 0
40 4 15 0 0
40 4 15 0 0
40 4 15 1 1
40 4 15 1 1
40 4 15 0 0
40 4 15 0 0
40 4 15 1 1
40 4 15 1 1
40 4 15 0 0
40 4 15 0 0
40 4 15 1 1
40 4 15 1 1
40 4 15 1 1
40 4 15 0 0
40 4 15 1 1
40 4 15 0 0
40 4 15 1 1
40 4 15 0 0
40 4 15 1 1
40 4 15 1 1
40 4 15 1 1
40 4 15 1 0
40 4 15 0 0
40 4 15 1 1
40 4 15 1 1
40 4 15 1 1
40 4 15 1 1
40 4 15 1 1
40 4 15 0 0
40 4 15 1 1
40 4 15 1 0
40 4 15 1 1
40 4 15 0 0
40 4 15 0 0
40 4 15 0 0
40 4 15 0 0
40 4 15 1 1
40 4 15 0 0
40 4 15 1 0
40 4 15 0 0
40 4 15 0 0
40 4 15 0 0
40 4 15 1 1
40 4 15 1 1
40 4 15 1 1
40 4 15 0 0
40 4 15 1 1
40 4 15 1 1
41 4 13 0 0
41 4 13 1 1
41 4 13 1 1
41 4 13 0 0
41 4 13 1 1
41 4 13 0 1
41 4 13 1 1
41 4 13 0 0
41 4 13 0 0
41 4 13 0 0
41 4 13 1 1
41 4 13 0 0
41 4 13 1 1
41 4 13 0 0
41 4 13 1 1
41 4 13 1 1
41 4 13 0 0
41 4 13 1 1
41 4 13 1 1
41 4 13 1 1
41 4 13 0 0
41 4 13 1 0
41 4 13 1 1
41 4 13 1 1
41 4 13 1 0
41 4 13 1 1
41 4 13 1 1
41 4 13 0 1
41 4 13 1 1
41 4 13 0 0
41 4 13 0 0
41 4 13 0 0
41 4 13 0 0
41 4 13 1 1
41 4 13 1 1
41 4 13 0 0
41 4 13 1 1
41 4 13 0 0
41 4 13 0 1
41 4 13 1 1
41 4 13 0 0
41 4 13 0 0
41 4 13 1 1
41 4 13 1 1
41 4 13 0 0
41 4 13 0 0
41 4 13 1 1
41 4 13 0 0
41 4 13 0 0
41 4 13 1 1
42 4 14 1 1
42 4 14 0 0
42 4 14 1 1
42 4 14 0 0
42 4 14 0 0
42 4 14 1 1
42 4 14 0 0
42 4 14 1 1
42 4 14 1 1
42 4 14 1 1
42 4 14 0 0
42 4 14 0 0
42 4 14 1 1
42 4 14 0 0
42 4 14 0 0
42 4 14 1 1
42 4 14 0 1
42 4 14 1 0
42 4 14 0 0
42 4 14 1 1
42 4 14 0 0
42 4 14 0 0
42 4 14 0 0
42 4 14 0 0
42 4 14 1 1
42 4 14 0 0
42 4 14 0 0
42 4 14 1 1
42 4 14 0 0
42 4 14 1 1
42 4 14 0 0
42 4 14 1 1
42 4 14 1 1
42 4 14 0 0
42 4 14 1 1
42 4 14 1 1
42 4 14 0 1
42 4 14 1 1
42 4 14 0 0
42 4 14 0 1
42 4 14 1 1
42 4 14 1 1
42 4 14 1 1
42 4 14 0 0
42 4 14 1 1
42 4 14 1 1
42 4 14 1 1
42 4 14 0 0
42 4 14 1 1
42 4 14 1 1
43 4 12 1 1
43 4 12 1 1
43 4 12 1 1
43 4 12 0 0
43 4 12 1 1
43 4 12 0 0
43 4 12 1 1
43 4 12 1 1
43 4 12 0 0
43 4 12 1 1
43 4 12 0 0
43 4 12 1 1
43 4 12 1 1
43 4 12 1 1
43 4 12 0 0
43 4 12 0 0
43 4 12 1 1
43 4 12 0 0
43 4 12 1 1
43 4 12 1 1
43 4 12 0 0
43 4 12 1 1
43 4 12 1 1
43 4 12 1 1
43 4 12 1 1
43 4 12 1 1
43 4 12 0 0
43 4 12 0 0
43 4 12 1 1
43 4 12 1 1
43 4 12 0 0
43 4 12 1 1
43 4 12 0 0
43 4 12 1 1
43 4 12 0 0
43 4 12 0 0
43 4 12 1 1
43 4 12 0 0
43 4 12 0 0
43 4 12 1 1
43 4 12 1 1
43 4 12 0 0
43 4 12 0 0
43 4 12 0 0
43 4 12 1 1
43 4 12 0 0
43 4 12 0 0
43 4 12 0 0
43 4 12 0 0
43 4 12 0 0
44 4 11 1 1
44 4 11 1 1
44 4 11 0 0
44 4 11 1 1
44 4 11 0 0
44 4 11 1 0
44 4 11 1 1
44 4 11 0 0
44 4 11 1 1
44 4 11 1 1
44 4 11 1 1
44 4 11 1 1
44 4 11 0 0
44 4 11 1 1
44 4 11 0 0
44 4 11 0 0
44 4 11 0 0
44 4 11 0 0
44 4 11 1 1
44 4 11 0 0
44 4 11 0 0
44 4 11 1 1
44 4 11 0 0
44 4 11 1 1
44 4 11 1 1
44 4 11 0 0
44 4 11 0 0
44 4 11 0 0
44 4 11 0 0
44 4 11 1 1
44 4 11 1 0
44 4 11 1 1
44 4 11 0 0
44 4 11 1 1
44 4 11 0 0
44 4 11 0 0
44 4 11 1 0
44 4 11 0 0
44 4 11 0 0
44 4 11 0 0
44 4 11 0 0
44 4 11 0 0
44 4 11 1 1
44 4 11 1 0
44 4 11 0 0
44 4 11 0 0
44 4 11 0 0
44 4 11 0 0
44 4 11 0 0
44 4 11 1 1
45 4 8 0 0
45 4 8 0 0
45 4 8 1 0
45 4 8 0 0
45 4 8 1 1
45 4 8 1 1
45 4 8 0 1
45 4 8 1 1
45 4 8 0 1
45 4 8 1 1
45 4 8 1 0
45 4 8 0 1
45 4 8 0 1
45 4 8 1 1
45 4 8 0 1
45 4 8 1 0
45 4 8 1 1
45 4 8 1 1
45 4 8 0 1
45 4 8 0 0
45 4 8 1 0
45 4 8 0 0
45 4 8 1 1
45 4 8 1 1
45 4 8 0 0
45 4 8 1 1
45 4 8 0 0
45 4 8 0 0
45 4 8 0 0
45 4 8 1 0
45 4 8 1 0
45 4 8 1 1
45 4 8 1 1
45 4 8 0 0
45 4 8 1 1
45 4 8 0 0
45 4 8 0 1
45 4 8 1 1
45 4 8 1 1
45 4 8 0 0
45 4 8 0 0
45 4 8 0 0
45 4 8 0 0
45 4 8 1 1
45 4 8 0 0
45 4 8 0 1
45 4 8 0 0
45 4 8 1 0
45 4 8 1 1
45 4 8 0 1
46 4 6 1 0
46 4 6 1 1
46 4 6 1 1
46 4 6 1 0
46 4 6 0 1
46 4 6 0 0
46 4 6 1 0
46 4 6 1 1
46 4 6 0 1
46 4 6 1 0
46 4 6 0 1
46 4 6 0 0
46 4 6 1 0
46 4 6 1 1
46 4 6 1 1
46 4 6 0 1
46 4 6 0 0
46 4 6 0 0
46 4 6 1 0
46 4 6 0 1
46 4 6 1 1
46 4 6 1 1
46 4 6 0 0
46 4 6 1 1
46 4 6 1 0
46 4 6 0 0
46 4 6 1 1
46 4 6 0 0
46 4 6 0 1
46 4 6 0 0
46 4 6 1 0
46 4 6 1 1
46 4 6 1 1
46 4 6 0 1
46 4 6 0 0
46 4 6 0 0
46 4 6 0 0
46 4 6 0 1
46 4 6 0 0
46 4 6 0 0
46 4 6 1 0
46 4 6 1 1
46 4 6 1 1
46 4 6 1 0
46 4 6 1 1
46 4 6 1 1
46 4 6 1 1
46 4 6 0 0
46 4 6 0 0
46 4 6 0 0
47 4 4 0 0
47 4 4 1 0
47 4 4 1 1
47 4 4 1 1
47 4 4 0 1
47 4 4 1 0
47 4 4 1 1
47 4 4 1 1
47 4 4 0 1
47 4 4 0 0
47 4 4 0 0
47 4 4 0 0
47 4 4 0 0
47 4 4 1 0
47 4 4 0 1
47 4 4 1 0
47 4 4 1 0
47 4 4 1 1
47 4 4 0 1
47 4 4 1 0
47 4 4 1 1
47 4 4 1 1
47 4 4 1 0
47 4 4 1 0
47 4 4 0 1
47 4 4 1 1
47 4 4 1 1
47 4 4 0 1
47 4 4 0 0
47 4 4 1 0
47 4 4 1 1
47 4 4 0 1
47 4 4 1 1
47 4 4 1 0
47 4 4 0 1
47 4 4 0 0
47 4 4 1 0
47 4 4 1 1
47 4 4 1 1
47 4 4 0 0
47 4 4 1 1
47 4 4 1 0
47 4 4 1 1
47 4 4 1 0
47 4 4 0 1
47 4 4 1 0
47 4 4 1 1
47 4 4 1 1
47 4 4 0 1
47 4 4 1 0
48 4 9 1 0
48 4 9 1 1
48 4 9 1 1
48 4 9 1 1
48 4 9 1 1
48 4 9 0 0
48 4 9 0 0
48 4 9 1 1
48 4 9 0 0
48 4 9 1 1
48 4 9 1 0
48 4 9 1 0
48 4 9 0 1
48 4 9 0 0
48 4 9 1 0
48 4 9 1 1
48 4 9 0 0
48 4 9 0 0
48 4 9 0 0
48 4 9 1 0
48 4 9 1 1
48 4 9 1 1
48 4 9 0 0
48 4 9 0 0
48 4 9 0 0
48 4 9 0 0
48 4 9 1 1
48 4 9 1 0
48 4 9 1 1
48 4 9 0 0
48 4 9 1 1
48 4 9 1 0
48 4 9 0 0
48 4 9 1 0
48 4 9 0 0
48 4 9 0 0
48 4 9 0 0
48 4 9 0 0
48 4 9 1 0
48 4 9 1 1
48 4 9 1 0
48 4 9 0 0
48 4 9 0 0
48 4 9 0 0
48 4 9 0 0
48 4 9 0 0
48 4 9 1 1
48 4 9 1 1
48 4 9 1 1
48 4 9 0 0
49 4 5 0 1
49 4 5 1 0
49 4 5 1 1
49 4 5 1 1
49 4 5 1 1
49 4 5 0 1
49 4 5 0 0
49 4 5 0 0
49 4 5 1 0
49 4 5 1 1
49 4 5 1 1
49 4 5 0 1
49 4 5 0 0
49 4 5 1 0
49 4 5 0 1
49 4 5 0 0
49 4 5 0 0
49 4 5 0 0
49 4 5 1 0
49 4 5 0 1
49 4 5 1 0
49 4 5 0 1
49 4 5 0 0
49 4 5 1 0
49 4 5 1 1
49 4 5 0 1
49 4 5 0 0
49 4 5 1 0
49 4 5 1 1
49 4 5 0 1
49 4 5 1 0
49 4 5 0 1
49 4 5 1 1
49 4 5 0 1
49 4 5 1 0
49 4 5 0 1
49 4 5 1 0
49 4 5 0 1
49 4 5 0 1
49 4 5 1 0
49 4 5 0 0
49 4 5 0 1
49 4 5 1 0
49 4 5 1 1
49 4 5 0 0
49 4 5 1 1
49 4 5 1 0
49 4 5 0 1
49 4 5 0 0
49 4 5 1 0
50 5 10 1 0
50 5 10 0 1
50 5 10 0 1
50 5 10 0 1
50 5 10 0 0
50 5 10 1 0
50 5 10 1 1
50 5 10 1 0
50 5 10 0 1
50 5 10 0 0
50 5 10 0 0
50 5 10 0 0
50 5 10 1 0
50 5 10 1 1
50 5 10 1 1
50 5 10 0 0
50 5 10 1 0
50 5 10 0 1
50 5 10 0 1
50 5 10 0 1
50 5 10 0 0
50 5 10 1 0
50 5 10 0 1
50 5 10 1 0
50 5 10 0 1
50 5 10 0 1
50 5 10 0 0
50 5 10 0 0
50 5 10 1 1
50 5 10 1 1
50 5 10 0 1
50 5 10 1 1
50 5 10 0 0
50 5 10 0 0
50 5 10 1 1
50 5 10 1 1
50 5 10 1 0
50 5 10 0 1
50 5 10 0 0
50 5 10 0 1
50 5 10 1 1
50 5 10 0 1
50 5 10 1 0
50 5 10 1 1
50 5 10 0 1
50 5 10 1 0
50 5 10 1 1
50 5 10 0 0
50 5 10 1 1
50 5 10 1 0
51 5 15 1 1
51 5 15 0 1
51 5 15 1 0
51 5 15 0 1
51 5 15 1 0
51 5 15 0 1
51 5 15 1 0
51 5 15 1 1
51 5 15 0 1
51 5 15 0 0
51 5 15 0 0
51 5 15 1 0
51 5 15 1 1
51 5 15 0 1
51 5 15 0 0
51 5 15 0 0
51 5 15 1 0
51 5 15 0 1
51 5 15 1 0
51 5 15 1 0
51 5 15 0 0
51 5 15 0 0
51 5 15 0 0
51 5 15 1 1
51 5 15 0 0
51 5 15 1 1
51 5 15 1 1
51 5 15 1 0
51 5 15 1 1
51 5 15 1 1
51 5 15 0 1
51 5 15 0 0
51 5 15 0 0
51 5 15 1 0
51 5 15 1 0
51 5 15 1 1
51 5 15 1 0
51 5 15 1 1
51 5 15 1 1
51 5 15 0 1
51 5 15 1 0
51 5 15 0 1
51 5 15 0 1
51 5 15 0 0
51 5 15 1 1
51 5 15 1 0
51 5 15 0 1
51 5 15 0 0
51 5 15 0 0
51 5 15 0 1
52 5 20 0 1
52 5 20 0 0
52 5 20 1 0
52 5 20 0 0
52 5 20 1 0
52 5 20 1 1
52 5 20 1 1
52 5 20 0 0
52 5 20 0 0
52 5 20 1 1
52 5 20 1 1
52 5 20 0 0
52 5 20 0 0
52 5 20 1 1
52 5 20 0 0
52 5 20 0 0
52 5 20 0 0
52 5 20 0 0
52 5 20 1 1
52 5 20 1 1
52 5 20 1 1
52 5 20 0 0
52 5 20 1 0
52 5 20 1 0
52 5 20 0 0
52 5 20 0 0
52 5 20 0 0
52 5 20 1 0
52 5 20 1 1
52 5 20 1 0
52 5 20 1 1
52 5 20 0 0
52 5 20 0 0
52 5 20 1 1
52 5 20 1 1
52 5 20 1 0
52 5 20 1 1
52 5 20 1 1
52 5 20 0 0
52 5 20 0 0
52 5 20 0 0
52 5 20 1 0
52 5 20 1 1
52 5 20 1 0
52 5 20 1 1
52 5 20 1 1
52 5 20 1 0
52 5 20 1 1
52 5 20 0 0
52 5 20 1 1
53 5 23 1 1
53 5 23 1 0
53 5 23 1 1
53 5 23 0 1
53 5 23 0 0
53 5 23 1 0
53 5 23 0 1
53 5 23 1 1
53 5 23 1 1
53 5 23 1 1
53 5 23 1 1
53 5 23 0 0
53 5 23 0 0
53 5 23 1 0
53 5 23 0 0
53 5 23 1 1
53 5 23 0 1
53 5 23 1 0
53 5 23 0 0
53 5 23 0 0
53 5 23 1 0
53 5 23 0 1
53 5 23 0 1
53 5 23 1 0
53 5 23 0 0
53 5 23 1 1
53 5 23 0 1
53 5 23 0 0
53 5 23 0 0
53 5 23 1 1
53 5 23 0 1
53 5 23 1 0
53 5 23 1 0
53 5 23 0 0
53 5 23 1 1
53 5 23 1 1
53 5 23 0 0
53 5 23 0 0
53 5 23 0 0
53 5 23 1 1
53 5 23 1 1
53 5 23 0 0
53 5 23 0 0
53 5 23 1 1
53 5 23 0 1
53 5 23 0 0
53 5 23 1 1
53 5 23 0 0
53 5 23 1 0
53 5 23 1 1
54 5 30 1 1
54 5 30 0 0
54 5 30 0 0
54 5 30 0 0
54 5 30 1 1
54 5 30 1 1
54 5 30 0 0
54 5 30 0 0
54 5 30 1 1
54 5 30 0 0
54 5 30 1 1
54 5 30 0 0
54 5 30 0 0
54 5 30 0 0
54 5 30 0 0
54 5 30 0 0
54 5 30 0 0
54 5 30 1 1
54 5 30 0 0
54 5 30 1 1
54 5 30 1 1
54 5 30 0 0
54 5 30 0 0
54 5 30 1 1
54 5 30 1 1
54 5 30 1 1
54 5 30 0 0
54 5 30 1 1
54 5 30 1 1
54 5 30 0 0
54 5 30 0 0
54 5 30 1 1
54 5 30 0 0
54 5 30 1 1
54 5 30 0 0
54 5 30 0 0
54 5 30 0 0
54 5 30 0 0
54 5 30 0 0
54 5 30 0 0
54 5 30 1 1
54 5 30 1 1
54 5 30 1 1
54 5 30 1 1
54 5 30 1 1
54 5 30 0 0
54 5 30 1 1
54 5 30 0 0
54 5 30 0 0
54 5 30 1 1
55 5 25 1 1
55 5 25 1 1
55 5 25 1 1
55 5 25 1 0
55 5 25 1 1
55 5 25 1 1
55 5 25 0 0
55 5 25 1 1
55 5 25 1 1
55 5 25 0 0
55 5 25 0 0
55 5 25 0 0
55 5 25 0 0
55 5 25 0 0
55 5 25 1 1
55 5 25 0 0
55 5 25 0 0
55 5 25 0 1
55 5 25 0 0
55 5 25 0 0
55 5 25 1 1
55 5 25 0 0
55 5 25 0 0
55 5 25 1 1
55 5 25 1 0
55 5 25 1 0
55 5 25 1 0
55 5 25 0 0
55 5 25 0 0
55 5 25 0 0
55 5 25 1 1
55 5 25 1 1
55 5 25 1 0
55 5 25 0 0
55 5 25 1 1
55 5 25 0 0
55 5 25 0 0
55 5 25 0 0
55 5 25 0 0
55 5 25 0 0
55 5 25 1 1
55 5 25 1 1
55 5 25 0 0
55 5 25 0 1
55 5 25 1 1
55 5 25 1 1
55 5 25 0 0
55 5 25 0 0
55 5 25 0 0
55 5 25 1 1
56 5 24 0 0
56 5 24 0 0
56 5 24 1 1
56 5 24 1 0
56 5 24 1 1
56 5 24 0 0
56 5 24 0 0
56 5 24 0 0
56 5 24 1 1
56 5 24 1 1
56 5 24 1 1
56 5 24 0 0
56 5 24 1 1
56 5 24 0 0
56 5 24 0 0
56 5 24 0 0
56 5 24 0 0
56 5 24 0 0
56 5 24 0 0
56 5 24 0 0
56 5 24 1 0
56 5 24 0 0
56 5 24 0 0
56 5 24 0 0
56 5 24 0 0
56 5 24 1 1
56 5 24 1 1
56 5 24 0 0
56 5 24 1 1
56 5 24 1 1
56 5 24 0 0
56 5 24 0 0
56 5 24 0 0
56 5 24 1 0
56 5 24 0 0
56 5 24 0 0
56 5 24 1 1
56 5 24 1 1
56 5 24 1 1
56 5 24 0 0
56 5 24 1 1
56 5 24 0 0
56 5 24 0 0
56 5 24 0 0
56 5 24 0 0
56 5 24 0 0
56 5 24 1 0
56 5 24 1 1
56 5 24 1 1
56 5 24 0 0
57 5 27 1 1
57 5 27 1 1
57 5 27 0 0
57 5 27 1 1
57 5 27 1 1
57 5 27 1 1
57 5 27 1 1
57 5 27 1 1
57 5 27 0 0
57 5 27 0 0
57 5 27 0 0
57 5 27 1 1
57 5 27 0 0
57 5 27 1 1
57 5 27 0 0
57 5 27 0 0
57 5 27 0 0
57 5 27 1 1
57 5 27 0 0
57 5 27 1 1
57 5 27 1 1
57 5 27 0 0
57 5 27 1 1
57 5 27 0 0
57 5 27 1 1
57 5 27 0 0
57 5 27 0 0
57 5 27 0 0
57 5 27 1 1
57 5 27 1 1
57 5 27 0 0
57 5 27 0 0
57 5 27 0 0
57 5 27 1 1
57 5 27 0 1
57 5 27 1 1
57 5 27 1 1
57 5 27 0 0
57 5 27 0 0
57 5 27 1 0
57 5 27 0 0
57 5 27 0 0
57 5 27 0 0
57 5 27 1 1
57 5 27 0 0
57 5 27 0 0
57 5 27 0 0
57 5 27 1 1
57 5 27 0 0
57 5 27 0 0
58 5 23 0 1
58 5 23 0 1
58 5 23 0 1
58 5 23 0 0
58 5 23 1 0
58 5 23 1 1
58 5 23 0 1
58 5 23 1 1
58 5 23 0 0
58 5 23 1 0
58 5 23 0 0
58 5 23 0 1
58 5 23 0 0
58 5 23 0 0
58 5 23 0 0
58 5 23 0 0
58 5 23 1 1
58 5 23 0 0
58 5 23 1 1
58 5 23 1 1
58 5 23 0 0
58 5 23 0 0
58 5 23 1 1
58 5 23 0 0
58 5 23 1 0
58 5 23 0 0
58 5 23 1 1
58 5 23 0 0
58 5 23 0 0
58 5 23 1 1
58 5 23 1 1
58 5 23 1 1
58 5 23 1 1
58 5 23 0 0
58 5 23 0 0
58 5 23 1 1
58 5 23 0 0
58 5 23 1 1
58 5 23 0 0
58 5 23 1 1
58 5 23 1 1
58 5 23 0 0
58 5 23 0 0
58 5 23 0 0
58 5 23 0 0
58 5 23 1 1
58 5 23 1 1
58 5 23 0 0
58 5 23 1 1
58 5 23 0 0
59 5 18 0 0
59 5 18 0 0
59 5 18 0 1
59 5 18 0 0
59 5 18 1 1
59 5 18 1 1
59 5 18 1 1
59 5 18 1 1
59 5 18 1 1
59 5 18 1 0
59 5 18 0 0
59 5 18 1 0
59 5 18 1 1
59 5 18 0 0
59 5 18 0 0
59 5 18 1 1
59 5 18 0 0
59 5 18 0 0
59 5 18 1 1
59 5 18 1 0
59 5 18 1 1
59 5 18 0 0
59 5 18 1 1
59 5 18 0 0
59 5 18 0 0
59 5 18 0 0
59 5 18 0 1
59 5 18 0 1
59 5 18 0 0
59 5 18 1 0
59 5 18 1 1
59 5 18 1 1
59 5 18 0 0
59 5 18 1 1
59 5 18 1 0
59 5 18 1 1
59 5 18 0 0
59 5 18 0 0
59 5 18 0 0
59 5 18 0 0
59 5 18 1 1
59 5 18 0 0
59 5 18 0 0
59 5 18 0 0
59 5 18 0 1
59 5 18 1 1
59 5 18 0 0
59 5 18 1 1
59 5 18 0 0
59 5 18 0 0
60 5 16 0 0
60 5 16 0 1
60 5 16 0 0
60 5 16 1 1
60 5 16 1 1
60 5 16 0 0
60 5 16 1 1
60 5 16 0 1
60 5 16 1 1
60 5 16 1 1
60 5 16 1 1
60 5 16 0 0
60 5 16 1 1
60 5 16 0 0
60 5 16 0 0
60 5 16 0 0
60 5 16 1 0
60 5 16 0 0
60 5 16 1 0
60 5 16 1 0
60 5 16 1 0
60 5 16 0 0
60 5 16 0 0
60 5 16 0 1
60 5 16 0 0
60 5 16 1 1
60 5 16 0 0
60 5 16 1 0
60 5 16 0 0
60 5 16 1 1
60 5 16 1 0
60 5 16 1 1
60 5 16 0 0
60 5 16 1 1
60 5 16 0 0
60 5 16 1 0
60 5 16 1 0
60 5 16 0 0
60 5 16 1 1
60 5 16 0 0
60 5 16 0 1
60 5 16 1 0
60 5 16 1 1
60 5 16 1 1
60 5 16 1 1
60 5 16 0 0
60 5 16 1 1
60 5 16 1 1
60 5 16 0 0
60 5 16 1 1
61 5 14 1 1
61 5 14 1 1
61 5 14 1 1
61 5 14 0 0
61 5 14 1 1
61 5 14 0 0
61 5 14 1 1
61 5 14 1 0
61 5 14 0 1
61 5 14 1 1
61 5 14 1 0
61 5 14 0 0
61 5 14 0 0
61 5 14 0 0
61 5 14 0 0
61 5 14 0 1
61 5 14 1 0
61 5 14 0 0
61 5 14 1 0
61 5 14 1 0
61 5 14 1 0
61 5 14 1 1
61 5 14 0 0
61 5 14 0 0
61 5 14 0 0
61 5 14 0 0
61 5 14 0 0
61 5 14 1 0
61 5 14 0 0
61 5 14 0 0
61 5 14 0 0
61 5 14 0 1
61 5 14 0 0
61 5 14 1 0
61 5 14 1 1
61 5 14 0 1
61 5 14 1 1
61 5 14 0 0
61 5 14 1 1
61 5 14 0 0
61 5 14 1 0
61 5 14 0 0
61 5 14 0 0
61 5 14 0 0
61 5 14 0 0
61 5 14 0 0
61 5 14 1 0
61 5 14 0 0
61 5 14 1 1
61 5 14 0 0
62 5 12 1 1
62 5 12 1 1
62 5 12 0 0
62 5 12 0 1
62 5 12 0 0
62 5 12 1 1
62 5 12 1 0
62 5 12 1 1
62 5 12 1 0
62 5 12 1 1
62 5 12 0 1
62 5 12 1 0
62 5 12 1 0
62 5 12 1 1
62 5 12 1 1
62 5 12 1 1
62 5 12 1 0
62 5 12 0 0
62 5 12 0 0
62 5 12 1 1
62 5 12 1 0
62 5 12 0 1
62 5 12 1 0
62 5 12 0 0
62 5 12 0 0
62 5 12 1 1
62 5 12 0 0
62 5 12 1 0
62 5 12 1 0
62 5 12 0 1
62 5 12 1 0
62 5 12 0 0
62 5 12 0 0
62 5 12 1 1
62 5 12 1 0
62 5 12 1 1
62 5 12 1 1
62 5 12 1 1
62 5 12 0 0
62 5 12 0 0
62 5 12 0 0
62 5 12 0 0
62 5 12 0 0
62 5 12 0 0
62 5 12 1 1
62 5 12 0 0
62 5 12 0 0
62 5 12 1 1
62 5 12 0 1
62 5 12 1 1
63 5 10 0 1
63 5 10 1 1
63 5 10 1 0
63 5 10 0 1
63 5 10 0 0
63 5 10 1 1
63 5 10 1 0
63 5 10 1 0
63 5 10 0 1
63 5 10 1 0
63 5 10 1 1
63 5 10 1 0
63 5 10 0 1
63 5 10 1 0
63 5 10 0 1
63 5 10 0 0
63 5 10 1 1
63 5 10 0 1
63 5 10 0 0
63 5 10 1 0
63 5 10 0 0
63 5 10 0 0
63 5 10 1 0
63 5 10 0 0
63 5 10 1 1
63 5 10 1 1
63 5 10 0 1
63 5 10 0 0
63 5 10 0 0
63 5 10 1 0
63 5 10 0 0
63 5 10 0 0
63 5 10 0 0
63 5 10 0 0
63 5 10 0 0
63 5 10 1 1
63 5 10 1 1
63 5 10 0 1
63 5 10 1 0
63 5 10 1 0
63 5 10 1 1
63 5 10 0 1
63 5 10 1 1
63 5 10 0 0
63 5 10 0 0
63 5 10 0 0
63 5 10 1 1
63 5 10 1 1
63 5 10 1 1
63 5 10 0 0
64 5 8 1 1
64 5 8 1 0
64 5 8 0 0
64 5 8 1 1
64 5 8 1 1
64 5 8 0 1
64 5 8 0 1
64 5 8 0 0
64 5 8 0 0
64 5 8 0 0
64 5 8 0 0
64 5 8 1 1
64 5 8 1 0
64 5 8 1 1
64 5 8 1 1
64 5 8 1 1
64 5 8 0 0
64 5 8 0 0
64 5 8 1 0
64 5 8 0 1
64 5 8 0 0
64 5 8 0 1
64 5 8 1 0
64 5 8 0 0
64 5 8 1 0
64 5 8 1 0
64 5 8 0 1
64 5 8 0 1
64 5 8 1 0
64 5 8 0 1
64 5 8 0 0
64 5 8 0 1
64 5 8 0 0
64 5 8 0 0
64 5 8 0 0
64 5 8 1 1
64 5 8 0 0
64 5 8 0 1
64 5 8 1 1
64 5 8 0 1
64 5 8 1 0
64 5 8 1 0
64 5 8 0 1
64 5 8 1 1
64 5 8 1 1
64 5 8 0 1
64 5 8 0 0
64 5 8 1 0
64 5 8 0 0
64 5 8 1 1
