0 0 10 0 0
0 0 10 0 0
0 0 10 1 1
0 0 10 0 0
0 0 10 1 1
0 0 10 1 1
0 0 10 1 1
0 0 10 0 0
0 0 10 1 1
0 0 10 1 1
0 0 10 0 0
0 0 10 1 1
0 0 10 0 1
0 0 10 0 0
0 0 10 0 0
0 0 10 1 1
0 0 10 1 1
0 0 10 0 0
0 0 10 0 1
0 0 10 0 0
0 0 10 1 0
0 0 10 1 1
0 0 10 1 1
0 0 10 1 1
0 0 10 1 1
0 0 10 0 0
0 0 10 0 0
0 0 10 1 1
0 0 10 0 0
0 0 10 1 1
0 0 10 1 0
0 0 10 0 0
0 0 10 0 0
0 0 10 0 0
0 0 10 0 0
0 0 10 1 1
0 0 10 0 0
0 0 10 0 0
0 0 10 1 0
0 0 10 1 1
0 0 10 0 0
0 0 10 0 0
0 0 10 0 0
0 0 10 1 1
0 0 10 1 1
0 0 10 1 0
0 0 10 0 0
0 0 10 0 0
0 0 10 1 1
0 0 10 0 0
1 0 12 1 1
1 0 12 0 0
1 0 12 1 1
1 0 12 0 0
1 0 12 0 0
1 0 12 0 0
1 0 12 0 0
1 0 12 1 1
1 0 12 1 1
1 0 12 0 0
1 0 12 0 0
1 0 12 1 1
1 0 12 1 1
1 0 12 1 1
1 0 12 0 0
1 0 12 0 0
1 0 12 0 0
1 0 12 0 0
1 0 12 0 0
1 0 12 1 1
1 0 12 0 0
1 0 12 1 1
1 0 12 1 1
1 0 12 0 0
1 0 12 1 1
1 0 12 0 0
1 0 12 0 0
1 0 12 0 0
1 0 12 0 0
1 0 12 1 1
1 0 12 1 1
1 0 12 1 1
1 0 12 0 0
1 0 12 0 0
1 0 12 1 1
1 0 12 1 1
1 0 12 0 0
1 0 12 1 1
1 0 12 1 1
1 0 12 0 0
1 0 12 0 0
1 0 12 0 0
1 0 12 1 1
1 0 12 0 0
1 0 12 1 1
1 0 12 0 0
1 0 12 0 0
1 0 12 0 0
1 0 12 0 0
1 0 12 0 0
2 0 11 1 1
2 0 11 0 0
2 0 11 0 0
2 0 11 1 1
2 0 11 0 0
2 0 11 1 1
2 0 11 1 1
2 0 11 1 1
2 0 11 1 1
2 0 11 0 0
2 0 11 1 1
2 0 11 0 0
2 0 11 0 0
2 0 11 0 0
2 0 11 0 0
2 0 11 1 1
2 0 11 0 0
2 0 11 0 0
2 0 11 1 1
2 0 11 1 1
2 0 11 0 0
2 0 11 1 1
2 0 11 0 0
2 0 11 1 1
2 0 11 1 1
2 0 11 1 1
2 0 11 0 0
2 0 11 1 1
2 0 11 0 0
2 0 11 1 1
2 0 11 0 0
2 0 11 1 1
2 0 11 1 1
2 0 11 0 0
2 0 11 1 1
2 0 11 0 0
2 0 11 0 0
2 0 11 0 0
2 0 11 1 1
2 0 11 0 0
2 0 11 0 0
2 0 11 1 1
2 0 11 1 1
2 0 11 0 0
2 0 11 0 0
2 0 11 0 0
2 0 11 1 1
2 0 11 1 1
2 0 11 0 0
2 0 11 1 1
3 0 8 0 0
3 0 8 1 1
3 0 8 1 1
3 0 8 0 0
3 0 8 1 1
3 0 8 1 1
3 0 8 0 0
3 0 8 1 0
3 0 8 1 1
3 0 8 0 0
3 0 8 0 0
3 0 8 0 0
3 0 8 0 0
3 0 8 1 1
3 0 8 1 1
3 0 8 1 1
3 0 8 0 0
3 0 8 0 0
3 0 8 0 0
3 0 8 1 1
3 0 8 0 0
3 0 8 1 1
3 0 8 0 0
3 0 8 1 1
3 0 8 0 0
3 0 8 0 0
3 0 8 0 0
3 0 8 0 0
3 0 8 1 1
3 0 8 0 0
3 0 8 0 0
3 0 8 0 0
3 0 8 0 0
3 0 8 1 1
3 0 8 1 1
3 0 8 1 0
3 0 8 0 0
3 0 8 0 0
3 0 8 1 1
3 0 8 1 1
3 0 8 1 1
3 0 8 0 0
3 0 8 0 0
3 0 8 1 0
3 0 8 0 0
3 0 8 1 1
3 0 8 0 0
3 0 8 1 1
3 0 8 0 0
3 0 8 1 1
4 0 5 0 0
4 0 5 0 0
4 0 5 0 0
4 0 5 1 1
4 0 5 0 1
4 0 5 1 1
4 0 5 0 0
4 0 5 0 0
4 0 5 1 1
4 0 5 0 0
4 0 5 0 1
4 0 5 0 0
4 0 5 0 1
4 0 5 0 1
4 0 5 0 0
4 0 5 0 0
4 0 5 0 0
4 0 5 1 1
4 0 5 0 0
4 0 5 0 0
4 0 5 1 0
4 0 5 1 1
4 0 5 1 0
4 0 5 0 0
4 0 5 1 1
4 0 5 1 1
4 0 5 0 0
4 0 5 1 1
4 0 5 1 1
4 0 5 1 1
4 0 5 0 0
4 0 5 0 0
4 0 5 0 1
4 0 5 1 1
4 0 5 1 1
4 0 5 1 0
4 0 5 1 0
4 0 5 0 0
4 0 5 0 0
4 0 5 1 0
4 0 5 1 1
4 0 5 1 0
4 0 5 0 0
4 0 5 1 1
4 0 5 0 0
4 0 5 1 0
4 0 5 1 0
4 0 5 0 1
4 0 5 1 0
4 0 5 0 0
5 0 3 0 0
5 0 3 0 0
5 0 3 0 0
5 0 3 1 1
5 0 3 0 1
5 0 3 1 0
5 0 3 1 0
5 0 3 1 0
5 0 3 0 0
5 0 3 1 1
5 0 3 0 1
5 0 3 0 0
5 0 3 1 0
5 0 3 1 1
5 0 3 0 0
5 0 3 1 1
5 0 3 0 0
5 0 3 1 1
5 0 3 0 0
5 0 3 1 1
5 0 3 1 0
5 0 3 0 1
5 0 3 0 0
5 0 3 1 0
5 0 3 1 1
5 0 3 1 0
5 0 3 1 0
5 0 3 0 0
5 0 3 0 0
5 0 3 1 0
5 0 3 0 0
5 0 3 1 1
5 0 3 1 1
5 0 3 0 1
5 0 3 0 1
5 0 3 1 0
5 0 3 1 1
5 0 3 0 0
5 0 3 1 1
5 0 3 1 0
5 0 3 1 1
5 0 3 1 0
5 0 3 1 0
5 0 3 0 0
5 0 3 1 0
5 0 3 0 1
5 0 3 1 1
5 0 3 0 0
5 0 3 1 0
5 0 3 0 0
6 0 2 1 0
6 0 2 0 1
6 0 2 0 1
6 0 2 1 1
6 0 2 0 0
6 0 2 0 0
6 0 2 0 0
6 0 2 1 1
6 0 2 1 0
6 0 2 0 1
6 0 2 1 0
6 0 2 0 0
6 0 2 1 0
6 0 2 0 1
6 0 2 0 0
6 0 2 1 1
6 0 2 1 0
6 0 2 0 1
6 0 2 0 0
6 0 2 0 1
6 0 2 0 0
6 0 2 0 1
6 0 2 0 0
6 0 2 0 1
6 0 2 1 0
6 0 2 0 1
6 0 2 1 0
6 0 2 1 1
6 0 2 0 0
6 0 2 1 1
6 0 2 0 0
6 0 2 0 0
6 0 2 0 1
6 0 2 1 0
6 0 2 1 1
6 0 2 1 0
6 0 2 0 1
6 0 2 1 0
6 0 2 0 1
6 0 2 1 0
6 0 2 0 1
6 0 2 1 0
6 0 2 1 1
6 0 2 1 0
6 0 2 0 1
6 0 2 1 0
6 0 2 0 1
6 0 2 0 0
6 0 2 0 1
6 0 2 0 0
7 0 6 0 0
7 0 6 0 0
7 0 6 0 0
7 0 6 0 0
7 0 6 1 1
7 0 6 1 0
7 0 6 1 1
7 0 6 1 1
7 0 6 0 0
7 0 6 1 1
7 0 6 0 0
7 0 6 0 1
7 0 6 1 0
7 0 6 0 0
7 0 6 0 0
7 0 6 0 0
7 0 6 1 0
7 0 6 1 1
7 0 6 0 0
7 0 6 0 0
7 0 6 0 0
7 0 6 1 1
7 0 6 0 0
7 0 6 1 1
7 0 6 1 1
7 0 6 0 0
7 0 6 1 1
7 0 6 0 0
7 0 6 1 1
7 0 6 1 1
7 0 6 1 1
7 0 6 0 0
7 0 6 1 1
7 0 6 0 1
7 0 6 1 1
7 0 6 0 0
7 0 6 1 1
7 0 6 1 1
7 0 6 1 1
7 0 6 1 1
7 0 6 0 0
7 0 6 0 0
7 0 6 1 1
7 0 6 1 1
7 0 6 1 1
7 0 6 0 0
7 0 6 0 0
7 0 6 1 1
7 0 6 0 0
7 0 6 0 0
8 0 5.5 1 1
8 0 5.5 0 0
8 0 5.5 1 1
8 0 5.5 1 1
8 0 5.5 0 0
8 0 5.5 0 0
8 0 5.5 0 0
8 0 5.5 0 0
8 0 5.5 0 0
8 0 5.5 0 0
8 0 5.5 1 1
8 0 5.5 1 0
8 0 5.5 1 1
8 0 5.5 1 1
8 0 5.5 0 0
8 0 5.5 0 0
8 0 5.5 0 0
8 0 5.5 1 0
8 0 5.5 1 1
8 0 5.5 1 1
8 0 5.5 1 1
8 0 5.5 1 0
8 0 5.5 0 1
8 0 5.5 1 1
8 0 5.5 1 0
8 0 5.5 0 0
8 0 5.5 0 0
8 0 5.5 0 0
8 0 5.5 0 0
8 0 5.5 0 0
8 0 5.5 0 0
8 0 5.5 1 1
8 0 5.5 0 0
8 0 5.5 0 0
8 0 5.5 0 0
8 0 5.5 1 1
8 0 5.5 0 0
8 0 5.5 0 0
8 0 5.5 1 1
8 0 5.5 1 1
8 0 5.5 0 0
8 0 5.5 0 0
8 0 5.5 0 0
8 0 5.5 0 0
8 0 5.5 0 0
8 0 5.5 0 0
8 0 5.5 0 0
8 0 5.5 0 0
8 0 5.5 1 1
8 0 5.5 0 0
9 0 4 0 0
9 0 4 0 1
9 0 4 1 1
9 0 4 0 0
9 0 4 0 0
9 0 4 1 1
9 0 4 0 0
9 0 4 1 1
9 0 4 0 0
9 0 4 0 0
9 0 4 0 1
9 0 4 1 1
9 0 4 1 1
9 0 4 1 1
9 0 4 0 0
9 0 4 0 0
9 0 4 0 0
9 0 4 1 1
9 0 4 0 0
9 0 4 1 1
9 0 4 1 0
9 0 4 0 0
9 0 4 0 1
9 0 4 1 1
9 0 4 1 0
9 0 4 1 1
9 0 4 0 1
9 0 4 0 0
9 0 4 0 0
9 0 4 1 1
9 0 4 0 0
9 0 4 0 1
9 0 4 0 0
9 0 4 1 0
9 0 4 0 0
9 0 4 1 0
9 0 4 1 0
9 0 4 0 1
9 0 4 1 0
9 0 4 0 1
9 0 4 0 0
9 0 4 1 0
9 0 4 1 0
9 0 4 0 0
9 0 4 1 1
9 0 4 0 0
9 0 4 1 1
9 0 4 0 0
9 0 4 0 1
9 0 4 1 0
10 1 10 0 0
10 1 10 0 0
10 1 10 0 0
10 1 10 0 0
10 1 10 0 0
10 1 10 0 1
10 1 10 0 1
10 1 10 1 0
10 1 10 0 1
10 1 10 0 0
10 1 10 1 0
10 1 10 0 0
10 1 10 1 1
10 1 10 1 1
10 1 10 0 0
10 1 10 0 1
10 1 10 1 0
10 1 10 1 1
10 1 10 1 1
10 1 10 0 0
10 1 10 1 1
10 1 10 1 1
10 1 10 0 1
10 1 10 1 0
10 1 10 1 1
10 1 10 1 1
10 1 10 0 0
10 1 10 1 0
10 1 10 1 1
10 1 10 0 1
10 1 10 1 1
10 1 10 1 0
10 1 10 0 0
10 1 10 1 0
10 1 10 1 1
10 1 10 1 0
10 1 10 1 1
10 1 10 1 0
10 1 10 0 1
10 1 10 1 0
10 1 10 0 1
10 1 10 1 0
10 1 10 1 1
10 1 10 1 0
10 1 10 1 1
10 1 10 1 0
10 1 10 1 0
10 1 10 1 1
10 1 10 1 1
10 1 10 1 0
11 1 15 0 1
11 1 15 0 0
11 1 15 1 1
11 1 15 1 1
11 1 15 0 0
11 1 15 1 1
11 1 15 1 1
11 1 15 1 1
11 1 15 0 0
11 1 15 0 0
11 1 15 1 0
11 1 15 0 0
11 1 15 0 1
11 1 15 1 0
11 1 15 1 1
11 1 15 1 1
11 1 15 1 0
11 1 15 0 0
11 1 15 0 0
11 1 15 1 1
11 1 15 0 0
11 1 15 1 1
11 1 15 0 0
11 1 15 0 0
11 1 15 1 1
11 1 15 0 0
11 1 15 1 1
11 1 15 1 1
11 1 15 0 0
11 1 15 1 1
11 1 15 1 1
11 1 15 0 0
11 1 15 0 0
11 1 15 1 1
11 1 15 0 0
11 1 15 1 1
11 1 15 1 1
11 1 15 1 1
11 1 15 0 0
11 1 15 0 0
11 1 15 1 1
11 1 15 0 0
11 1 15 1 1
11 1 15 1 1
11 1 15 0 0
11 1 15 1 1
11 1 15 1 1
11 1 15 1 1
11 1 15 0 0
11 1 15 1 1
12 1 13 1 1
12 1 13 0 0
12 1 13 0 0
12 1 13 1 1
12 1 13 0 0
12 1 13 0 0
12 1 13 1 1
12 1 13 1 1
12 1 13 1 0
12 1 13 0 0
12 1 13 1 1
12 1 13 0 0
12 1 13 1 1
12 1 13 1 1
12 1 13 1 1
12 1 13 1 1
12 1 13 0 0
12 1 13 0 0
12 1 13 1 1
12 1 13 1 1
12 1 13 0 0
12 1 13 0 0
12 1 13 0 0
12 1 13 1 1
12 1 13 1 1
12 1 13 0 0
12 1 13 0 0
12 1 13 0 0
12 1 13 0 0
12 1 13 1 1
12 1 13 1 1
12 1 13 1 1
12 1 13 1 1
12 1 13 0 0
12 1 13 1 1
12 1 13 1 1
12 1 13 0 0
12 1 13 0 0
12 1 13 0 0
12 1 13 1 1
12 1 13 0 0
12 1 13 1 1
12 1 13 0 0
12 1 13 0 0
12 1 13 1 1
12 1 13 1 1
12 1 13 0 0
12 1 13 1 1
12 1 13 1 1
12 1 13 1 1
13 1 14 0 0
13 1 14 1 1
13 1 14 0 0
13 1 14 0 0
13 1 14 1 1
13 1 14 1 1
13 1 14 1 1
13 1 14 1 1
13 1 14 1 1
13 1 14 0 0
13 1 14 1 1
13 1 14 0 0
13 1 14 0 0
13 1 14 0 0
13 1 14 1 1
13 1 14 0 0
13 1 14 0 0
13 1 14 0 0
13 1 14 0 0
13 1 14 1 1
13 1 14 1 1
13 1 14 0 0
13 1 14 1 1
13 1 14 0 0
13 1 14 1 1
13 1 14 0 0
13 1 14 0 0
13 1 14 0 0
13 1 14 0 0
13 1 14 1 1
13 1 14 1 1
13 1 14 0 0
13 1 14 0 0
13 1 14 1 1
13 1 14 0 0
13 1 14 0 0
13 1 14 0 0
13 1 14 1 1
13 1 14 1 1
13 1 14 0 0
13 1 14 0 0
13 1 14 0 0
13 1 14 1 1
13 1 14 1 1
13 1 14 0 0
13 1 14 0 0
13 1 14 0 0
13 1 14 1 1
13 1 14 0 0
13 1 14 1 1
14 1 11 0 0
14 1 11 1 1
14 1 11 1 1
14 1 11 0 0
14 1 11 0 0
14 1 11 0 0
14 1 11 0 0
14 1 11 1 0
14 1 11 0 0
14 1 11 0 0
14 1 11 0 0
14 1 11 0 0
14 1 11 1 1
14 1 11 1 1
14 1 11 1 1
14 1 11 1 1
14 1 11 0 0
14 1 11 0 0
14 1 11 0 0
14 1 11 1 1
14 1 11 0 0
14 1 11 0 0
14 1 11 0 0
14 1 11 1 1
14 1 11 1 1
14 1 11 0 0
14 1 11 0 0
14 1 11 1 1
14 1 11 0 0
14 1 11 1 1
14 1 11 0 0
14 1 11 1 1
14 1 11 1 1
14 1 11 0 0
14 1 11 0 0
14 1 11 1 1
14 1 11 0 0
14 1 11 1 1
14 1 11 0 0
14 1 11 0 0
14 1 11 1 1
14 1 11 0 0
14 1 11 1 1
14 1 11 1 1
14 1 11 1 0
14 1 11 1 1
14 1 11 1 1
14 1 11 0 0
14 1 11 0 0
14 1 11 1 1
15 1 8 0 0
15 1 8 1 1
15 1 8 0 0
15 1 8 1 0
15 1 8 1 1
15 1 8 0 0
15 1 8 0 0
15 1 8 1 1
15 1 8 0 1
15 1 8 0 0
15 1 8 1 1
15 1 8 1 1
15 1 8 1 0
15 1 8 1 1
15 1 8 1 0
15 1 8 1 1
15 1 8 0 0
15 1 8 1 0
15 1 8 0 0
15 1 8 1 1
15 1 8 0 0
15 1 8 1 1
15 1 8 1 0
15 1 8 1 1
15 1 8 0 0
15 1 8 0 1
15 1 8 0 0
15 1 8 1 1
15 1 8 1 1
15 1 8 0 0
15 1 8 1 0
15 1 8 1 1
15 1 8 0 0
15 1 8 1 1
15 1 8 0 0
15 1 8 1 1
15 1 8 1 1
15 1 8 1 0
15 1 8 1 1
15 1 8 1 0
15 1 8 0 0
15 1 8 0 0
15 1 8 1 1
15 1 8 0 0
15 1 8 1 1
15 1 8 0 0
15 1 8 0 1
15 1 8 0 0
15 1 8 1 1
15 1 8 1 1
16 1 6 1 1
16 1 6 1 0
16 1 6 0 1
16 1 6 1 1
16 1 6 1 1
16 1 6 1 0
16 1 6 0 0
16 1 6 0 0
16 1 6 0 1
16 1 6 0 0
16 1 6 0 1
16 1 6 0 0
16 1 6 0 0
16 1 6 1 0
16 1 6 0 1
16 1 6 0 0
16 1 6 1 1
16 1 6 1 1
16 1 6 1 1
16 1 6 0 0
16 1 6 1 1
16 1 6 1 1
16 1 6 0 0
16 1 6 0 0
16 1 6 0 1
16 1 6 1 0
16 1 6 1 1
16 1 6 1 1
16 1 6 1 1
16 1 6 0 0
16 1 6 0 1
16 1 6 0 0
16 1 6 0 0
16 1 6 0 0
16 1 6 1 1
16 1 6 1 1
16 1 6 1 0
16 1 6 0 1
16 1 6 0 0
16 1 6 0 1
16 1 6 0 0
16 1 6 0 1
16 1 6 1 0
16 1 6 1 1
16 1 6 0 1
16 1 6 0 1
16 1 6 1 1
16 1 6 0 0
16 1 6 0 0
16 1 6 0 0
17 1 4 1 0
17 1 4 1 1
17 1 4 1 0
17 1 4 0 0
17 1 4 1 1
17 1 4 0 0
17 1 4 1 1
17 1 4 0 0
17 1 4 0 0
17 1 4 1 0
17 1 4 1 1
17 1 4 1 0
17 1 4 1 0
17 1 4 1 1
17 1 4 0 0
17 1 4 1 0
17 1 4 1 0
17 1 4 1 1
17 1 4 1 1
17 1 4 0 0
17 1 4 0 1
17 1 4 0 0
17 1 4 0 0
17 1 4 1 0
17 1 4 0 1
17 1 4 1 1
17 1 4 1 0
17 1 4 0 1
17 1 4 0 0
17 1 4 1 1
17 1 4 0 0
17 1 4 1 1
17 1 4 0 0
17 1 4 0 1
17 1 4 1 0
17 1 4 1 1
17 1 4 1 0
17 1 4 0 1
17 1 4 0 1
17 1 4 0 0
17 1 4 0 1
17 1 4 0 0
17 1 4 0 1
17 1 4 1 1
17 1 4 0 1
17 1 4 1 0
17 1 4 1 1
17 1 4 0 0
17 1 4 0 1
17 1 4 0 1
18 1 5 1 1
18 1 5 0 0
18 1 5 0 0
18 1 5 0 1
18 1 5 0 1
18 1 5 1 1
18 1 5 1 1
18 1 5 0 0
18 1 5 0 0
18 1 5 1 1
18 1 5 0 0
18 1 5 1 1
18 1 5 1 0
18 1 5 1 1
18 1 5 1 1
18 1 5 0 0
18 1 5 0 0
18 1 5 1 1
18 1 5 1 1
18 1 5 0 0
18 1 5 1 0
18 1 5 1 1
18 1 5 0 0
18 1 5 0 1
18 1 5 1 1
18 1 5 0 0
18 1 5 0 0
18 1 5 0 0
18 1 5 0 1
18 1 5 1 0
18 1 5 1 0
18 1 5 1 0
18 1 5 0 1
18 1 5 0 0
18 1 5 0 1
18 1 5 0 0
18 1 5 0 0
18 1 5 0 1
18 1 5 1 0
18 1 5 1 1
18 1 5 0 0
18 1 5 0 1
18 1 5 0 1
18 1 5 1 0
18 1 5 0 1
18 1 5 0 1
18 1 5 0 0
18 1 5 0 0
18 1 5 0 1
18 1 5 1 1
19 1 9 1 1
19 1 9 1 1
19 1 9 1 1
19 1 9 1 1
19 1 9 1 0
19 1 9 0 0
19 1 9 0 0
19 1 9 1 1
19 1 9 1 1
19 1 9 1 1
19 1 9 1 1
19 1 9 0 0
19 1 9 1 1
19 1 9 0 0
19 1 9 1 1
19 1 9 0 0
19 1 9 0 0
19 1 9 1 1
19 1 9 1 1
19 1 9 0 0
19 1 9 0 0
19 1 9 1 1
19 1 9 0 0
19 1 9 0 0
19 1 9 1 1
19 1 9 1 1
19 1 9 1 1
19 1 9 1 1
19 1 9 0 0
19 1 9 1 0
19 1 9 1 1
19 1 9 0 0
19 1 9 1 1
19 1 9 1 1
19 1 9 0 0
19 1 9 1 1
19 1 9 1 1
19 1 9 0 0
19 1 9 0 0
19 1 9 0 0
19 1 9 0 1
19 1 9 0 1
19 1 9 0 0
19 1 9 0 0
19 1 9 0 0
19 1 9 1 1
19 1 9 1 1
19 1 9 1 1
19 1 9 0 0
19 1 9 1 1
20 2 10 0 0
20 2 10 0 0
20 2 10 0 0
20 2 10 1 1
20 2 10 1 1
20 2 10 1 1
20 2 10 0 0
20 2 10 0 0
20 2 10 1 1
20 2 10 0 0
20 2 10 0 0
20 2 10 1 1
20 2 10 1 1
20 2 10 0 0
20 2 10 1 1
20 2 10 1 1
20 2 10 0 0
20 2 10 1 1
20 2 10 1 0
20 2 10 0 0
20 2 10 0 0
20 2 10 1 1
20 2 10 1 1
20 2 10 0 0
20 2 10 1 1
20 2 10 1 1
20 2 10 0 0
20 2 10 1 1
20 2 10 0 0
20 2 10 0 0
20 2 10 0 0
20 2 10 0 0
20 2 10 1 1
20 2 10 0 0
20 2 10 0 0
20 2 10 0 0
20 2 10 1 1
20 2 10 1 1
20 2 10 0 0
20 2 10 1 1
20 2 10 0 0
20 2 10 1 1
20 2 10 0 0
20 2 10 1 1
20 2 10 1 1
20 2 10 1 0
20 2 10 0 0
20 2 10 1 1
20 2 10 1 1
20 2 10 1 1
21 2 8 1 1
21 2 8 0 0
21 2 8 0 0
21 2 8 0 0
21 2 8 1 1
21 2 8 0 0
21 2 8 1 1
21 2 8 0 0
21 2 8 1 0
21 2 8 1 1
21 2 8 0 0
21 2 8 1 1
21 2 8 0 0
21 2 8 0 0
21 2 8 1 1
21 2 8 1 1
21 2 8 1 1
21 2 8 0 0
21 2 8 0 0
21 2 8 1 1
21 2 8 0 0
21 2 8 1 1
21 2 8 1 0
21 2 8 1 1
21 2 8 0 0
21 2 8 1 1
21 2 8 0 0
21 2 8 1 1
21 2 8 1 1
21 2 8 0 0
21 2 8 0 0
21 2 8 0 0
21 2 8 1 0
21 2 8 0 0
21 2 8 0 0
21 2 8 1 1
21 2 8 0 0
21 2 8 1 1
21 2 8 1 1
21 2 8 1 1
21 2 8 0 0
21 2 8 0 0
21 2 8 0 0
21 2 8 0 0
21 2 8 0 0
21 2 8 1 1
21 2 8 0 0
21 2 8 1 1
21 2 8 1 1
21 2 8 0 0
22 2 6 0 1
22 2 6 0 0
22 2 6 0 0
22 2 6 0 0
22 2 6 0 0
22 2 6 1 1
22 2 6 1 1
22 2 6 1 1
22 2 6 1 1
22 2 6 0 0
22 2 6 0 0
22 2 6 0 0
22 2 6 0 1
22 2 6 0 0
22 2 6 0 0
22 2 6 0 0
22 2 6 1 1
22 2 6 0 0
22 2 6 1 1
22 2 6 1 0
22 2 6 0 0
22 2 6 0 1
22 2 6 0 1
22 2 6 0 0
22 2 6 1 1
22 2 6 0 0
22 2 6 0 0
22 2 6 1 1
22 2 6 1 0
22 2 6 0 0
22 2 6 0 0
22 2 6 1 1
22 2 6 0 1
22 2 6 1 0
22 2 6 0 0
22 2 6 0 1
22 2 6 1 1
22 2 6 0 0
22 2 6 1 1
22 2 6 0 0
22 2 6 1 1
22 2 6 1 1
22 2 6 0 0
22 2 6 1 1
22 2 6 0 0
22 2 6 1 1
22 2 6 0 0
22 2 6 0 1
22 2 6 0 1
22 2 6 0 0
23 2 4 1 1
23 2 4 1 1
23 2 4 0 1
23 2 4 1 0
23 2 4 0 0
23 2 4 1 1
23 2 4 0 0
23 2 4 1 1
23 2 4 0 0
23 2 4 0 0
23 2 4 0 1
23 2 4 0 1
23 2 4 0 1
23 2 4 0 0
23 2 4 0 0
23 2 4 0 1
23 2 4 0 1
23 2 4 1 1
23 2 4 0 1
23 2 4 1 0
23 2 4 1 0
23 2 4 1 1
23 2 4 1 1
23 2 4 0 1
23 2 4 1 1
23 2 4 1 1
23 2 4 0 0
23 2 4 0 1
23 2 4 0 0
23 2 4 0 1
23 2 4 1 0
23 2 4 0 1
23 2 4 1 0
23 2 4 0 1
23 2 4 1 0
23 2 4 1 1
23 2 4 1 0
23 2 4 0 1
23 2 4 0 0
23 2 4 0 0
23 2 4 0 1
23 2 4 1 1
23 2 4 1 1
23 2 4 0 1
23 2 4 0 0
23 2 4 0 1
23 2 4 0 1
23 2 4 1 0
23 2 4 1 1
23 2 4 1 0
24 2 5 1 1
24 2 5 1 0
24 2 5 1 1
24 2 5 0 0
24 2 5 1 1
24 2 5 1 0
24 2 5 0 0
24 2 5 1 1
24 2 5 0 0
24 2 5 0 1
24 2 5 0 1
24 2 5 1 1
24 2 5 1 0
24 2 5 0 1
24 2 5 1 0
24 2 5 1 1
24 2 5 1 0
24 2 5 0 0
24 2 5 0 0
24 2 5 0 1
24 2 5 1 1
24 2 5 0 1
24 2 5 1 1
24 2 5 1 0
24 2 5 0 1
24 2 5 0 0
24 2 5 1 1
24 2 5 1 0
24 2 5 1 1
24 2 5 1 1
24 2 5 0 1
24 2 5 1 1
24 2 5 0 0
24 2 5 0 0
24 2 5 0 0
24 2 5 1 1
24 2 5 1 1
24 2 5 0 1
24 2 5 1 0
24 2 5 0 0
24 2 5 0 1
24 2 5 1 0
24 2 5 1 1
24 2 5 0 0
24 2 5 1 1
24 2 5 1 0
24 2 5 0 1
24 2 5 1 0
24 2 5 1 0
24 2 5 0 0
25 2 9 0 0
25 2 9 1 1
25 2 9 0 0
25 2 9 0 0
25 2 9 0 0
25 2 9 1 1
25 2 9 0 0
25 2 9 0 0
25 2 9 1 1
25 2 9 1 1
25 2 9 0 0
25 2 9 0 0
25 2 9 0 0
25 2 9 1 1
25 2 9 0 0
25 2 9 1 1
25 2 9 0 0
25 2 9 0 0
25 2 9 0 0
25 2 9 1 1
25 2 9 0 0
25 2 9 1 1
25 2 9 0 0
25 2 9 1 1
25 2 9 0 0
25 2 9 1 1
25 2 9 0 0
25 2 9 1 1
25 2 9 0 0
25 2 9 1 1
25 2 9 0 0
25 2 9 0 0
25 2 9 1 1
25 2 9 0 0
25 2 9 0 0
25 2 9 1 1
25 2 9 1 1
25 2 9 0 0
25 2 9 0 0
25 2 9 1 1
25 2 9 1 1
25 2 9 0 0
25 2 9 0 0
25 2 9 1 1
25 2 9 1 1
25 2 9 0 0
25 2 9 1 1
25 2 9 1 1
25 2 9 0 0
25 2 9 0 0
26 2 5.5 1 1
26 2 5.5 1 1
26 2 5.5 0 0
26 2 5.5 1 0
26 2 5.5 0 0
26 2 5.5 1 1
26 2 5.5 1 0
26 2 5.5 0 1
26 2 5.5 0 1
26 2 5.5 1 1
26 2 5.5 0 1
26 2 5.5 0 0
26 2 5.5 1 1
26 2 5.5 1 1
26 2 5.5 1 1
26 2 5.5 1 1
26 2 5.5 0 0
26 2 5.5 1 1
26 2 5.5 0 0
26 2 5.5 1 1
26 2 5.5 0 0
26 2 5.5 0 0
26 2 5.5 1 0
26 2 5.5 0 1
26 2 5.5 0 0
26 2 5.5 1 1
26 2 5.5 0 1
26 2 5.5 0 0
26 2 5.5 0 1
26 2 5.5 1 1
26 2 5.5 0 0
26 2 5.5 0 1
26 2 5.5 0 0
26 2 5.5 1 0
26 2 5.5 1 1
26 2 5.5 1 1
26 2 5.5 1 0
26 2 5.5 1 1
26 2 5.5 1 0
26 2 5.5 1 1
26 2 5.5 1 0
26 2 5.5 0 0
26 2 5.5 0 0
26 2 5.5 1 1
26 2 5.5 1 0
26 2 5.5 1 1
26 2 5.5 0 0
26 2 5.5 1 1
26 2 5.5 0 0
26 2 5.5 1 1
27 2 11 0 0
27 2 11 0 0
27 2 11 0 0
27 2 11 0 0
27 2 11 0 0
27 2 11 0 0
27 2 11 1 1
27 2 11 1 1
27 2 11 1 1
27 2 11 1 1
27 2 11 1 1
27 2 11 0 0
27 2 11 0 0
27 2 11 0 0
27 2 11 1 1
27 2 11 1 1
27 2 11 1 1
27 2 11 1 1
27 2 11 1 1
27 2 11 1 1
27 2 11 1 0
27 2 11 0 0
27 2 11 0 0
27 2 11 0 0
27 2 11 1 1
27 2 11 0 0
27 2 11 1 1
27 2 11 1 1
27 2 11 1 1
27 2 11 1 1
27 2 11 0 0
27 2 11 0 0
27 2 11 1 1
27 2 11 0 0
27 2 11 0 0
27 2 11 0 0
27 2 11 1 1
27 2 11 1 1
27 2 11 0 0
27 2 11 1 1
27 2 11 0 0
27 2 11 0 0
27 2 11 1 1
27 2 11 1 1
27 2 11 1 1
27 2 11 0 0
27 2 11 1 1
27 2 11 1 0
27 2 11 1 1
27 2 11 0 0
28 2 8.5 1 1
28 2 8.5 1 1
28 2 8.5 0 0
28 2 8.5 1 1
28 2 8.5 0 0
28 2 8.5 1 1
28 2 8.5 1 1
28 2 8.5 1 1
28 2 8.5 0 0
28 2 8.5 0 0
28 2 8.5 1 1
28 2 8.5 0 0
28 2 8.5 1 1
28 2 8.5 0 1
28 2 8.5 0 0
28 2 8.5 1 1
28 2 8.5 0 0
28 2 8.5 1 1
28 2 8.5 1 1
28 2 8.5 1 1
28 2 8.5 0 0
28 2 8.5 1 1
28 2 8.5 1 1
28 2 8.5 1 0
28 2 8.5 0 0
28 2 8.5 1 1
28 2 8.5 0 0
28 2 8.5 0 0
28 2 8.5 1 1
28 2 8.5 1 1
28 2 8.5 1 1
28 2 8.5 1 1
28 2 8.5 1 1
28 2 8.5 0 0
28 2 8.5 1 1
28 2 8.5 1 1
28 2 8.5 0 0
28 2 8.5 0 0
28 2 8.5 1 1
28 2 8.5 0 0
28 2 8.5 0 0
28 2 8.5 0 0
28 2 8.5 1 1
28 2 8.5 0 0
28 2 8.5 1 1
28 2 8.5 1 1
28 2 8.5 0 0
28 2 8.5 0 0
28 2 8.5 0 0
28 2 8.5 0 0
29 2 10 0 0
29 2 10 0 0
29 2 10 0 0
29 2 10 0 0
29 2 10 1 1
29 2 10 1 1
29 2 10 1 1
29 2 10 1 1
29 2 10 1 1
29 2 10 0 0
29 2 10 1 1
29 2 10 0 0
29 2 10 1 1
29 2 10 0 0
29 2 10 0 0
29 2 10 0 0
29 2 10 0 0
29 2 10 1 1
29 2 10 1 1
29 2 10 0 0
29 2 10 1 1
29 2 10 1 1
29 2 10 1 1
29 2 10 0 0
29 2 10 0 0
29 2 10 1 1
29 2 10 0 0
29 2 10 1 1
29 2 10 1 1
29 2 10 0 0
29 2 10 0 0
29 2 10 1 1
29 2 10 1 1
29 2 10 1 1
29 2 10 1 1
29 2 10 1 1
29 2 10 1 1
29 2 10 0 0
29 2 10 1 1
29 2 10 1 1
29 2 10 1 1
29 2 10 1 1
29 2 10 0 0
29 2 10 1 1
29 2 10 0 0
29 2 10 0 0
29 2 10 0 0
29 2 10 1 1
29 2 10 0 0
29 2 10 0 0
30 3 10 1 1
30 3 10 0 0
30 3 10 0 0
30 3 10 0 0
30 3 10 1 0
30 3 10 0 0
30 3 10 0 1
30 3 10 1 1
30 3 10 1 1
30 3 10 0 0
30 3 10 0 0
30 3 10 0 1
30 3 10 1 1
30 3 10 0 0
30 3 10 0 1
30 3 10 1 1
30 3 10 0 0
30 3 10 0 0
30 3 10 0 0
30 3 10 0 0
30 3 10 1 1
30 3 10 1 1
30 3 10 1 0
30 3 10 0 1
30 3 10 1 1
30 3 10 1 0
30 3 10 1 1
30 3 10 0 0
30 3 10 0 1
30 3 10 0 1
30 3 10 1 1
30 3 10 0 0
30 3 10 0 0
30 3 10 0 1
30 3 10 0 1
30 3 10 1 0
30 3 10 1 1
30 3 10 0 0
30 3 10 1 1
30 3 10 1 1
30 3 10 1 0
30 3 10 0 0
30 3 10 1 1
30 3 10 0 0
30 3 10 0 0
30 3 10 0 1
30 3 10 0 0
30 3 10 1 1
30 3 10 1 1
30 3 10 0 1
31 3 8 0 1
31 3 8 0 1
31 3 8 1 0
31 3 8 0 1
31 3 8 0 1
31 3 8 1 0
31 3 8 0 1
31 3 8 0 0
31 3 8 1 0
31 3 8 0 1
31 3 8 1 0
31 3 8 1 1
31 3 8 0 0
31 3 8 0 0
31 3 8 1 1
31 3 8 1 0
31 3 8 0 1
31 3 8 1 0
31 3 8 1 1
31 3 8 0 0
31 3 8 0 1
31 3 8 0 0
31 3 8 1 1
31 3 8 0 0
31 3 8 1 1
31 3 8 1 1
31 3 8 1 1
31 3 8 0 0
31 3 8 0 0
31 3 8 0 1
31 3 8 0 1
31 3 8 1 1
31 3 8 0 0
31 3 8 1 1
31 3 8 0 1
31 3 8 0 1
31 3 8 1 1
31 3 8 0 0
31 3 8 0 1
31 3 8 0 0
31 3 8 1 0
31 3 8 0 1
31 3 8 1 0
31 3 8 0 0
31 3 8 1 0
31 3 8 0 1
31 3 8 1 1
31 3 8 1 0
31 3 8 1 1
31 3 8 1 1
32 3 6 1 1
32 3 6 0 0
32 3 6 0 0
32 3 6 0 0
32 3 6 1 0
32 3 6 1 1
32 3 6 0 1
32 3 6 1 0
32 3 6 0 1
32 3 6 0 0
32 3 6 1 1
32 3 6 0 0
32 3 6 0 0
32 3 6 1 1
32 3 6 1 1
32 3 6 1 0
32 3 6 0 1
32 3 6 0 1
32 3 6 1 0
32 3 6 0 1
32 3 6 1 1
32 3 6 1 0
32 3 6 1 0
32 3 6 0 0
32 3 6 0 1
32 3 6 0 0
32 3 6 1 1
32 3 6 1 1
32 3 6 0 0
32 3 6 0 1
32 3 6 1 0
32 3 6 0 1
32 3 6 1 0
32 3 6 1 1
32 3 6 1 1
32 3 6 0 0
32 3 6 1 1
32 3 6 1 1
32 3 6 0 0
32 3 6 1 1
32 3 6 0 0
32 3 6 0 1
32 3 6 1 0
32 3 6 1 1
32 3 6 0 0
32 3 6 1 1
32 3 6 1 0
32 3 6 1 1
32 3 6 0 0
32 3 6 0 1
33 3 12 0 1
33 3 12 0 0
33 3 12 1 1
33 3 12 1 0
33 3 12 1 0
33 3 12 1 0
33 3 12 1 1
33 3 12 0 0
33 3 12 1 1
33 3 12 1 1
33 3 12 1 1
33 3 12 0 0
33 3 12 1 1
33 3 12 1 1
33 3 12 0 0
33 3 12 1 1
33 3 12 0 0
33 3 12 0 1
33 3 12 1 1
33 3 12 1 1
33 3 12 0 0
33 3 12 1 1
33 3 12 0 0
33 3 12 1 1
33 3 12 1 0
33 3 12 0 0
33 3 12 1 1
33 3 12 1 1
33 3 12 0 0
33 3 12 1 1
33 3 12 0 0
33 3 12 0 0
33 3 12 0 0
33 3 12 1 1
33 3 12 1 1
33 3 12 1 0
33 3 12 0 0
33 3 12 1 1
33 3 12 1 1
33 3 12 0 0
33 3 12 0 1
33 3 12 0 0
33 3 12 0 0
33 3 12 0 0
33 3 12 1 1
33 3 12 1 1
33 3 12 1 1
33 3 12 0 0
33 3 12 1 1
33 3 12 1 0
34 3 14 0 0
34 3 14 0 0
34 3 14 0 0
34 3 14 0 0
34 3 14 0 0
34 3 14 0 0
34 3 14 0 0
34 3 14 1 1
34 3 14 1 1
34 3 14 0 0
34 3 14 1 1
34 3 14 1 1
34 3 14 0 0
34 3 14 1 1
34 3 14 1 1
34 3 14 1 1
34 3 14 1 1
34 3 14 1 1
34 3 14 0 0
34 3 14 0 0
34 3 14 1 1
34 3 14 0 0
34 3 14 0 0
34 3 14 0 0
34 3 14 1 1
34 3 14 0 0
34 3 14 0 0
34 3 14 1 1
34 3 14 1 1
34 3 14 1 1
34 3 14 0 0
34 3 14 0 0
34 3 14 1 1
34 3 14 1 0
34 3 14 0 0
34 3 14 1 1
34 3 14 0 0
34 3 14 1 1
34 3 14 1 1
34 3 14 0 0
34 3 14 0 0
34 3 14 1 1
34 3 14 1 1
34 3 14 1 1
34 3 14 0 0
34 3 14 0 0
34 3 14 1 1
34 3 14 1 1
34 3 14 0 0
34 3 14 1 1
35 3 11 0 0
35 3 11 0 0
35 3 11 1 1
35 3 11 0 0
35 3 11 1 1
35 3 11 1 0
35 3 11 0 0
35 3 11 1 1
35 3 11 1 1
35 3 11 0 0
35 3 11 1 1
35 3 11 0 0
35 3 11 1 1
35 3 11 1 1
35 3 11 1 1
35 3 11 0 0
35 3 11 1 1
35 3 11 0 0
35 3 11 1 1
35 3 11 1 1
35 3 11 1 1
35 3 11 0 0
35 3 11 1 1
35 3 11 0 0
35 3 11 0 0
35 3 11 1 1
35 3 11 0 0
35 3 11 1 1
35 3 11 0 0
35 3 11 1 1
35 3 11 0 0
35 3 11 1 1
35 3 11 0 0
35 3 11 1 1
35 3 11 1 1
35 3 11 1 1
35 3 11 0 0
35 3 11 1 1
35 3 11 1 1
35 3 11 0 0
35 3 11 0 0
35 3 11 1 1
35 3 11 1 1
35 3 11 0 0
35 3 11 1 1
35 3 11 0 0
35 3 11 0 0
35 3 11 1 1
35 3 11 0 0
35 3 11 0 0
36 3 9 1 1
36 3 9 0 0
36 3 9 0 0
36 3 9 0 0
36 3 9 0 0
36 3 9 1 1
36 3 9 1 1
36 3 9 0 0
36 3 9 1 1
36 3 9 1 1
36 3 9 1 1
36 3 9 0 0
36 3 9 1 1
36 3 9 0 0
36 3 9 1 1
36 3 9 1 1
36 3 9 0 0
36 3 9 0 0
36 3 9 0 0
36 3 9 0 0
36 3 9 0 0
36 3 9 0 0
36 3 9 1 1
36 3 9 0 0
36 3 9 1 1
36 3 9 0 0
36 3 9 0 0
36 3 9 1 1
36 3 9 1 1
36 3 9 1 1
36 3 9 1 0
36 3 9 0 0
36 3 9 0 0
36 3 9 1 1
36 3 9 1 1
36 3 9 1 1
36 3 9 0 1
36 3 9 0 1
36 3 9 0 0
36 3 9 0 0
36 3 9 0 0
36 3 9 0 0
36 3 9 0 0
36 3 9 0 0
36 3 9 1 1
36 3 9 0 0
36 3 9 0 0
36 3 9 0 0
36 3 9 1 1
36 3 9 1 1
37 3 7 0 0
37 3 7 1 1
37 3 7 0 0
37 3 7 0 0
37 3 7 1 1
37 3 7 0 0
37 3 7 1 1
37 3 7 1 1
37 3 7 1 1
37 3 7 1 1
37 3 7 1 1
37 3 7 1 1
37 3 7 0 0
37 3 7 1 1
37 3 7 0 1
37 3 7 0 0
37 3 7 1 1
37 3 7 0 0
37 3 7 1 1
37 3 7 0 0
37 3 7 1 1
37 3 7 1 1
37 3 7 1 1
37 3 7 0 0
37 3 7 1 1
37 3 7 1 0
37 3 7 1 1
37 3 7 1 1
37 3 7 1 1
37 3 7 1 0
37 3 7 1 0
37 3 7 0 0
37 3 7 1 0
37 3 7 0 1
37 3 7 0 0
37 3 7 1 1
37 3 7 0 1
37 3 7 0 0
37 3 7 1 1
37 3 7 1 1
37 3 7 0 0
37 3 7 1 1
37 3 7 0 0
37 3 7 1 1
37 3 7 0 0
37 3 7 0 0
37 3 7 1 1
37 3 7 1 1
37 3 7 1 0
37 3 7 0 0
38 3 5 1 0
38 3 5 1 1
38 3 5 0 0
38 3 5 0 0
38 3 5 1 1
38 3 5 0 0
38 3 5 0 1
38 3 5 1 1
38 3 5 0 0
38 3 5 0 0
38 3 5 1 0
38 3 5 0 0
38 3 5 1 1
38 3 5 0 1
38 3 5 0 1
38 3 5 1 1
38 3 5 1 0
38 3 5 0 1
38 3 5 1 1
38 3 5 1 0
38 3 5 0 1
38 3 5 0 0
38 3 5 1 0
38 3 5 1 0
38 3 5 1 1
38 3 5 0 0
38 3 5 1 1
38 3 5 1 0
38 3 5 1 1
38 3 5 1 1
38 3 5 0 0
38 3 5 1 0
38 3 5 0 1
38 3 5 1 1
38 3 5 1 1
38 3 5 0 0
38 3 5 0 0
38 3 5 1 0
38 3 5 1 1
38 3 5 0 1
38 3 5 1 0
38 3 5 1 0
38 3 5 1 1
38 3 5 0 0
38 3 5 1 1
38 3 5 0 0
38 3 5 0 0
38 3 5 1 0
38 3 5 0 0
38 3 5 0 0
39 3 3 1 1
39 3 3 0 0
39 3 3 0 0
39 3 3 0 0
39 3 3 1 1
39 3 3 0 0
39 3 3 1 1
39 3 3 0 0
39 3 3 1 1
39 3 3 0 0
39 3 3 1 1
39 3 3 0 0
39 3 3 0 1
39 3 3 1 1
39 3 3 1 1
39 3 3 0 0
39 3 3 1 1
39 3 3 1 1
39 3 3 0 0
39 3 3 1 0
39 3 3 0 0
39 3 3 0 1
39 3 3 1 1
39 3 3 0 0
39 3 3 1 0
39 3 3 0 1
39 3 3 0 1
39 3 3 0 0
39 3 3 1 0
39 3 3 1 1
39 3 3 1 0
39 3 3 0 0
39 3 3 1 1
39 3 3 0 0
39 3 3 0 1
39 3 3 0 0
39 3 3 1 0
39 3 3 1 1
39 3 3 0 1
39 3 3 0 1
39 3 3 0 0
39 3 3 0 1
39 3 3 0 0
39 3 3 0 1
39 3 3 0 1
39 3 3 0 1
39 3 3 1 0
39 3 3 0 1
39 3 3 0 0
39 3 3 1 1
40 3 6 1 0
40 3 6 1 1
40 3 6 1 0
40 3 6 1 1
40 3 6 0 0
40 3 6 0 0
40 3 6 1 1
40 3 6 1 1
40 3 6 0 0
40 3 6 1 1
40 3 6 0 0
40 3 6 0 1
40 3 6 1 1
40 3 6 1 1
40 3 6 1 1
40 3 6 0 0
40 3 6 0 0
40 3 6 0 0
40 3 6 1 0
40 3 6 0 0
40 3 6 1 1
40 3 6 1 1
40 3 6 0 0
40 3 6 1 1
40 3 6 1 1
40 3 6 0 0
40 3 6 1 1
40 3 6 0 0
40 3 6 0 1
40 3 6 0 1
40 3 6 1 1
40 3 6 1 1
40 3 6 1 0
40 3 6 0 1
40 3 6 0 0
40 3 6 0 1
40 3 6 0 0
40 3 6 0 0
40 3 6 0 0
40 3 6 0 1
40 3 6 1 1
40 3 6 1 0
40 3 6 1 1
40 3 6 1 0
40 3 6 1 1
40 3 6 1 1
40 3 6 1 1
40 3 6 0 0
40 3 6 0 1
40 3 6 0 0
41 3 2 1 0
41 3 2 0 1
41 3 2 0 1
41 3 2 1 1
41 3 2 1 0
41 3 2 1 1
41 3 2 0 0
41 3 2 0 0
41 3 2 0 1
41 3 2 0 0
41 3 2 1 1
41 3 2 0 0
41 3 2 1 0
41 3 2 0 0
41 3 2 0 1
41 3 2 1 1
41 3 2 1 0
41 3 2 0 1
41 3 2 1 0
41 3 2 1 1
41 3 2 1 1
41 3 2 1 0
41 3 2 0 0
41 3 2 1 1
41 3 2 0 0
41 3 2 0 1
41 3 2 1 0
41 3 2 1 1
41 3 2 1 1
41 3 2 1 0
41 3 2 0 0
41 3 2 1 0
41 3 2 1 1
41 3 2 0 0
41 3 2 1 1
41 3 2 0 0
41 3 2 1 1
41 3 2 0 0
41 3 2 1 1
41 3 2 0 0
41 3 2 0 1
41 3 2 1 1
41 3 2 0 0
41 3 2 0 1
41 3 2 1 0
41 3 2 1 1
41 3 2 1 0
41 3 2 1 0
41 3 2 0 0
41 3 2 0 1
42 3 13 0 0
42 3 13 1 1
42 3 13 1 1
42 3 13 0 0
42 3 13 0 0
42 3 13 1 1
42 3 13 1 1
42 3 13 1 1
42 3 13 0 0
42 3 13 1 1
42 3 13 0 0
42 3 13 1 1
42 3 13 1 1
42 3 13 0 0
42 3 13 0 0
42 3 13 0 0
42 3 13 0 0
42 3 13 0 0
42 3 13 1 1
42 3 13 1 1
42 3 13 1 1
42 3 13 1 1
42 3 13 1 1
42 3 13 0 0
42 3 13 1 1
42 3 13 0 0
42 3 13 1 1
42 3 13 1 1
42 3 13 1 1
42 3 13 1 1
42 3 13 1 1
42 3 13 1 1
42 3 13 1 1
42 3 13 0 0
42 3 13 0 0
42 3 13 1 1
42 3 13 0 0
42 3 13 1 1
42 3 13 1 1
42 3 13 1 1
42 3 13 1 1
42 3 13 1 1
42 3 13 1 1
42 3 13 0 0
42 3 13 0 0
42 3 13 0 0
42 3 13 0 0
42 3 13 0 0
42 3 13 0 0
42 3 13 1 1
43 4 10 1 1
43 4 10 1 0
43 4 10 0 0
43 4 10 1 0
43 4 10 0 0
43 4 10 1 0
43 4 10 0 0
43 4 10 0 0
43 4 10 1 1
43 4 10 0 1
43 4 10 0 0
43 4 10 1 1
43 4 10 1 0
43 4 10 1 1
43 4 10 0 0
43 4 10 1 0
43 4 10 1 0
43 4 10 1 1
43 4 10 1 0
43 4 10 0 1
43 4 10 0 0
43 4 10 1 1
43 4 10 1 0
43 4 10 1 1
43 4 10 0 0
43 4 10 1 0
43 4 10 0 1
43 4 10 0 0
43 4 10 1 1
43 4 10 1 0
43 4 10 1 1
43 4 10 1 0
43 4 10 0 0
43 4 10 1 0
43 4 10 0 1
43 4 10 0 0
43 4 10 1 1
43 4 10 0 0
43 4 10 1 1
43 4 10 1 0
43 4 10 1 0
43 4 10 0 1
43 4 10 0 0
43 4 10 0 0
43 4 10 1 1
43 4 10 0 1
43 4 10 1 0
43 4 10 0 1
43 4 10 1 1
43 4 10 0 0
44 4 15 1 1
44 4 15 1 0
44 4 15 0 0
44 4 15 1 1
44 4 15 0 0
44 4 15 1 1
44 4 15 1 1
44 4 15 0 0
44 4 15 1 1
44 4 15 1 1
44 4 15 1 1
44 4 15 1 1
44 4 15 1 1
44 4 15 1 1
44 4 15 0 0
44 4 15 0 0
44 4 15 0 0
44 4 15 0 0
44 4 15 1 1
44 4 15 0 0
44 4 15 0 0
44 4 15 1 1
44 4 15 0 0
44 4 15 0 0
44 4 15 1 1
44 4 15 1 1
44 4 15 0 0
44 4 15 1 1
44 4 15 0 0
44 4 15 1 1
44 4 15 1 1
44 4 15 0 0
44 4 15 0 0
44 4 15 0 0
44 4 15 0 0
44 4 15 1 1
44 4 15 1 1
44 4 15 1 1
44 4 15 0 0
44 4 15 0 0
44 4 15 0 0
44 4 15 1 1
44 4 15 1 1
44 4 15 0 0
44 4 15 0 0
44 4 15 0 0
44 4 15 1 1
44 4 15 0 0
44 4 15 1 1
44 4 15 1 1
45 4 13 0 0
45 4 13 1 1
45 4 13 1 1
45 4 13 0 0
45 4 13 0 0
45 4 13 1 1
45 4 13 0 0
45 4 13 1 1
45 4 13 0 0
45 4 13 1 1
45 4 13 0 1
45 4 13 1 1
45 4 13 1 1
45 4 13 0 0
45 4 13 0 0
45 4 13 1 1
45 4 13 0 0
45 4 13 1 1
45 4 13 1 1
45 4 13 0 0
45 4 13 1 1
45 4 13 0 0
45 4 13 0 0
45 4 13 0 1
45 4 13 1 1
45 4 13 1 1
45 4 13 0 0
45 4 13 0 0
45 4 13 1 1
45 4 13 0 0
45 4 13 0 0
45 4 13 1 1
45 4 13 1 1
45 4 13 1 0
45 4 13 1 1
45 4 13 1 1
45 4 13 1 1
45 4 13 0 0
45 4 13 1 1
45 4 13 0 0
45 4 13 0 0
45 4 13 1 1
45 4 13 1 1
45 4 13 0 0
45 4 13 0 0
45 4 13 0 0
45 4 13 0 0
45 4 13 0 0
45 4 13 1 1
45 4 13 1 1
46 4 12 1 1
46 4 12 1 1
46 4 12 0 0
46 4 12 1 1
46 4 12 1 0
46 4 12 0 0
46 4 12 1 1
46 4 12 1 1
46 4 12 0 0
46 4 12 1 1
46 4 12 0 0
46 4 12 0 0
46 4 12 0 0
46 4 12 1 1
46 4 12 1 1
46 4 12 1 1
46 4 12 0 0
46 4 12 1 1
46 4 12 1 1
46 4 12 1 1
46 4 12 1 1
46 4 12 0 0
46 4 12 1 1
46 4 12 1 1
46 4 12 0 0
46 4 12 0 0
46 4 12 1 1
46 4 12 0 0
46 4 12 0 0
46 4 12 0 0
46 4 12 1 1
46 4 12 1 1
46 4 12 0 0
46 4 12 0 0
46 4 12 1 1
46 4 12 1 1
46 4 12 1 1
46 4 12 1 1
46 4 12 0 0
46 4 12 1 1
46 4 12 1 1
46 4 12 1 1
46 4 12 0 0
46 4 12 0 0
46 4 12 1 0
46 4 12 1 1
46 4 12 0 0
46 4 12 1 1
46 4 12 0 0
46 4 12 0 0
47 4 8 0 0
47 4 8 1 1
47 4 8 1 1
47 4 8 0 1
47 4 8 0 0
47 4 8 1 1
47 4 8 0 1
47 4 8 0 0
47 4 8 1 1
47 4 8 0 0
47 4 8 0 0
47 4 8 1 0
47 4 8 1 1
47 4 8 0 0
47 4 8 0 0
47 4 8 1 0
47 4 8 1 1
47 4 8 0 1
47 4 8 0 1
47 4 8 0 0
47 4 8 1 1
47 4 8 0 1
47 4 8 0 0
47 4 8 0 1
47 4 8 1 0
47 4 8 1 1
47 4 8 0 1
47 4 8 1 0
47 4 8 0 1
47 4 8 0 0
47 4 8 0 0
47 4 8 1 1
47 4 8 1 1
47 4 8 1 0
47 4 8 0 1
47 4 8 0 0
47 4 8 1 1
47 4 8 1 0
47 4 8 0 1
47 4 8 1 0
47 4 8 1 1
47 4 8 0 1
47 4 8 0 0
47 4 8 0 1
47 4 8 1 1
47 4 8 1 1
47 4 8 1 1
47 4 8 1 1
47 4 8 1 0
47 4 8 0 0
48 4 7 0 1
48 4 7 1 1
48 4 7 1 1
48 4 7 1 1
48 4 7 0 0
48 4 7 1 1
48 4 7 0 0
48 4 7 0 1
48 4 7 1 0
48 4 7 0 0
48 4 7 0 1
48 4 7 1 0
48 4 7 1 1
48 4 7 0 0
48 4 7 0 1
48 4 7 1 1
48 4 7 0 0
48 4 7 0 0
48 4 7 1 1
48 4 7 0 0
48 4 7 0 0
48 4 7 1 0
48 4 7 0 0
48 4 7 0 1
48 4 7 1 1
48 4 7 1 0
48 4 7 0 1
48 4 7 0 1
48 4 7 1 1
48 4 7 0 0
48 4 7 0 1
48 4 7 0 0
48 4 7 1 1
48 4 7 1 1
48 4 7 0 0
48 4 7 0 1
48 4 7 0 0
48 4 7 1 1
48 4 7 0 0
48 4 7 1 1
48 4 7 0 1
48 4 7 0 0
48 4 7 0 1
48 4 7 1 0
48 4 7 1 0
48 4 7 1 1
48 4 7 1 1
48 4 7 0 1
48 4 7 1 1
48 4 7 0 0
49 4 5 1 0
49 4 5 1 1
49 4 5 0 1
49 4 5 0 1
49 4 5 0 1
49 4 5 0 0
49 4 5 1 0
49 4 5 0 1
49 4 5 0 1
49 4 5 0 0
49 4 5 0 1
49 4 5 1 1
49 4 5 0 1
49 4 5 0 0
49 4 5 1 0
49 4 5 0 1
49 4 5 1 0
49 4 5 1 1
49 4 5 0 0
49 4 5 0 0
49 4 5 1 1
49 4 5 0 0
49 4 5 0 1
49 4 5 0 0
49 4 5 0 1
49 4 5 0 0
49 4 5 1 1
49 4 5 0 0
49 4 5 0 1
49 4 5 0 0
49 4 5 0 0
49 4 5 1 1
49 4 5 1 1
49 4 5 0 0
49 4 5 0 1
49 4 5 0 1
49 4 5 0 0
49 4 5 1 1
49 4 5 0 1
49 4 5 0 0
49 4 5 1 1
49 4 5 0 0
49 4 5 0 1
49 4 5 0 0
49 4 5 0 1
49 4 5 0 0
49 4 5 1 1
49 4 5 0 0
49 4 5 1 0
49 4 5 1 1
50 4 2 0 0
50 4 2 0 1
50 4 2 1 0
50 4 2 1 1
50 4 2 1 0
50 4 2 1 1
50 4 2 0 0
50 4 2 0 0
50 4 2 0 0
50 4 2 1 1
50 4 2 0 0
50 4 2 0 1
50 4 2 1 0
50 4 2 1 1
50 4 2 1 1
50 4 2 1 0
50 4 2 0 0
50 4 2 1 1
50 4 2 0 0
50 4 2 1 1
50 4 2 1 0
50 4 2 0 1
50 4 2 0 0
50 4 2 1 0
50 4 2 0 1
50 4 2 0 0
50 4 2 0 0
50 4 2 0 1
50 4 2 1 0
50 4 2 1 1
50 4 2 0 0
50 4 2 1 1
50 4 2 1 0
50 4 2 0 0
50 4 2 0 1
50 4 2 0 0
50 4 2 0 1
50 4 2 1 1
50 4 2 0 1
50 4 2 0 0
50 4 2 1 1
50 4 2 1 0
50 4 2 1 1
50 4 2 1 0
50 4 2 0 1
50 4 2 0 0
50 4 2 0 0
50 4 2 1 1
50 4 2 1 1
50 4 2 1 0
51 4 9 0 0
51 4 9 0 1
51 4 9 1 1
51 4 9 0 0
51 4 9 0 1
51 4 9 0 0
51 4 9 1 1
51 4 9 0 0
51 4 9 1 1
51 4 9 1 1
51 4 9 1 1
51 4 9 0 0
51 4 9 0 0
51 4 9 1 1
51 4 9 0 0
51 4 9 0 0
51 4 9 1 1
51 4 9 0 0
51 4 9 1 1
51 4 9 0 0
51 4 9 0 0
51 4 9 1 1
51 4 9 0 0
51 4 9 1 1
51 4 9 1 0
51 4 9 0 0
51 4 9 1 1
51 4 9 1 0
51 4 9 0 0
51 4 9 0 0
51 4 9 0 0
51 4 9 0 0
51 4 9 1 1
51 4 9 1 1
51 4 9 0 1
51 4 9 0 0
51 4 9 0 0
51 4 9 1 1
51 4 9 1 1
51 4 9 1 0
51 4 9 1 1
51 4 9 0 0
51 4 9 1 1
51 4 9 0 0
51 4 9 1 1
51 4 9 0 0
51 4 9 1 1
51 4 9 0 0
51 4 9 0 0
51 4 9 0 0
52 4 8 0 0
52 4 8 0 1
52 4 8 0 0
52 4 8 1 1
52 4 8 0 0
52 4 8 1 1
52 4 8 1 1
52 4 8 1 0
52 4 8 1 1
52 4 8 0 0
52 4 8 0 0
52 4 8 1 1
52 4 8 0 0
52 4 8 1 0
52 4 8 0 1
52 4 8 1 0
52 4 8 0 0
52 4 8 1 1
52 4 8 0 0
52 4 8 1 0
52 4 8 0 1
52 4 8 0 0
52 4 8 0 1
52 4 8 1 1
52 4 8 0 0
52 4 8 1 1
52 4 8 0 0
52 4 8 1 0
52 4 8 1 1
52 4 8 0 0
52 4 8 0 1
52 4 8 1 0
52 4 8 0 1
52 4 8 0 0
52 4 8 1 0
52 4 8 1 1
52 4 8 1 0
52 4 8 1 1
52 4 8 1 0
52 4 8 1 1
52 4 8 0 0
52 4 8 1 1
52 4 8 0 0
52 4 8 1 1
52 4 8 1 1
52 4 8 0 0
52 4 8 1 1
52 4 8 1 1
52 4 8 0 0
52 4 8 0 1
53 4 14 0 0
53 4 14 1 1
53 4 14 1 0
53 4 14 0 0
53 4 14 1 1
53 4 14 0 0
53 4 14 1 1
53 4 14 0 0
53 4 14 1 1
53 4 14 0 0
53 4 14 1 1
53 4 14 1 1
53 4 14 0 0
53 4 14 1 1
53 4 14 0 0
53 4 14 0 0
53 4 14 1 1
53 4 14 0 0
53 4 14 0 0
53 4 14 0 0
53 4 14 1 1
53 4 14 0 0
53 4 14 1 1
53 4 14 0 0
53 4 14 1 1
53 4 14 0 1
53 4 14 1 1
53 4 14 1 1
53 4 14 0 0
53 4 14 0 0
53 4 14 0 0
53 4 14 0 0
53 4 14 1 1
53 4 14 0 0
53 4 14 1 1
53 4 14 1 1
53 4 14 1 1
53 4 14 0 0
53 4 14 0 1
53 4 14 0 0
53 4 14 1 1
53 4 14 1 1
53 4 14 1 1
53 4 14 0 0
53 4 14 0 0
53 4 14 1 1
53 4 14 1 1
53 4 14 1 1
53 4 14 0 0
53 4 14 0 0
54 4 11 0 0
54 4 11 0 0
54 4 11 1 0
54 4 11 1 1
54 4 11 0 0
54 4 11 0 0
54 4 11 0 0
54 4 11 1 1
54 4 11 0 0
54 4 11 1 1
54 4 11 1 1
54 4 11 1 1
54 4 11 0 0
54 4 11 0 0
54 4 11 0 0
54 4 11 1 1
54 4 11 0 0
54 4 11 1 1
54 4 11 0 0
54 4 11 0 0
54 4 11 0 1
54 4 11 1 1
54 4 11 0 0
54 4 11 0 0
54 4 11 1 1
54 4 11 0 0
54 4 11 0 0
54 4 11 0 0
54 4 11 0 0
54 4 11 0 0
54 4 11 0 0
54 4 11 0 1
54 4 11 0 0
54 4 11 0 0
54 4 11 1 1
54 4 11 1 1
54 4 11 1 1
54 4 11 0 0
54 4 11 1 0
54 4 11 1 0
54 4 11 0 1
54 4 11 1 1
54 4 11 1 1
54 4 11 1 0
54 4 11 0 0
54 4 11 0 0
54 4 11 0 1
54 4 11 1 1
54 4 11 0 0
54 4 11 0 0
55 4 10 1 0
55 4 10 1 1
55 4 10 1 1
55 4 10 1 1
55 4 10 0 0
55 4 10 1 1
55 4 10 1 0
55 4 10 1 0
55 4 10 1 0
55 4 10 1 1
55 4 10 0 0
55 4 10 1 1
55 4 10 0 1
55 4 10 0 0
55 4 10 0 1
55 4 10 0 0
55 4 10 0 0
55 4 10 0 0
55 4 10 1 1
55 4 10 0 0
55 4 10 0 1
55 4 10 0 0
55 4 10 0 1
55 4 10 0 0
55 4 10 1 1
55 4 10 1 0
55 4 10 0 0
55 4 10 0 1
55 4 10 1 1
55 4 10 0 0
55 4 10 1 0
55 4 10 0 1
55 4 10 0 0
55 4 10 1 1
55 4 10 0 0
55 4 10 0 1
55 4 10 0 0
55 4 10 1 1
55 4 10 0 0
55 4 10 0 1
55 4 10 0 0
55 4 10 1 1
55 4 10 0 1
55 4 10 1 0
55 4 10 0 1
55 4 10 0 0
55 4 10 1 1
55 4 10 0 0
55 4 10 1 1
55 4 10 0 0
56 4 1 0 0
56 4 1 0 1
56 4 1 1 1
56 4 1 1 0
56 4 1 0 0
56 4 1 1 0
56 4 1 0 1
56 4 1 1 0
56 4 1 1 0
56 4 1 1 1
56 4 1 0 0
56 4 1 1 0
56 4 1 0 1
56 4 1 1 0
56 4 1 0 1
56 4 1 0 0
56 4 1 0 1
56 4 1 1 1
56 4 1 0 1
56 4 1 0 0
56 4 1 1 0
56 4 1 0 1
56 4 1 1 0
56 4 1 0 1
56 4 1 1 0
56 4 1 1 1
56 4 1 1 0
56 4 1 1 0
56 4 1 1 1
56 4 1 1 1
56 4 1 1 0
56 4 1 1 1
56 4 1 1 1
56 4 1 1 1
56 4 1 0 0
56 4 1 1 0
56 4 1 1 0
56 4 1 0 1
56 4 1 1 0
56 4 1 0 1
56 4 1 1 0
56 4 1 1 0
56 4 1 1 0
56 4 1 1 1
56 4 1 0 1
56 4 1 1 1
56 4 1 0 0
56 4 1 1 0
56 4 1 1 1
56 4 1 0 0
57 5 30 1 1
57 5 30 1 1
57 5 30 1 1
57 5 30 0 0
57 5 30 1 1
57 5 30 0 0
57 5 30 1 1
57 5 30 0 0
57 5 30 1 1
57 5 30 1 1
57 5 30 0 0
57 5 30 0 0
57 5 30 0 0
57 5 30 0 0
57 5 30 0 0
57 5 30 0 0
57 5 30 0 0
57 5 30 0 0
57 5 30 0 0
57 5 30 0 0
57 5 30 1 1
57 5 30 0 0
57 5 30 0 0
57 5 30 0 0
57 5 30 0 0
57 5 30 0 0
57 5 30 0 0
57 5 30 1 1
57 5 30 0 0
57 5 30 1 1
57 5 30 1 1
57 5 30 0 0
57 5 30 1 1
57 5 30 1 1
57 5 30 1 1
57 5 30 1 1
57 5 30 1 1
57 5 30 0 0
57 5 30 1 1
57 5 30 1 1
57 5 30 1 1
57 5 30 1 1
57 5 30 0 0
57 5 30 0 0
57 5 30 0 0
57 5 30 0 0
57 5 30 1 1
57 5 30 1 1
57 5 30 0 0
57 5 30 1 1
58 5 27 1 1
58 5 27 1 1
58 5 27 1 1
58 5 27 1 1
58 5 27 1 1
58 5 27 0 0
58 5 27 1 1
58 5 27 1 1
58 5 27 0 0
58 5 27 1 1
58 5 27 1 1
58 5 27 1 1
58 5 27 1 1
58 5 27 0 0
58 5 27 1 1
58 5 27 1 1
58 5 27 0 1
58 5 27 1 1
58 5 27 1 1
58 5 27 0 0
58 5 27 0 0
58 5 27 0 0
58 5 27 0 0
58 5 27 1 1
58 5 27 1 1
58 5 27 1 1
58 5 27 0 0
58 5 27 0 0
58 5 27 0 0
58 5 27 1 1
58 5 27 0 0
58 5 27 1 1
58 5 27 0 0
58 5 27 1 1
58 5 27 1 1
58 5 27 1 1
58 5 27 1 1
58 5 27 1 1
58 5 27 0 0
58 5 27 0 0
58 5 27 1 1
58 5 27 0 0
58 5 27 0 0
58 5 27 0 0
58 5 27 0 0
58 5 27 1 1
58 5 27 0 0
58 5 27 0 0
58 5 27 0 0
58 5 27 0 0
59 5 25 1 1
59 5 25 1 0
59 5 25 0 0
59 5 25 1 1
59 5 25 0 0
59 5 25 1 1
59 5 25 0 0
59 5 25 1 1
59 5 25 0 0
59 5 25 0 0
59 5 25 0 0
59 5 25 0 0
59 5 25 1 1
59 5 25 1 1
59 5 25 0 0
59 5 25 1 1
59 5 25 1 1
59 5 25 1 0
59 5 25 1 1
59 5 25 1 1
59 5 25 1 1
59 5 25 0 0
59 5 25 1 1
59 5 25 1 1
59 5 25 0 1
59 5 25 1 1
59 5 25 1 1
59 5 25 0 0
59 5 25 1 1
59 5 25 0 0
59 5 25 1 1
59 5 25 0 0
59 5 25 1 1
59 5 25 0 0
59 5 25 1 0
59 5 25 1 1
59 5 25 1 1
59 5 25 0 0
59 5 25 1 1
59 5 25 1 1
59 5 25 1 1
59 5 25 1 1
59 5 25 1 1
59 5 25 1 0
59 5 25 0 0
59 5 25 1 1
59 5 25 1 1
59 5 25 1 1
59 5 25 0 0
59 5 25 1 1
60 5 23 1 1
60 5 23 0 0
60 5 23 1 1
60 5 23 0 0
60 5 23 1 1
60 5 23 0 0
60 5 23 0 1
60 5 23 1 1
60 5 23 0 1
60 5 23 0 0
60 5 23 0 0
60 5 23 1 1
60 5 23 1 1
60 5 23 1 1
60 5 23 1 1
60 5 23 0 0
60 5 23 0 0
60 5 23 1 1
60 5 23 0 0
60 5 23 1 1
60 5 23 0 0
60 5 23 1 1
60 5 23 0 0
60 5 23 1 1
60 5 23 1 1
60 5 23 0 0
60 5 23 1 1
60 5 23 0 0
60 5 23 1 1
60 5 23 1 1
60 5 23 0 0
60 5 23 0 0
60 5 23 1 1
60 5 23 1 1
60 5 23 1 1
60 5 23 1 1
60 5 23 0 0
60 5 23 1 1
60 5 23 0 0
60 5 23 1 1
60 5 23 1 1
60 5 23 1 1
60 5 23 1 1
60 5 23 0 0
60 5 23 0 0
60 5 23 0 0
60 5 23 1 1
60 5 23 1 1
60 5 23 0 0
60 5 23 1 1
61 5 20 1 1
61 5 20 1 1
61 5 20 1 1
61 5 20 1 1
61 5 20 1 1
61 5 20 0 0
61 5 20 0 0
61 5 20 0 0
61 5 20 0 0
61 5 20 1 1
61 5 20 0 0
61 5 20 0 0
61 5 20 0 0
61 5 20 0 0
61 5 20 1 1
61 5 20 1 1
61 5 20 0 0
61 5 20 0 0
61 5 20 1 1
61 5 20 1 1
61 5 20 1 1
61 5 20 0 0
61 5 20 1 1
61 5 20 0 0
61 5 20 0 0
61 5 20 0 0
61 5 20 0 0
61 5 20 1 1
61 5 20 1 1
61 5 20 0 0
61 5 20 0 0
61 5 20 0 0
61 5 20 1 1
61 5 20 1 1
61 5 20 1 1
61 5 20 1 0
61 5 20 0 1
61 5 20 0 0
61 5 20 0 0
61 5 20 1 1
61 5 20 1 1
61 5 20 0 0
61 5 20 1 1
61 5 20 1 1
61 5 20 0 0
61 5 20 1 1
61 5 20 1 1
61 5 20 1 1
61 5 20 0 0
61 5 20 1 1
62 5 16 0 0
62 5 16 0 0
62 5 16 0 1
62 5 16 0 0
62 5 16 1 1
62 5 16 0 0
62 5 16 0 0
62 5 16 0 0
62 5 16 1 1
62 5 16 0 0
62 5 16 0 0
62 5 16 1 1
62 5 16 0 0
62 5 16 1 1
62 5 16 0 0
62 5 16 0 0
62 5 16 1 1
62 5 16 1 1
62 5 16 0 0
62 5 16 0 1
62 5 16 1 1
62 5 16 0 0
62 5 16 1 1
62 5 16 1 1
62 5 16 1 1
62 5 16 0 0
62 5 16 1 1
62 5 16 1 1
62 5 16 1 1
62 5 16 0 1
62 5 16 1 1
62 5 16 1 1
62 5 16 1 1
62 5 16 1 1
62 5 16 0 0
62 5 16 1 1
62 5 16 0 0
62 5 16 1 1
62 5 16 0 1
62 5 16 0 1
62 5 16 1 1
62 5 16 0 0
62 5 16 1 1
62 5 16 1 0
62 5 16 0 1
62 5 16 1 1
62 5 16 1 1
62 5 16 1 1
62 5 16 0 0
62 5 16 0 1
63 5 13 1 1
63 5 13 0 0
63 5 13 1 0
63 5 13 1 0
63 5 13 1 1
63 5 13 0 0
63 5 13 1 0
63 5 13 1 1
63 5 13 0 1
63 5 13 0 0
63 5 13 0 0
63 5 13 1 1
63 5 13 1 0
63 5 13 0 1
63 5 13 1 0
63 5 13 0 1
63 5 13 1 0
63 5 13 1 0
63 5 13 0 0
63 5 13 0 0
63 5 13 1 1
63 5 13 1 1
63 5 13 1 1
63 5 13 0 0
63 5 13 1 1
63 5 13 0 0
63 5 13 0 1
63 5 13 1 1
63 5 13 1 1
63 5 13 1 0
63 5 13 1 1
63 5 13 1 0
63 5 13 0 0
63 5 13 1 1
63 5 13 1 0
63 5 13 1 1
63 5 13 0 0
63 5 13 0 1
63 5 13 1 1
63 5 13 0 0
63 5 13 1 1
63 5 13 0 0
63 5 13 0 0
63 5 13 1 1
63 5 13 1 1
63 5 13 1 0
63 5 13 1 1
63 5 13 0 0
63 5 13 1 1
63 5 13 1 1
64 5 14 1 1
64 5 14 0 0
64 5 14 1 1
64 5 14 0 0
64 5 14 1 1
64 5 14 1 1
64 5 14 0 0
64 5 14 1 1
64 5 14 1 1
64 5 14 0 0
64 5 14 1 0
64 5 14 1 0
64 5 14 1 1
64 5 14 0 0
64 5 14 0 0
64 5 14 1 1
64 5 14 0 0
64 5 14 0 0
64 5 14 0 1
64 5 14 1 1
64 5 14 1 1
64 5 14 0 0
64 5 14 1 1
64 5 14 1 0
64 5 14 1 1
64 5 14 0 0
64 5 14 0 0
64 5 14 0 1
64 5 14 0 0
64 5 14 1 0
64 5 14 0 0
64 5 14 1 1
64 5 14 1 0
64 5 14 1 0
64 5 14 1 0
64 5 14 1 1
64 5 14 0 0
64 5 14 0 1
64 5 14 1 0
64 5 14 0 0
64 5 14 1 1
64 5 14 0 0
64 5 14 0 0
64 5 14 1 1
64 5 14 0 0
64 5 14 1 1
64 5 14 1 1
64 5 14 0 0
64 5 14 0 0
64 5 14 1 1
65 5 11 1 1
65 5 11 0 0
65 5 11 0 0
65 5 11 0 0
65 5 11 0 0
65 5 11 1 1
65 5 11 0 0
65 5 11 0 0
65 5 11 1 1
65 5 11 1 1
65 5 11 0 0
65 5 11 0 1
65 5 11 1 1
65 5 11 0 0
65 5 11 1 0
65 5 11 0 1
65 5 11 0 0
65 5 11 0 0
65 5 11 0 0
65 5 11 1 1
65 5 11 1 1
65 5 11 0 0
65 5 11 0 1
65 5 11 0 0
65 5 11 1 1
65 5 11 0 0
65 5 11 1 1
65 5 11 1 0
65 5 11 0 1
65 5 11 0 0
65 5 11 0 0
65 5 11 1 1
65 5 11 1 0
65 5 11 0 0
65 5 11 1 1
65 5 11 1 1
65 5 11 0 0
65 5 11 0 0
65 5 11 0 0
65 5 11 1 1
65 5 11 1 0
65 5 11 0 0
65 5 11 1 1
65 5 11 0 0
65 5 11 1 1
65 5 11 1 0
65 5 11 0 1
65 5 11 1 1
65 5 11 0 1
65 5 11 1 1
66 5 8 0 0
66 5 8 0 0
66 5 8 0 0
66 5 8 0 1
66 5 8 1 0
66 5 8 1 1
66 5 8 0 0
66 5 8 0 0
66 5 8 1 0
66 5 8 1 0
66 5 8 0 1
66 5 8 0 0
66 5 8 1 1
66 5 8 1 0
66 5 8 1 1
66 5 8 0 0
66 5 8 1 0
66 5 8 0 1
66 5 8 1 0
66 5 8 0 0
66 5 8 1 1
66 5 8 1 0
66 5 8 1 0
66 5 8 1 0
66 5 8 0 0
66 5 8 1 1
66 5 8 1 1
66 5 8 1 1
66 5 8 1 1
66 5 8 1 0
66 5 8 0 1
66 5 8 1 0
66 5 8 1 0
66 5 8 1 1
66 5 8 0 0
66 5 8 0 1
66 5 8 0 0
66 5 8 0 1
66 5 8 1 0
66 5 8 0 1
66 5 8 1 0
66 5 8 0 0
66 5 8 0 0
66 5 8 0 1
66 5 8 1 1
66 5 8 1 0
66 5 8 1 1
66 5 8 0 0
66 5 8 1 1
66 5 8 1 0
67 5 9 0 1
67 5 9 1 1
67 5 9 1 1
67 5 9 0 0
67 5 9 1 1
67 5 9 0 0
67 5 9 1 1
67 5 9 1 0
67 5 9 0 1
67 5 9 1 0
67 5 9 0 1
67 5 9 1 0
67 5 9 1 1
67 5 9 0 0
67 5 9 1 1
67 5 9 1 0
67 5 9 1 1
67 5 9 1 1
67 5 9 0 0
67 5 9 1 1
67 5 9 0 0
67 5 9 1 1
67 5 9 1 0
67 5 9 0 1
67 5 9 1 1
67 5 9 1 0
67 5 9 0 0
67 5 9 0 0
67 5 9 1 1
67 5 9 0 0
67 5 9 0 1
67 5 9 0 0
67 5 9 0 1
67 5 9 0 0
67 5 9 0 1
67 5 9 0 0
67 5 9 0 0
67 5 9 0 1
67 5 9 0 0
67 5 9 1 1
67 5 9 1 0
67 5 9 0 1
67 5 9 0 1
67 5 9 0 1
67 5 9 1 0
67 5 9 1 1
67 5 9 0 0
67 5 9 1 1
67 5 9 0 0
67 5 9 0 1
68 0 8 1 1
68 0 8 1 1
68 0 8 1 1
68 0 8 1 1
68 0 8 1 0
68 0 8 0 0
68 0 8 0 0
68 0 8 1 1
68 0 8 0 0
68 0 8 0 0
68 0 8 0 0
68 0 8 1 0
68 0 8 0 1
68 0 8 0 0
68 0 8 1 1
68 0 8 0 0
68 0 8 1 1
68 0 8 1 1
68 0 8 0 0
68 0 8 1 0
68 0 8 1 1
68 0 8 0 0
68 0 8 1 0
68 0 8 1 0
68 0 8 0 1
68 0 8 1 0
68 0 8 0 1
68 0 8 0 0
68 0 8 0 0
68 0 8 1 1
68 0 8 0 0
68 0 8 1 0
68 0 8 1 1
68 0 8 1 1
68 0 8 0 0
68 0 8 0 0
68 0 8 0 1
68 0 8 0 0
68 0 8 1 0
68 0 8 0 1
68 0 8 0 0
68 0 8 0 1
68 0 8 0 0
68 0 8 0 1
68 0 8 1 0
68 0 8 1 1
68 0 8 0 0
68 0 8 1 0
68 0 8 1 0
68 0 8 1 1
69 1 0.6 1 1
69 1 0.6 0 0
69 1 0.6 0 1
69 1 0.6 0 0
69 1 0.6 0 1
69 1 0.6 0 1
69 1 0.6 0 0
69 1 0.6 0 0
69 1 0.6 0 1
69 1 0.6 1 0
69 1 0.6 0 1
69 1 0.6 1 0
69 1 0.6 1 1
69 1 0.6 1 0
69 1 0.6 1 1
69 1 0.6 1 0
69 1 0.6 0 1
69 1 0.6 0 0
69 1 0.6 0 0
69 1 0.6 1 1
69 1 0.6 1 1
69 1 0.6 1 1
69 1 0.6 0 1
69 1 0.6 0 1
69 1 0.6 0 0
69 1 0.6 1 1
69 1 0.6 0 0
69 1 0.6 1 1
69 1 0.6 1 0
69 1 0.6 1 1
69 1 0.6 0 0
69 1 0.6 1 1
69 1 0.6 1 1
69 1 0.6 1 0
69 1 0.6 1 1
69 1 0.6 1 0
69 1 0.6 0 0
69 1 0.6 1 1
69 1 0.6 1 0
69 1 0.6 0 1
69 1 0.6 1 0
69 1 0.6 0 1
69 1 0.6 1 0
69 1 0.6 0 1
69 1 0.6 0 0
69 1 0.6 0 1
69 1 0.6 0 0
69 1 0.6 1 1
69 1 0.6 1 0
69 1 0.6 1 1
70 1 0.55 0 1
70 1 0.55 0 0
70 1 0.55 0 0
70 1 0.55 1 0
70 1 0.55 1 0
70 1 0.55 0 0
70 1 0.55 1 1
70 1 0.55 1 0
70 1 0.55 1 1
70 1 0.55 0 0
70 1 0.55 1 1
70 1 0.55 1 0
70 1 0.55 1 1
70 1 0.55 0 0
70 1 0.55 1 1
70 1 0.55 0 0
70 1 0.55 1 1
70 1 0.55 0 1
70 1 0.55 0 0
70 1 0.55 0 1
70 1 0.55 1 0
70 1 0.55 0 0
70 1 0.55 0 1
70 1 0.55 0 0
70 1 0.55 1 0
70 1 0.55 1 0
70 1 0.55 1 1
70 1 0.55 0 1
70 1 0.55 1 0
70 1 0.55 0 1
70 1 0.55 0 0
70 1 0.55 0 1
70 1 0.55 0 0
70 1 0.55 0 1
70 1 0.55 1 0
70 1 0.55 1 0
70 1 0.55 0 1
70 1 0.55 1 0
70 1 0.55 0 1
70 1 0.55 0 1
70 1 0.55 0 1
70 1 0.55 1 0
70 1 0.55 0 1
70 1 0.55 1 0
70 1 0.55 1 1
70 1 0.55 0 1
70 1 0.55 0 0
70 1 0.55 1 1
70 1 0.55 1 0
70 1 0.55 1 0
71 1 0.5 1 0
71 1 0.5 0 1
71 1 0.5 1 0
71 1 0.5 1 0
71 1 0.5 1 1
71 1 0.5 0 1
71 1 0.5 0 0
71 1 0.5 1 0
71 1 0.5 1 1
71 1 0.5 1 0
71 1 0.5 0 1
71 1 0.5 1 1
71 1 0.5 0 0
71 1 0.5 0 1
71 1 0.5 0 0
71 1 0.5 1 1
71 1 0.5 1 0
71 1 0.5 1 1
71 1 0.5 0 0
71 1 0.5 1 1
71 1 0.5 0 0
71 1 0.5 0 1
71 1 0.5 0 0
71 1 0.5 0 1
71 1 0.5 1 0
71 1 0.5 0 1
71 1 0.5 0 0
71 1 0.5 1 1
71 1 0.5 1 0
71 1 0.5 1 1
71 1 0.5 1 0
71 1 0.5 0 1
71 1 0.5 1 0
71 1 0.5 1 1
71 1 0.5 0 0
71 1 0.5 0 1
71 1 0.5 1 0
71 1 0.5 1 1
71 1 0.5 0 0
71 1 0.5 1 1
71 1 0.5 0 0
71 1 0.5 1 1
71 1 0.5 0 0
71 1 0.5 0 1
71 1 0.5 0 0
71 1 0.5 0 1
71 1 0.5 1 0
71 1 0.5 0 1
71 1 0.5 1 1
71 1 0.5 0 0
72 1 0.4 1 0
72 1 0.4 1 0
72 1 0.4 1 1
72 1 0.4 0 1
72 1 0.4 0 0
72 1 0.4 1 0
72 1 0.4 1 1
72 1 0.4 0 0
72 1 0.4 1 1
72 1 0.4 1 0
72 1 0.4 0 1
72 1 0.4 1 0
72 1 0.4 0 1
72 1 0.4 1 0
72 1 0.4 0 1
72 1 0.4 1 0
72 1 0.4 0 1
72 1 0.4 0 0
72 1 0.4 1 1
72 1 0.4 1 0
72 1 0.4 0 1
72 1 0.4 0 0
72 1 0.4 1 1
72 1 0.4 1 0
72 1 0.4 1 1
72 1 0.4 0 0
72 1 0.4 1 1
72 1 0.4 1 0
72 1 0.4 0 1
72 1 0.4 0 0
72 1 0.4 1 1
72 1 0.4 0 1
72 1 0.4 0 0
72 1 0.4 0 0
72 1 0.4 1 1
72 1 0.4 0 1
72 1 0.4 1 0
72 1 0.4 1 0
72 1 0.4 1 1
72 1 0.4 1 0
72 1 0.4 1 1
72 1 0.4 0 0
72 1 0.4 1 1
72 1 0.4 0 0
72 1 0.4 1 0
72 1 0.4 1 1
72 1 0.4 0 0
72 1 0.4 0 1
72 1 0.4 1 0
72 1 0.4 0 1
