0 0 0.506667 0 1
0 0 0.506667 0 0
0 0 0.506667 0 1
0 0 0.506667 1 0
0 0 0.506667 1 1
0 0 0.506667 1 1
0 0 0.506667 0 0
0 0 0.506667 1 1
0 0 0.506667 0 1
0 0 0.506667 1 0
0 0 0.506667 1 1
0 0 0.506667 1 0
0 0 0.506667 0 1
0 0 0.506667 0 1
0 0 0.506667 1 1
0 0 0.506667 0 0
0 0 0.506667 0 0
0 0 0.506667 0 1
0 0 0.506667 0 0
0 0 0.506667 1 0
0 0 0.506667 1 1
0 0 0.506667 1 1
0 0 0.506667 0 1
0 0 0.506667 0 0
0 0 0.506667 1 0
0 0 0.506667 0 1
0 0 0.506667 1 0
0 0 0.506667 0 1
0 0 0.506667 0 1
0 0 0.506667 0 0
0 0 0.506667 1 0
0 0 0.506667 1 1
0 0 0.506667 0 0
0 0 0.506667 1 0
0 0 0.506667 0 1
0 0 0.506667 0 0
0 0 0.506667 1 0
0 0 0.506667 1 1
0 0 0.506667 1 1
0 0 0.506667 1 0
0 0 0.506667 1 1
0 0 0.506667 1 1
0 0 0.506667 0 0
0 0 0.506667 0 1
0 0 0.506667 1 0
0 0 0.506667 0 1
0 0 0.506667 1 0
0 0 0.506667 0 1
0 0 0.506667 0 1
0 0 0.506667 1 1
0 0 0.506667 0 0
0 0 0.506667 0 0
0 0 0.506667 1 1
0 0 0.506667 1 0
0 0 0.506667 0 1
1 0 0.72 0 1
1 0 0.72 1 0
1 0 0.72 1 1
1 0 0.72 0 1
1 0 0.72 0 0
1 0 0.72 0 0
1 0 0.72 0 1
1 0 0.72 0 1
1 0 0.72 0 0
1 0 0.72 1 1
1 0 0.72 0 0
1 0 0.72 1 1
1 0 0.72 1 1
1 0 0.72 1 1
1 0 0.72 0 1
1 0 0.72 0 0
1 0 0.72 0 1
1 0 0.72 1 0
1 0 0.72 0 1
1 0 0.72 0 1
1 0 0.72 1 0
1 0 0.72 1 1
1 0 0.72 1 1
1 0 0.72 0 1
1 0 0.72 1 0
1 0 0.72 1 1
1 0 0.72 1 0
1 0 0.72 1 1
1 0 0.72 0 1
1 0 0.72 0 0
1 0 0.72 1 0
1 0 0.72 1 1
1 0 0.72 0 1
1 0 0.72 0 0
1 0 0.72 1 0
1 0 0.72 0 1
1 0 0.72 0 0
1 0 0.72 0 1
1 0 0.72 0 1
1 0 0.72 1 1
1 0 0.72 1 1
1 0 0.72 0 1
1 0 0.72 0 0
1 0 0.72 1 0
1 0 0.72 0 1
1 0 0.72 0 0
1 0 0.72 0 1
1 0 0.72 1 0
1 0 0.72 0 1
1 0 0.72 1 0
1 0 0.72 1 1
1 0 0.72 0 1
1 0 0.72 1 0
1 0 0.72 0 1
1 0 0.72 1 1
2 0 0.933333 0 0
2 0 0.933333 1 1
2 0 0.933333 0 1
2 0 0.933333 0 0
2 0 0.933333 1 0
2 0 0.933333 0 1
2 0 0.933333 0 0
2 0 0.933333 0 0
2 0 0.933333 0 0
2 0 0.933333 1 0
2 0 0.933333 1 1
2 0 0.933333 0 0
2 0 0.933333 0 0
2 0 0.933333 1 0
2 0 0.933333 1 1
2 0 0.933333 1 0
2 0 0.933333 1 0
2 0 0.933333 0 1
2 0 0.933333 1 0
2 0 0.933333 0 1
2 0 0.933333 0 0
2 0 0.933333 0 0
2 0 0.933333 1 1
2 0 0.933333 0 0
2 0 0.933333 0 1
2 0 0.933333 1 0
2 0 0.933333 0 1
2 0 0.933333 1 1
2 0 0.933333 0 1
2 0 0.933333 0 0
2 0 0.933333 0 0
2 0 0.933333 1 1
2 0 0.933333 0 0
2 0 0.933333 1 1
2 0 0.933333 0 0
2 0 0.933333 0 0
2 0 0.933333 1 0
2 0 0.933333 0 0
2 0 0.933333 0 0
2 0 0.933333 1 0
2 0 0.933333 1 1
2 0 0.933333 0 1
2 0 0.933333 0 1
2 0 0.933333 1 1
2 0 0.933333 0 0
2 0 0.933333 1 1
2 0 0.933333 1 0
2 0 0.933333 1 1
2 0 0.933333 1 1
2 0 0.933333 1 0
2 0 0.933333 0 1
2 0 0.933333 0 1
2 0 0.933333 0 1
2 0 0.933333 0 1
2 0 0.933333 0 1
3 0 1.14667 0 1
3 0 1.14667 1 0
3 0 1.14667 1 0
3 0 1.14667 0 0
3 0 1.14667 0 0
3 0 1.14667 0 0
3 0 1.14667 0 0
3 0 1.14667 1 0
3 0 1.14667 0 1
3 0 1.14667 0 0
3 0 1.14667 1 0
3 0 1.14667 1 0
3 0 1.14667 0 1
3 0 1.14667 0 0
3 0 1.14667 1 0
3 0 1.14667 1 0
3 0 1.14667 1 0
3 0 1.14667 0 0
3 0 1.14667 1 1
3 0 1.14667 1 0
3 0 1.14667 1 1
3 0 1.14667 1 0
3 0 1.14667 0 1
3 0 1.14667 0 0
3 0 1.14667 0 0
3 0 1.14667 1 1
3 0 1.14667 1 0
3 0 1.14667 1 1
3 0 1.14667 1 0
3 0 1.14667 1 1
3 0 1.14667 0 0
3 0 1.14667 1 0
3 0 1.14667 0 1
3 0 1.14667 1 0
3 0 1.14667 0 1
3 0 1.14667 0 0
3 0 1.14667 1 0
3 0 1.14667 0 0
3 0 1.14667 1 0
3 0 1.14667 0 0
3 0 1.14667 1 0
3 0 1.14667 1 0
3 0 1.14667 1 1
3 0 1.14667 1 1
3 0 1.14667 1 1
3 0 1.14667 1 1
3 0 1.14667 0 0
3 0 1.14667 0 0
3 0 1.14667 1 1
3 0 1.14667 0 0
3 0 1.14667 1 0
3 0 1.14667 0 0
3 0 1.14667 1 1
3 0 1.14667 1 1
3 0 1.14667 1 0
4 0 1.36 1 1
4 0 1.36 0 0
4 0 1.36 1 1
4 0 1.36 0 1
4 0 1.36 0 0
4 0 1.36 0 0
4 0 1.36 1 0
4 0 1.36 1 1
4 0 1.36 0 1
4 0 1.36 0 0
4 0 1.36 0 1
4 0 1.36 0 0
4 0 1.36 1 0
4 0 1.36 0 1
4 0 1.36 1 0
4 0 1.36 1 1
4 0 1.36 1 1
4 0 1.36 1 0
4 0 1.36 1 1
4 0 1.36 0 0
4 0 1.36 1 1
4 0 1.36 0 0
4 0 1.36 0 1
4 0 1.36 1 0
4 0 1.36 1 1
4 0 1.36 1 0
4 0 1.36 1 1
4 0 1.36 0 0
4 0 1.36 1 1
4 0 1.36 1 0
4 0 1.36 1 0
4 0 1.36 0 1
4 0 1.36 1 0
4 0 1.36 0 1
4 0 1.36 1 1
4 0 1.36 0 1
4 0 1.36 0 0
4 0 1.36 1 0
4 0 1.36 0 0
4 0 1.36 1 0
4 0 1.36 0 1
4 0 1.36 1 1
4 0 1.36 1 0
4 0 1.36 0 1
4 0 1.36 0 1
4 0 1.36 1 1
4 0 1.36 0 0
4 0 1.36 1 0
4 0 1.36 1 1
4 0 1.36 0 1
4 0 1.36 1 1
4 0 1.36 1 0
4 0 1.36 1 0
4 0 1.36 0 1
4 0 1.36 1 0
5 0 1.57333 0 0
5 0 1.57333 0 0
5 0 1.57333 1 1
5 0 1.57333 0 0
5 0 1.57333 1 1
5 0 1.57333 0 0
5 0 1.57333 0 0
5 0 1.57333 0 0
5 0 1.57333 0 0
5 0 1.57333 1 1
5 0 1.57333 0 0
5 0 1.57333 0 0
5 0 1.57333 1 1
5 0 1.57333 0 0
5 0 1.57333 1 1
5 0 1.57333 0 0
5 0 1.57333 1 1
5 0 1.57333 0 0
5 0 1.57333 1 1
5 0 1.57333 1 1
5 0 1.57333 1 1
5 0 1.57333 1 1
5 0 1.57333 1 1
5 0 1.57333 0 0
5 0 1.57333 1 1
5 0 1.57333 0 0
5 0 1.57333 0 0
5 0 1.57333 0 0
5 0 1.57333 1 1
5 0 1.57333 0 1
5 0 1.57333 0 0
5 0 1.57333 0 0
5 0 1.57333 0 0
5 0 1.57333 1 1
5 0 1.57333 1 1
5 0 1.57333 0 0
5 0 1.57333 0 0
5 0 1.57333 1 1
5 0 1.57333 1 1
5 0 1.57333 1 1
5 0 1.57333 0 0
5 0 1.57333 1 0
5 0 1.57333 1 1
5 0 1.57333 1 1
5 0 1.57333 1 1
5 0 1.57333 1 1
5 0 1.57333 0 0
5 0 1.57333 0 0
5 0 1.57333 1 1
5 0 1.57333 0 0
5 0 1.57333 0 1
5 0 1.57333 1 0
5 0 1.57333 0 0
5 0 1.57333 1 1
5 0 1.57333 0 1
6 0 1.78667 0 0
6 0 1.78667 0 0
6 0 1.78667 0 0
6 0 1.78667 1 1
6 0 1.78667 1 1
6 0 1.78667 1 1
6 0 1.78667 1 1
6 0 1.78667 0 0
6 0 1.78667 1 1
6 0 1.78667 0 0
6 0 1.78667 1 1
6 0 1.78667 0 0
6 0 1.78667 0 0
6 0 1.78667 1 1
6 0 1.78667 1 1
6 0 1.78667 0 0
6 0 1.78667 1 1
6 0 1.78667 1 1
6 0 1.78667 0 0
6 0 1.78667 0 0
6 0 1.78667 1 1
6 0 1.78667 1 1
6 0 1.78667 1 1
6 0 1.78667 1 1
6 0 1.78667 0 0
6 0 1.78667 0 0
6 0 1.78667 0 0
6 0 1.78667 1 1
6 0 1.78667 0 0
6 0 1.78667 1 1
6 0 1.78667 1 1
6 0 1.78667 1 1
6 0 1.78667 1 1
6 0 1.78667 0 0
6 0 1.78667 0 0
6 0 1.78667 1 0
6 0 1.78667 1 1
6 0 1.78667 0 0
6 0 1.78667 0 0
6 0 1.78667 0 0
6 0 1.78667 1 1
6 0 1.78667 1 1
6 0 1.78667 0 0
6 0 1.78667 1 1
6 0 1.78667 1 1
6 0 1.78667 0 0
6 0 1.78667 0 0
6 0 1.78667 1 1
6 0 1.78667 0 0
6 0 1.78667 0 0
6 0 1.78667 1 1
6 0 1.78667 0 0
6 0 1.78667 1 0
6 0 1.78667 1 1
6 0 1.78667 0 0
7 0 2 0 0
7 0 2 1 1
7 0 2 0 0
7 0 2 1 1
7 0 2 0 0
7 0 2 0 0
7 0 2 1 1
7 0 2 1 1
7 0 2 1 1
7 0 2 0 0
7 0 2 1 1
7 0 2 0 0
7 0 2 1 1
7 0 2 0 0
7 0 2 0 0
7 0 2 1 1
7 0 2 0 0
7 0 2 1 1
7 0 2 0 0
7 0 2 1 1
7 0 2 0 0
7 0 2 1 1
7 0 2 0 0
7 0 2 0 0
7 0 2 1 1
7 0 2 1 1
7 0 2 1 1
7 0 2 0 0
7 0 2 1 1
7 0 2 1 1
7 0 2 1 1
7 0 2 0 0
7 0 2 0 0
7 0 2 1 1
7 0 2 0 0
7 0 2 0 0
7 0 2 1 1
7 0 2 0 0
7 0 2 0 0
7 0 2 1 1
7 0 2 0 0
7 0 2 1 1
7 0 2 0 0
7 0 2 1 1
7 0 2 0 0
7 0 2 0 0
7 0 2 1 1
7 0 2 1 1
7 0 2 0 0
7 0 2 0 0
7 0 2 1 1
7 0 2 1 1
7 0 2 1 1
7 0 2 1 1
7 0 2 0 0
24 0 1 0 1
24 0 1 0 0
24 0 1 0 0
24 0 1 0 1
24 0 1 1 0
24 0 1 0 1
24 0 1 0 0
24 0 1 1 0
24 0 1 1 1
24 0 1 1 0
24 0 1 1 1
24 0 1 1 1
24 0 1 1 0
24 0 1 1 0
24 0 1 1 1
24 0 1 1 1
24 0 1 0 1
24 0 1 1 0
24 0 1 0 1
24 0 1 1 0
24 0 1 0 0
24 0 1 0 0
24 0 1 0 0
24 0 1 0 0
24 0 1 0 0
24 0 1 1 0
24 0 1 1 1
24 0 1 0 1
24 0 1 0 0
24 0 1 1 0
24 0 1 1 1
24 0 1 1 1
24 0 1 0 1
24 0 1 0 1
24 0 1 0 1
24 0 1 1 1
24 0 1 0 1
24 0 1 0 0
24 0 1 1 0
24 0 1 1 0
24 0 1 1 1
24 0 1 1 1
24 0 1 1 0
24 0 1 0 1
24 0 1 0 0
24 0 1 1 0
24 0 1 0 1
24 0 1 0 0
24 0 1 0 0
24 0 1 0 1
24 0 1 1 0
24 0 1 1 0
24 0 1 0 1
24 0 1 1 0
24 0 1 0 0
25 0 1.17333 0 0
25 0 1.17333 1 1
25 0 1.17333 1 1
25 0 1.17333 1 1
25 0 1.17333 1 1
25 0 1.17333 1 1
25 0 1.17333 1 1
25 0 1.17333 0 0
25 0 1.17333 0 0
25 0 1.17333 0 0
25 0 1.17333 1 1
25 0 1.17333 0 0
25 0 1.17333 0 0
25 0 1.17333 0 0
25 0 1.17333 1 0
25 0 1.17333 0 0
25 0 1.17333 0 0
25 0 1.17333 0 0
25 0 1.17333 1 1
25 0 1.17333 1 1
25 0 1.17333 1 1
25 0 1.17333 1 0
25 0 1.17333 0 0
25 0 1.17333 0 0
25 0 1.17333 1 1
25 0 1.17333 0 0
25 0 1.17333 0 0
25 0 1.17333 1 0
25 0 1.17333 0 0
25 0 1.17333 1 1
25 0 1.17333 1 1
25 0 1.17333 0 0
25 0 1.17333 0 0
25 0 1.17333 0 0
25 0 1.17333 1 1
25 0 1.17333 1 0
25 0 1.17333 0 0
25 0 1.17333 0 0
25 0 1.17333 0 0
25 0 1.17333 1 0
25 0 1.17333 0 1
25 0 1.17333 1 1
25 0 1.17333 1 1
25 0 1.17333 0 0
25 0 1.17333 1 1
25 0 1.17333 1 0
25 0 1.17333 1 1
25 0 1.17333 0 0
25 0 1.17333 0 0
25 0 1.17333 1 1
25 0 1.17333 0 0
25 0 1.17333 1 1
25 0 1.17333 0 0
25 0 1.17333 1 0
25 0 1.17333 1 1
26 0 1.34667 0 0
26 0 1.34667 1 1
26 0 1.34667 1 1
26 0 1.34667 1 0
26 0 1.34667 1 0
26 0 1.34667 1 1
26 0 1.34667 1 1
26 0 1.34667 1 1
26 0 1.34667 0 0
26 0 1.34667 0 0
26 0 1.34667 1 1
26 0 1.34667 0 0
26 0 1.34667 0 0
26 0 1.34667 0 0
26 0 1.34667 1 1
26 0 1.34667 0 0
26 0 1.34667 0 0
26 0 1.34667 1 0
26 0 1.34667 1 0
26 0 1.34667 1 1
26 0 1.34667 1 1
26 0 1.34667 0 0
26 0 1.34667 1 1
26 0 1.34667 0 0
26 0 1.34667 1 1
26 0 1.34667 1 1
26 0 1.34667 1 0
26 0 1.34667 0 0
26 0 1.34667 0 1
26 0 1.34667 1 1
26 0 1.34667 0 0
26 0 1.34667 0 0
26 0 1.34667 1 1
26 0 1.34667 0 0
26 0 1.34667 0 1
26 0 1.34667 0 0
26 0 1.34667 0 0
26 0 1.34667 1 0
26 0 1.34667 0 1
26 0 1.34667 1 1
26 0 1.34667 0 0
26 0 1.34667 0 0
26 0 1.34667 0 0
26 0 1.34667 0 0
26 0 1.34667 0 0
26 0 1.34667 1 0
26 0 1.34667 0 1
26 0 1.34667 0 1
26 0 1.34667 0 0
26 0 1.34667 1 0
26 0 1.34667 0 0
26 0 1.34667 1 0
26 0 1.34667 0 0
26 0 1.34667 1 0
26 0 1.34667 1 1
27 0 1.52 0 0
27 0 1.52 1 1
27 0 1.52 0 1
27 0 1.52 0 0
27 0 1.52 0 0
27 0 1.52 1 1
27 0 1.52 0 0
27 0 1.52 1 1
27 0 1.52 0 0
27 0 1.52 0 0
27 0 1.52 1 0
27 0 1.52 0 0
27 0 1.52 1 1
27 0 1.52 0 0
27 0 1.52 0 0
27 0 1.52 0 0
27 0 1.52 1 1
27 0 1.52 1 0
27 0 1.52 0 0
27 0 1.52 1 1
27 0 1.52 0 0
27 0 1.52 1 1
27 0 1.52 1 1
27 0 1.52 0 0
27 0 1.52 1 0
27 0 1.52 0 0
27 0 1.52 1 1
27 0 1.52 0 0
27 0 1.52 0 1
27 0 1.52 1 0
27 0 1.52 0 0
27 0 1.52 0 0
27 0 1.52 1 1
27 0 1.52 0 0
27 0 1.52 0 0
27 0 1.52 0 0
27 0 1.52 1 1
27 0 1.52 1 1
27 0 1.52 1 1
27 0 1.52 1 1
27 0 1.52 1 1
27 0 1.52 0 1
27 0 1.52 0 0
27 0 1.52 0 0
27 0 1.52 0 0
27 0 1.52 1 1
27 0 1.52 0 0
27 0 1.52 1 1
27 0 1.52 1 1
27 0 1.52 0 0
27 0 1.52 0 0
27 0 1.52 1 1
27 0 1.52 0 0
27 0 1.52 1 1
27 0 1.52 0 0
28 0 1.69333 0 0
28 0 1.69333 0 0
28 0 1.69333 1 1
28 0 1.69333 0 0
28 0 1.69333 1 1
28 0 1.69333 0 0
28 0 1.69333 0 0
28 0 1.69333 0 0
28 0 1.69333 0 0
28 0 1.69333 1 1
28 0 1.69333 1 1
28 0 1.69333 1 0
28 0 1.69333 1 1
28 0 1.69333 1 1
28 0 1.69333 1 1
28 0 1.69333 1 1
28 0 1.69333 1 1
28 0 1.69333 0 0
28 0 1.69333 0 0
28 0 1.69333 1 1
28 0 1.69333 1 1
28 0 1.69333 0 0
28 0 1.69333 0 0
28 0 1.69333 0 0
28 0 1.69333 0 1
28 0 1.69333 0 0
28 0 1.69333 0 0
28 0 1.69333 1 1
28 0 1.69333 0 0
28 0 1.69333 0 0
28 0 1.69333 0 0
28 0 1.69333 1 1
28 0 1.69333 1 1
28 0 1.69333 0 0
28 0 1.69333 0 0
28 0 1.69333 0 0
28 0 1.69333 1 1
28 0 1.69333 1 1
28 0 1.69333 0 0
28 0 1.69333 1 1
28 0 1.69333 0 0
28 0 1.69333 1 1
28 0 1.69333 0 0
28 0 1.69333 0 0
28 0 1.69333 0 0
28 0 1.69333 1 1
28 0 1.69333 0 0
28 0 1.69333 1 1
28 0 1.69333 1 1
28 0 1.69333 0 0
28 0 1.69333 0 0
28 0 1.69333 1 1
28 0 1.69333 1 1
28 0 1.69333 1 1
28 0 1.69333 0 0
29 0 1.86667 1 1
29 0 1.86667 0 0
29 0 1.86667 1 1
29 0 1.86667 1 1
29 0 1.86667 0 0
29 0 1.86667 1 1
29 0 1.86667 1 1
29 0 1.86667 1 1
29 0 1.86667 0 0
29 0 1.86667 1 1
29 0 1.86667 1 1
29 0 1.86667 1 1
29 0 1.86667 1 1
29 0 1.86667 1 1
29 0 1.86667 0 0
29 0 1.86667 0 0
29 0 1.86667 0 0
29 0 1.86667 0 1
29 0 1.86667 1 1
29 0 1.86667 0 0
29 0 1.86667 0 0
29 0 1.86667 1 1
29 0 1.86667 0 0
29 0 1.86667 0 0
29 0 1.86667 1 1
29 0 1.86667 0 0
29 0 1.86667 0 0
29 0 1.86667 0 0
29 0 1.86667 0 0
29 0 1.86667 0 0
29 0 1.86667 1 1
29 0 1.86667 0 0
29 0 1.86667 1 0
29 0 1.86667 1 1
29 0 1.86667 1 1
29 0 1.86667 0 0
29 0 1.86667 1 1
29 0 1.86667 1 1
29 0 1.86667 0 0
29 0 1.86667 1 1
29 0 1.86667 0 0
29 0 1.86667 1 1
29 0 1.86667 1 1
29 0 1.86667 0 0
29 0 1.86667 0 0
29 0 1.86667 1 1
29 0 1.86667 0 0
29 0 1.86667 0 0
29 0 1.86667 1 1
29 0 1.86667 1 1
29 0 1.86667 0 0
29 0 1.86667 1 1
29 0 1.86667 1 1
29 0 1.86667 0 0
29 0 1.86667 0 0
30 0 2.04 0 0
30 0 2.04 0 1
30 0 2.04 1 0
30 0 2.04 1 1
30 0 2.04 1 1
30 0 2.04 0 0
30 0 2.04 0 0
30 0 2.04 0 0
30 0 2.04 1 1
30 0 2.04 1 1
30 0 2.04 0 0
30 0 2.04 1 1
30 0 2.04 1 1
30 0 2.04 1 1
30 0 2.04 1 1
30 0 2.04 1 1
30 0 2.04 1 1
30 0 2.04 1 1
30 0 2.04 1 1
30 0 2.04 1 1
30 0 2.04 0 0
30 0 2.04 0 0
30 0 2.04 1 1
30 0 2.04 1 1
30 0 2.04 1 1
30 0 2.04 1 0
30 0 2.04 0 0
30 0 2.04 1 1
30 0 2.04 0 0
30 0 2.04 0 0
30 0 2.04 1 1
30 0 2.04 0 0
30 0 2.04 1 1
30 0 2.04 1 1
30 0 2.04 1 0
30 0 2.04 1 1
30 0 2.04 1 1
30 0 2.04 0 0
30 0 2.04 0 0
30 0 2.04 1 1
30 0 2.04 1 0
30 0 2.04 1 1
30 0 2.04 0 0
30 0 2.04 1 1
30 0 2.04 0 0
30 0 2.04 0 0
30 0 2.04 0 0
30 0 2.04 1 1
30 0 2.04 0 0
30 0 2.04 0 0
30 0 2.04 0 0
30 0 2.04 1 1
30 0 2.04 1 1
30 0 2.04 0 0
30 0 2.04 0 0
31 0 2.21333 0 0
31 0 2.21333 1 1
31 0 2.21333 0 0
31 0 2.21333 1 1
31 0 2.21333 1 1
31 0 2.21333 0 0
31 0 2.21333 0 0
31 0 2.21333 1 1
31 0 2.21333 1 1
31 0 2.21333 0 0
31 0 2.21333 0 0
31 0 2.21333 0 0
31 0 2.21333 0 0
31 0 2.21333 0 0
31 0 2.21333 0 0
31 0 2.21333 1 0
31 0 2.21333 0 0
31 0 2.21333 0 0
31 0 2.21333 1 1
31 0 2.21333 1 1
31 0 2.21333 0 0
31 0 2.21333 0 0
31 0 2.21333 1 1
31 0 2.21333 0 0
31 0 2.21333 0 0
31 0 2.21333 0 0
31 0 2.21333 0 0
31 0 2.21333 0 0
31 0 2.21333 0 0
31 0 2.21333 1 1
31 0 2.21333 0 0
31 0 2.21333 1 1
31 0 2.21333 1 1
31 0 2.21333 0 0
31 0 2.21333 1 1
31 0 2.21333 0 0
31 0 2.21333 0 0
31 0 2.21333 1 1
31 0 2.21333 1 1
31 0 2.21333 1 1
31 0 2.21333 0 0
31 0 2.21333 1 1
31 0 2.21333 0 0
31 0 2.21333 1 1
31 0 2.21333 1 1
31 0 2.21333 1 1
31 0 2.21333 0 0
31 0 2.21333 1 1
31 0 2.21333 0 0
31 0 2.21333 1 1
31 0 2.21333 1 1
31 0 2.21333 1 1
31 0 2.21333 0 0
31 0 2.21333 1 1
31 0 2.21333 1 1
40 0 1.13333 0 0
40 0 1.13333 1 1
40 0 1.13333 0 0
40 0 1.13333 0 1
40 0 1.13333 0 0
40 0 1.13333 1 1
40 0 1.13333 0 0
40 0 1.13333 1 0
40 0 1.13333 1 1
40 0 1.13333 1 0
40 0 1.13333 0 1
40 0 1.13333 0 0
40 0 1.13333 0 1
40 0 1.13333 1 0
40 0 1.13333 1 0
40 0 1.13333 1 0
40 0 1.13333 1 1
40 0 1.13333 0 0
40 0 1.13333 1 0
40 0 1.13333 0 0
40 0 1.13333 1 1
40 0 1.13333 0 0
40 0 1.13333 0 0
40 0 1.13333 1 0
40 0 1.13333 1 0
40 0 1.13333 0 1
40 0 1.13333 1 0
40 0 1.13333 1 0
40 0 1.13333 1 1
40 0 1.13333 1 1
40 0 1.13333 0 1
40 0 1.13333 1 1
40 0 1.13333 0 0
40 0 1.13333 1 0
40 0 1.13333 0 1
40 0 1.13333 1 0
40 0 1.13333 1 0
40 0 1.13333 1 0
40 0 1.13333 0 0
40 0 1.13333 0 1
40 0 1.13333 1 1
40 0 1.13333 0 1
40 0 1.13333 0 1
40 0 1.13333 1 1
40 0 1.13333 0 0
40 0 1.13333 0 0
40 0 1.13333 1 0
40 0 1.13333 0 0
40 0 1.13333 0 0
40 0 1.13333 1 0
40 0 1.13333 1 1
40 0 1.13333 0 0
40 0 1.13333 1 1
40 0 1.13333 0 0
40 0 1.13333 1 1
41 0 1.26667 1 0
41 0 1.26667 0 1
41 0 1.26667 0 0
41 0 1.26667 1 1
41 0 1.26667 1 0
41 0 1.26667 1 1
41 0 1.26667 1 1
41 0 1.26667 0 0
41 0 1.26667 0 1
41 0 1.26667 0 0
41 0 1.26667 1 0
41 0 1.26667 1 0
41 0 1.26667 1 1
41 0 1.26667 0 0
41 0 1.26667 1 1
41 0 1.26667 0 0
41 0 1.26667 0 0
41 0 1.26667 0 0
41 0 1.26667 1 0
41 0 1.26667 1 1
41 0 1.26667 0 0
41 0 1.26667 0 0
41 0 1.26667 1 0
41 0 1.26667 1 0
41 0 1.26667 1 1
41 0 1.26667 1 0
41 0 1.26667 0 0
41 0 1.26667 0 0
41 0 1.26667 1 1
41 0 1.26667 1 1
41 0 1.26667 0 0
41 0 1.26667 0 0
41 0 1.26667 0 0
41 0 1.26667 0 0
41 0 1.26667 1 1
41 0 1.26667 0 0
41 0 1.26667 0 0
41 0 1.26667 1 1
41 0 1.26667 1 0
41 0 1.26667 1 1
41 0 1.26667 0 0
41 0 1.26667 1 1
41 0 1.26667 0 0
41 0 1.26667 0 0
41 0 1.26667 1 0
41 0 1.26667 1 0
41 0 1.26667 1 1
41 0 1.26667 0 0
41 0 1.26667 0 0
41 0 1.26667 0 1
41 0 1.26667 1 1
41 0 1.26667 0 0
41 0 1.26667 1 0
41 0 1.26667 0 0
41 0 1.26667 0 0
42 0 1.53333 0 0
42 0 1.53333 1 1
42 0 1.53333 1 1
42 0 1.53333 1 1
42 0 1.53333 0 0
42 0 1.53333 1 1
42 0 1.53333 0 0
42 0 1.53333 0 0
42 0 1.53333 0 1
42 0 1.53333 0 0
42 0 1.53333 0 0
42 0 1.53333 1 1
42 0 1.53333 0 1
42 0 1.53333 1 1
42 0 1.53333 0 1
42 0 1.53333 1 1
42 0 1.53333 1 1
42 0 1.53333 1 1
42 0 1.53333 1 1
42 0 1.53333 1 0
42 0 1.53333 0 1
42 0 1.53333 0 0
42 0 1.53333 0 1
42 0 1.53333 1 1
42 0 1.53333 1 0
42 0 1.53333 0 1
42 0 1.53333 1 1
42 0 1.53333 1 0
42 0 1.53333 0 1
42 0 1.53333 0 1
42 0 1.53333 1 0
42 0 1.53333 0 0
42 0 1.53333 0 0
42 0 1.53333 1 1
42 0 1.53333 1 1
42 0 1.53333 0 0
42 0 1.53333 1 1
42 0 1.53333 0 0
42 0 1.53333 1 0
42 0 1.53333 0 0
42 0 1.53333 0 0
42 0 1.53333 1 1
42 0 1.53333 0 0
42 0 1.53333 1 0
42 0 1.53333 0 0
42 0 1.53333 0 0
42 0 1.53333 0 0
42 0 1.53333 1 1
42 0 1.53333 0 0
42 0 1.53333 1 1
42 0 1.53333 1 1
42 0 1.53333 0 0
42 0 1.53333 1 0
42 0 1.53333 1 0
42 0 1.53333 0 0
43 0 1.66667 1 0
43 0 1.66667 0 1
43 0 1.66667 1 1
43 0 1.66667 0 0
43 0 1.66667 0 0
43 0 1.66667 1 0
43 0 1.66667 0 0
43 0 1.66667 1 1
43 0 1.66667 0 0
43 0 1.66667 1 1
43 0 1.66667 0 0
43 0 1.66667 0 0
43 0 1.66667 0 0
43 0 1.66667 0 0
43 0 1.66667 0 0
43 0 1.66667 1 1
43 0 1.66667 1 1
43 0 1.66667 0 0
43 0 1.66667 0 0
43 0 1.66667 1 1
43 0 1.66667 0 0
43 0 1.66667 0 0
43 0 1.66667 0 0
43 0 1.66667 0 0
43 0 1.66667 0 0
43 0 1.66667 1 1
43 0 1.66667 1 1
43 0 1.66667 1 1
43 0 1.66667 1 1
43 0 1.66667 1 1
43 0 1.66667 1 1
43 0 1.66667 1 1
43 0 1.66667 0 0
43 0 1.66667 0 0
43 0 1.66667 0 0
43 0 1.66667 1 1
43 0 1.66667 0 0
43 0 1.66667 0 0
43 0 1.66667 0 0
43 0 1.66667 1 1
43 0 1.66667 0 0
43 0 1.66667 1 1
43 0 1.66667 0 0
43 0 1.66667 1 1
43 0 1.66667 0 0
43 0 1.66667 1 1
43 0 1.66667 1 1
43 0 1.66667 1 1
43 0 1.66667 1 1
43 0 1.66667 1 1
43 0 1.66667 1 1
43 0 1.66667 1 1
43 0 1.66667 0 0
43 0 1.66667 0 0
43 0 1.66667 1 1
44 0 1.93333 1 1
44 0 1.93333 0 1
44 0 1.93333 1 1
44 0 1.93333 0 0
44 0 1.93333 0 0
44 0 1.93333 0 0
44 0 1.93333 0 0
44 0 1.93333 0 0
44 0 1.93333 0 0
44 0 1.93333 1 0
44 0 1.93333 0 0
44 0 1.93333 1 1
44 0 1.93333 1 1
44 0 1.93333 1 1
44 0 1.93333 0 0
44 0 1.93333 1 1
44 0 1.93333 0 0
44 0 1.93333 1 0
44 0 1.93333 0 0
44 0 1.93333 0 0
44 0 1.93333 1 1
44 0 1.93333 1 1
44 0 1.93333 1 1
44 0 1.93333 1 1
44 0 1.93333 0 0
44 0 1.93333 0 0
44 0 1.93333 1 1
44 0 1.93333 1 0
44 0 1.93333 0 0
44 0 1.93333 0 0
44 0 1.93333 0 0
44 0 1.93333 1 1
44 0 1.93333 1 0
44 0 1.93333 1 1
44 0 1.93333 0 0
44 0 1.93333 0 0
44 0 1.93333 0 0
44 0 1.93333 1 1
44 0 1.93333 1 1
44 0 1.93333 0 0
44 0 1.93333 0 0
44 0 1.93333 0 0
44 0 1.93333 1 1
44 0 1.93333 1 1
44 0 1.93333 1 1
44 0 1.93333 0 0
44 0 1.93333 1 1
44 0 1.93333 0 0
44 0 1.93333 1 1
44 0 1.93333 0 0
44 0 1.93333 0 0
44 0 1.93333 1 1
44 0 1.93333 1 1
44 0 1.93333 0 0
44 0 1.93333 1 1
69 1 0.586667 0 1
69 1 0.586667 1 0
69 1 0.586667 1 1
69 1 0.586667 0 0
69 1 0.586667 0 1
69 1 0.586667 1 0
69 1 0.586667 1 1
69 1 0.586667 1 0
69 1 0.586667 0 1
69 1 0.586667 0 0
69 1 0.586667 0 1
69 1 0.586667 1 0
69 1 0.586667 1 1
69 1 0.586667 1 0
69 1 0.586667 1 1
69 1 0.586667 0 0
69 1 0.586667 1 1
69 1 0.586667 1 0
69 1 0.586667 1 1
69 1 0.586667 0 0
69 1 0.586667 0 1
69 1 0.586667 0 0
69 1 0.586667 0 1
69 1 0.586667 1 0
69 1 0.586667 1 1
69 1 0.586667 1 0
69 1 0.586667 1 1
69 1 0.586667 1 0
69 1 0.586667 1 1
69 1 0.586667 1 0
69 1 0.586667 1 1
69 1 0.586667 0 0
69 1 0.586667 1 0
69 1 0.586667 1 1
69 1 0.586667 1 1
69 1 0.586667 1 0
69 1 0.586667 1 1
69 1 0.586667 1 0
69 1 0.586667 1 1
69 1 0.586667 0 0
69 1 0.586667 0 1
69 1 0.586667 1 0
69 1 0.586667 0 1
69 1 0.586667 0 0
69 1 0.586667 1 1
69 1 0.586667 1 0
69 1 0.586667 0 1
69 1 0.586667 1 0
69 1 0.586667 0 1
69 1 0.586667 0 0
69 1 0.586667 1 1
69 1 0.586667 0 0
69 1 0.586667 1 1
69 1 0.586667 0 0
69 1 0.586667 1 1
70 1 0.76 0 1
70 1 0.76 0 0
70 1 0.76 0 0
70 1 0.76 1 1
70 1 0.76 1 0
70 1 0.76 0 1
70 1 0.76 0 0
70 1 0.76 1 0
70 1 0.76 0 0
70 1 0.76 0 0
70 1 0.76 0 0
70 1 0.76 1 0
70 1 0.76 0 0
70 1 0.76 0 0
70 1 0.76 0 0
70 1 0.76 1 1
70 1 0.76 0 1
70 1 0.76 0 0
70 1 0.76 0 0
70 1 0.76 0 0
70 1 0.76 1 0
70 1 0.76 1 0
70 1 0.76 0 0
70 1 0.76 1 0
70 1 0.76 0 0
70 1 0.76 1 0
70 1 0.76 0 0
70 1 0.76 0 0
70 1 0.76 1 0
70 1 0.76 1 0
70 1 0.76 1 0
70 1 0.76 1 1
70 1 0.76 1 1
70 1 0.76 1 0
70 1 0.76 1 1
70 1 0.76 1 1
70 1 0.76 1 1
70 1 0.76 0 0
70 1 0.76 1 1
70 1 0.76 1 1
70 1 0.76 1 1
70 1 0.76 0 1
70 1 0.76 1 0
70 1 0.76 1 0
70 1 0.76 1 1
70 1 0.76 0 0
70 1 0.76 0 1
70 1 0.76 0 1
70 1 0.76 1 1
70 1 0.76 1 0
70 1 0.76 1 1
70 1 0.76 0 0
70 1 0.76 1 0
70 1 0.76 1 1
70 1 0.76 0 0
71 1 0.933333 1 1
71 1 0.933333 0 0
71 1 0.933333 1 1
71 1 0.933333 1 1
71 1 0.933333 1 0
71 1 0.933333 0 1
71 1 0.933333 0 0
71 1 0.933333 0 0
71 1 0.933333 0 0
71 1 0.933333 1 1
71 1 0.933333 0 1
71 1 0.933333 1 1
71 1 0.933333 1 1
71 1 0.933333 1 0
71 1 0.933333 1 1
71 1 0.933333 0 1
71 1 0.933333 1 1
71 1 0.933333 0 0
71 1 0.933333 0 0
71 1 0.933333 0 1
71 1 0.933333 0 0
71 1 0.933333 1 1
71 1 0.933333 1 1
71 1 0.933333 1 1
71 1 0.933333 1 0
71 1 0.933333 1 1
71 1 0.933333 0 0
71 1 0.933333 1 1
71 1 0.933333 0 0
71 1 0.933333 0 0
71 1 0.933333 0 0
71 1 0.933333 0 0
71 1 0.933333 0 0
71 1 0.933333 0 0
71 1 0.933333 0 0
71 1 0.933333 0 0
71 1 0.933333 1 1
71 1 0.933333 0 0
71 1 0.933333 0 1
71 1 0.933333 0 0
71 1 0.933333 0 0
71 1 0.933333 0 0
71 1 0.933333 1 1
71 1 0.933333 0 0
71 1 0.933333 0 0
71 1 0.933333 1 1
71 1 0.933333 1 1
71 1 0.933333 1 1
71 1 0.933333 0 0
71 1 0.933333 1 1
71 1 0.933333 1 1
71 1 0.933333 0 0
71 1 0.933333 1 1
71 1 0.933333 0 0
71 1 0.933333 0 1
72 1 1.10667 0 0
72 1 1.10667 1 1
72 1 1.10667 1 1
72 1 1.10667 0 0
72 1 1.10667 0 0
72 1 1.10667 1 1
72 1 1.10667 1 1
72 1 1.10667 0 0
72 1 1.10667 0 0
72 1 1.10667 1 1
72 1 1.10667 0 0
72 1 1.10667 1 1
72 1 1.10667 0 0
72 1 1.10667 0 0
72 1 1.10667 0 0
72 1 1.10667 1 1
72 1 1.10667 0 0
72 1 1.10667 0 0
72 1 1.10667 0 0
72 1 1.10667 0 0
72 1 1.10667 1 1
72 1 1.10667 0 1
72 1 1.10667 0 0
72 1 1.10667 0 0
72 1 1.10667 0 0
72 1 1.10667 1 1
72 1 1.10667 0 0
72 1 1.10667 1 1
72 1 1.10667 0 1
72 1 1.10667 0 0
72 1 1.10667 0 0
72 1 1.10667 1 1
72 1 1.10667 0 0
72 1 1.10667 0 0
72 1 1.10667 1 1
72 1 1.10667 1 1
72 1 1.10667 1 1
72 1 1.10667 1 1
72 1 1.10667 0 0
72 1 1.10667 1 1
72 1 1.10667 0 0
72 1 1.10667 0 0
72 1 1.10667 0 0
72 1 1.10667 1 1
72 1 1.10667 0 0
72 1 1.10667 1 1
72 1 1.10667 0 0
72 1 1.10667 0 0
72 1 1.10667 1 1
72 1 1.10667 0 0
72 1 1.10667 1 1
72 1 1.10667 1 1
72 1 1.10667 0 0
72 1 1.10667 1 1
72 1 1.10667 0 0
73 1 1.28 1 1
73 1 1.28 1 1
73 1 1.28 1 1
73 1 1.28 1 1
73 1 1.28 0 0
73 1 1.28 1 1
73 1 1.28 1 1
73 1 1.28 0 0
73 1 1.28 0 0
73 1 1.28 0 0
73 1 1.28 1 1
73 1 1.28 1 1
73 1 1.28 1 1
73 1 1.28 1 1
73 1 1.28 1 1
73 1 1.28 1 1
73 1 1.28 0 0
73 1 1.28 0 0
73 1 1.28 0 0
73 1 1.28 1 1
73 1 1.28 0 0
73 1 1.28 1 1
73 1 1.28 1 1
73 1 1.28 1 1
73 1 1.28 0 0
73 1 1.28 1 1
73 1 1.28 0 0
73 1 1.28 1 1
73 1 1.28 0 0
73 1 1.28 0 0
73 1 1.28 0 0
73 1 1.28 0 0
73 1 1.28 0 0
73 1 1.28 0 0
73 1 1.28 1 1
73 1 1.28 1 1
73 1 1.28 0 0
73 1 1.28 1 1
73 1 1.28 0 0
73 1 1.28 0 0
73 1 1.28 0 0
73 1 1.28 1 1
73 1 1.28 1 1
73 1 1.28 0 0
73 1 1.28 0 0
73 1 1.28 1 1
73 1 1.28 1 1
73 1 1.28 1 1
73 1 1.28 1 1
73 1 1.28 0 0
73 1 1.28 1 1
73 1 1.28 0 0
73 1 1.28 0 0
73 1 1.28 1 1
73 1 1.28 1 1
74 1 1.45333 0 0
74 1 1.45333 1 1
74 1 1.45333 1 1
74 1 1.45333 1 1
74 1 1.45333 1 1
74 1 1.45333 1 1
74 1 1.45333 1 1
74 1 1.45333 1 1
74 1 1.45333 0 0
74 1 1.45333 0 0
74 1 1.45333 0 0
74 1 1.45333 0 0
74 1 1.45333 1 0
74 1 1.45333 1 1
74 1 1.45333 1 1
74 1 1.45333 0 0
74 1 1.45333 0 0
74 1 1.45333 1 1
74 1 1.45333 1 1
74 1 1.45333 0 0
74 1 1.45333 1 1
74 1 1.45333 1 1
74 1 1.45333 0 0
74 1 1.45333 1 1
74 1 1.45333 1 1
74 1 1.45333 0 0
74 1 1.45333 1 1
74 1 1.45333 1 1
74 1 1.45333 1 1
74 1 1.45333 0 0
74 1 1.45333 1 1
74 1 1.45333 1 1
74 1 1.45333 1 1
74 1 1.45333 1 1
74 1 1.45333 0 0
74 1 1.45333 0 0
74 1 1.45333 0 0
74 1 1.45333 0 0
74 1 1.45333 0 0
74 1 1.45333 1 1
74 1 1.45333 1 1
74 1 1.45333 0 0
74 1 1.45333 1 1
74 1 1.45333 1 1
74 1 1.45333 0 0
74 1 1.45333 1 1
74 1 1.45333 0 0
74 1 1.45333 1 1
74 1 1.45333 0 0
74 1 1.45333 0 0
74 1 1.45333 1 1
74 1 1.45333 0 0
74 1 1.45333 0 0
74 1 1.45333 1 1
74 1 1.45333 1 1
75 1 1.62667 0 0
75 1 1.62667 1 1
75 1 1.62667 0 0
75 1 1.62667 1 1
75 1 1.62667 1 1
75 1 1.62667 0 0
75 1 1.62667 0 0
75 1 1.62667 0 0
75 1 1.62667 1 1
75 1 1.62667 0 0
75 1 1.62667 1 1
75 1 1.62667 0 0
75 1 1.62667 1 1
75 1 1.62667 1 1
75 1 1.62667 0 0
75 1 1.62667 0 0
75 1 1.62667 1 1
75 1 1.62667 1 1
75 1 1.62667 1 1
75 1 1.62667 0 0
75 1 1.62667 0 0
75 1 1.62667 0 0
75 1 1.62667 1 1
75 1 1.62667 0 0
75 1 1.62667 0 0
75 1 1.62667 0 0
75 1 1.62667 0 0
75 1 1.62667 0 0
75 1 1.62667 0 0
75 1 1.62667 0 0
75 1 1.62667 0 0
75 1 1.62667 1 1
75 1 1.62667 1 1
75 1 1.62667 1 1
75 1 1.62667 0 0
75 1 1.62667 0 0
75 1 1.62667 0 0
75 1 1.62667 0 0
75 1 1.62667 0 0
75 1 1.62667 1 1
75 1 1.62667 0 0
75 1 1.62667 0 0
75 1 1.62667 0 0
75 1 1.62667 0 0
75 1 1.62667 1 1
75 1 1.62667 1 1
75 1 1.62667 0 0
75 1 1.62667 1 1
75 1 1.62667 1 1
75 1 1.62667 1 1
75 1 1.62667 1 1
75 1 1.62667 1 1
75 1 1.62667 0 0
75 1 1.62667 1 1
75 1 1.62667 1 1
76 1 1.8 1 1
76 1 1.8 0 0
76 1 1.8 1 1
76 1 1.8 1 1
76 1 1.8 1 1
76 1 1.8 1 1
76 1 1.8 1 1
76 1 1.8 1 1
76 1 1.8 0 0
76 1 1.8 1 1
76 1 1.8 0 0
76 1 1.8 1 1
76 1 1.8 0 0
76 1 1.8 0 0
76 1 1.8 0 0
76 1 1.8 0 0
76 1 1.8 0 0
76 1 1.8 0 0
76 1 1.8 1 1
76 1 1.8 0 0
76 1 1.8 1 1
76 1 1.8 1 1
76 1 1.8 0 0
76 1 1.8 1 1
76 1 1.8 0 0
76 1 1.8 0 0
76 1 1.8 0 0
76 1 1.8 0 0
76 1 1.8 0 0
76 1 1.8 1 1
76 1 1.8 0 0
76 1 1.8 1 1
76 1 1.8 0 0
76 1 1.8 0 0
76 1 1.8 1 1
76 1 1.8 0 0
76 1 1.8 0 0
76 1 1.8 1 1
76 1 1.8 1 1
76 1 1.8 1 1
76 1 1.8 0 0
76 1 1.8 0 0
76 1 1.8 0 0
76 1 1.8 0 0
76 1 1.8 1 1
76 1 1.8 1 1
76 1 1.8 1 1
76 1 1.8 0 0
76 1 1.8 1 1
76 1 1.8 0 0
76 1 1.8 0 0
76 1 1.8 0 0
76 1 1.8 1 1
76 1 1.8 0 0
76 1 1.8 0 0
93 1 0.5 0 1
93 1 0.5 0 0
93 1 0.5 0 1
93 1 0.5 0 1
93 1 0.5 1 0
93 1 0.5 1 1
93 1 0.5 0 0
93 1 0.5 1 0
93 1 0.5 0 1
93 1 0.5 1 0
93 1 0.5 1 1
93 1 0.5 0 0
93 1 0.5 1 0
93 1 0.5 1 1
93 1 0.5 1 0
93 1 0.5 0 1
93 1 0.5 1 0
93 1 0.5 1 0
93 1 0.5 1 0
93 1 0.5 1 1
93 1 0.5 1 1
93 1 0.5 0 0
93 1 0.5 1 1
93 1 0.5 1 0
93 1 0.5 0 1
93 1 0.5 1 0
93 1 0.5 1 1
93 1 0.5 0 1
93 1 0.5 1 0
93 1 0.5 0 1
93 1 0.5 1 0
93 1 0.5 0 1
93 1 0.5 0 0
93 1 0.5 0 1
93 1 0.5 1 1
93 1 0.5 0 0
93 1 0.5 0 1
93 1 0.5 1 0
93 1 0.5 0 1
93 1 0.5 1 0
93 1 0.5 1 0
93 1 0.5 0 0
93 1 0.5 0 1
93 1 0.5 1 0
93 1 0.5 1 1
93 1 0.5 0 0
93 1 0.5 1 1
93 1 0.5 0 0
93 1 0.5 0 0
93 1 0.5 0 0
93 1 0.5 0 1
93 1 0.5 1 1
93 1 0.5 1 0
93 1 0.5 0 0
93 1 0.5 1 1
94 1 0.633333 0 1
94 1 0.633333 0 0
94 1 0.633333 1 0
94 1 0.633333 1 1
94 1 0.633333 0 0
94 1 0.633333 0 1
94 1 0.633333 1 0
94 1 0.633333 1 0
94 1 0.633333 0 1
94 1 0.633333 1 0
94 1 0.633333 1 1
94 1 0.633333 0 1
94 1 0.633333 1 1
94 1 0.633333 0 0
94 1 0.633333 1 1
94 1 0.633333 1 0
94 1 0.633333 1 0
94 1 0.633333 0 1
94 1 0.633333 1 1
94 1 0.633333 0 0
94 1 0.633333 0 0
94 1 0.633333 0 1
94 1 0.633333 0 0
94 1 0.633333 1 1
94 1 0.633333 1 0
94 1 0.633333 0 1
94 1 0.633333 1 0
94 1 0.633333 0 1
94 1 0.633333 0 0
94 1 0.633333 1 0
94 1 0.633333 1 0
94 1 0.633333 0 0
94 1 0.633333 0 0
94 1 0.633333 1 0
94 1 0.633333 1 0
94 1 0.633333 1 1
94 1 0.633333 1 1
94 1 0.633333 0 1
94 1 0.633333 1 0
94 1 0.633333 1 1
94 1 0.633333 1 0
94 1 0.633333 0 0
94 1 0.633333 0 1
94 1 0.633333 0 0
94 1 0.633333 1 1
94 1 0.633333 1 0
94 1 0.633333 1 1
94 1 0.633333 0 0
94 1 0.633333 1 0
94 1 0.633333 1 1
94 1 0.633333 0 0
94 1 0.633333 1 1
94 1 0.633333 1 0
94 1 0.633333 0 1
94 1 0.633333 0 0
95 1 0.766667 0 0
95 1 0.766667 1 1
95 1 0.766667 1 0
95 1 0.766667 0 0
95 1 0.766667 0 0
95 1 0.766667 0 0
95 1 0.766667 0 0
95 1 0.766667 1 1
95 1 0.766667 0 0
95 1 0.766667 0 0
95 1 0.766667 0 0
95 1 0.766667 1 1
95 1 0.766667 1 1
95 1 0.766667 1 0
95 1 0.766667 0 1
95 1 0.766667 1 1
95 1 0.766667 1 1
95 1 0.766667 1 1
95 1 0.766667 0 0
95 1 0.766667 0 0
95 1 0.766667 1 1
95 1 0.766667 1 1
95 1 0.766667 0 0
95 1 0.766667 0 0
95 1 0.766667 1 1
95 1 0.766667 0 1
95 1 0.766667 1 1
95 1 0.766667 0 0
95 1 0.766667 1 1
95 1 0.766667 0 0
95 1 0.766667 1 1
95 1 0.766667 1 1
95 1 0.766667 1 1
95 1 0.766667 1 1
95 1 0.766667 0 0
95 1 0.766667 1 1
95 1 0.766667 0 0
95 1 0.766667 1 1
95 1 0.766667 0 0
95 1 0.766667 0 0
95 1 0.766667 1 0
95 1 0.766667 1 1
95 1 0.766667 1 1
95 1 0.766667 0 0
95 1 0.766667 0 0
95 1 0.766667 0 0
95 1 0.766667 1 1
95 1 0.766667 1 0
95 1 0.766667 1 1
95 1 0.766667 0 0
95 1 0.766667 1 1
95 1 0.766667 0 0
95 1 0.766667 0 0
95 1 0.766667 0 0
95 1 0.766667 0 0
96 1 0.9 1 0
96 1 0.9 1 1
96 1 0.9 0 0
96 1 0.9 1 1
96 1 0.9 1 1
96 1 0.9 0 0
96 1 0.9 1 1
96 1 0.9 1 1
96 1 0.9 1 1
96 1 0.9 1 1
96 1 0.9 1 1
96 1 0.9 0 1
96 1 0.9 0 0
96 1 0.9 0 0
96 1 0.9 0 0
96 1 0.9 0 0
96 1 0.9 1 1
96 1 0.9 0 0
96 1 0.9 0 0
96 1 0.9 1 1
96 1 0.9 1 1
96 1 0.9 0 0
96 1 0.9 0 0
96 1 0.9 1 1
96 1 0.9 0 0
96 1 0.9 0 1
96 1 0.9 1 1
96 1 0.9 1 0
96 1 0.9 1 1
96 1 0.9 0 0
96 1 0.9 1 1
96 1 0.9 0 0
96 1 0.9 1 1
96 1 0.9 0 0
96 1 0.9 0 0
96 1 0.9 1 1
96 1 0.9 1 0
96 1 0.9 0 0
96 1 0.9 0 1
96 1 0.9 1 1
96 1 0.9 1 1
96 1 0.9 0 0
96 1 0.9 0 0
96 1 0.9 0 1
96 1 0.9 0 0
96 1 0.9 1 1
96 1 0.9 1 1
96 1 0.9 1 1
96 1 0.9 0 0
96 1 0.9 1 1
96 1 0.9 0 0
96 1 0.9 1 1
96 1 0.9 0 0
96 1 0.9 1 1
96 1 0.9 1 1
97 1 1.03333 0 0
97 1 1.03333 0 0
97 1 1.03333 1 0
97 1 1.03333 0 0
97 1 1.03333 1 1
97 1 1.03333 0 0
97 1 1.03333 1 0
97 1 1.03333 0 0
97 1 1.03333 0 0
97 1 1.03333 1 1
97 1 1.03333 0 0
97 1 1.03333 0 0
97 1 1.03333 0 0
97 1 1.03333 0 0
97 1 1.03333 1 1
97 1 1.03333 1 1
97 1 1.03333 0 0
97 1 1.03333 0 0
97 1 1.03333 1 0
97 1 1.03333 0 0
97 1 1.03333 1 0
97 1 1.03333 0 0
97 1 1.03333 0 0
97 1 1.03333 1 1
97 1 1.03333 0 0
97 1 1.03333 1 1
97 1 1.03333 0 0
97 1 1.03333 0 0
97 1 1.03333 1 1
97 1 1.03333 1 1
97 1 1.03333 0 0
97 1 1.03333 0 0
97 1 1.03333 0 0
97 1 1.03333 1 1
97 1 1.03333 1 1
97 1 1.03333 0 0
97 1 1.03333 1 1
97 1 1.03333 1 0
97 1 1.03333 0 0
97 1 1.03333 1 1
97 1 1.03333 0 0
97 1 1.03333 0 0
97 1 1.03333 0 0
97 1 1.03333 0 0
97 1 1.03333 0 0
97 1 1.03333 1 1
97 1 1.03333 0 0
97 1 1.03333 0 0
97 1 1.03333 0 0
97 1 1.03333 0 0
97 1 1.03333 0 0
97 1 1.03333 1 1
97 1 1.03333 0 0
97 1 1.03333 1 1
97 1 1.03333 0 0
98 1 1.16667 0 1
98 1 1.16667 1 1
98 1 1.16667 1 0
98 1 1.16667 1 1
98 1 1.16667 0 1
98 1 1.16667 1 0
98 1 1.16667 1 1
98 1 1.16667 0 0
98 1 1.16667 0 1
98 1 1.16667 0 0
98 1 1.16667 1 1
98 1 1.16667 0 0
98 1 1.16667 0 0
98 1 1.16667 0 0
98 1 1.16667 0 0
98 1 1.16667 1 1
98 1 1.16667 0 0
98 1 1.16667 1 1
98 1 1.16667 0 0
98 1 1.16667 0 0
98 1 1.16667 1 1
98 1 1.16667 1 1
98 1 1.16667 1 1
98 1 1.16667 0 0
98 1 1.16667 1 1
98 1 1.16667 0 0
98 1 1.16667 0 0
98 1 1.16667 0 0
98 1 1.16667 1 1
98 1 1.16667 0 0
98 1 1.16667 0 0
98 1 1.16667 1 1
98 1 1.16667 0 0
98 1 1.16667 1 1
98 1 1.16667 1 1
98 1 1.16667 1 1
98 1 1.16667 1 1
98 1 1.16667 1 1
98 1 1.16667 1 1
98 1 1.16667 1 1
98 1 1.16667 1 1
98 1 1.16667 1 1
98 1 1.16667 1 1
98 1 1.16667 0 0
98 1 1.16667 1 1
98 1 1.16667 0 0
98 1 1.16667 0 0
98 1 1.16667 1 1
98 1 1.16667 0 0
98 1 1.16667 0 0
98 1 1.16667 0 0
98 1 1.16667 0 0
98 1 1.16667 1 1
98 1 1.16667 0 0
98 1 1.16667 0 0
99 1 1.3 1 1
99 1 1.3 1 1
99 1 1.3 1 1
99 1 1.3 1 1
99 1 1.3 0 0
99 1 1.3 1 1
99 1 1.3 1 1
99 1 1.3 1 0
99 1 1.3 1 1
99 1 1.3 1 1
99 1 1.3 0 0
99 1 1.3 0 0
99 1 1.3 1 1
99 1 1.3 1 1
99 1 1.3 1 1
99 1 1.3 0 0
99 1 1.3 0 0
99 1 1.3 1 1
99 1 1.3 1 1
99 1 1.3 0 0
99 1 1.3 1 1
99 1 1.3 1 1
99 1 1.3 0 0
99 1 1.3 0 0
99 1 1.3 0 0
99 1 1.3 0 0
99 1 1.3 0 0
99 1 1.3 1 1
99 1 1.3 0 0
99 1 1.3 0 0
99 1 1.3 0 0
99 1 1.3 1 1
99 1 1.3 0 0
99 1 1.3 1 1
99 1 1.3 1 1
99 1 1.3 0 0
99 1 1.3 0 0
99 1 1.3 0 0
99 1 1.3 0 0
99 1 1.3 1 1
99 1 1.3 1 1
99 1 1.3 0 0
99 1 1.3 1 1
99 1 1.3 0 0
99 1 1.3 0 0
99 1 1.3 1 1
99 1 1.3 0 0
99 1 1.3 0 0
99 1 1.3 1 1
99 1 1.3 1 1
99 1 1.3 0 0
99 1 1.3 0 0
99 1 1.3 0 1
99 1 1.3 1 1
99 1 1.3 0 0
100 1 1.43333 0 0
100 1 1.43333 1 1
100 1 1.43333 1 1
100 1 1.43333 1 1
100 1 1.43333 1 1
100 1 1.43333 0 0
100 1 1.43333 0 1
100 1 1.43333 1 0
100 1 1.43333 1 1
100 1 1.43333 0 0
100 1 1.43333 0 0
100 1 1.43333 0 0
100 1 1.43333 0 0
100 1 1.43333 1 1
100 1 1.43333 0 0
100 1 1.43333 0 0
100 1 1.43333 1 1
100 1 1.43333 1 1
100 1 1.43333 1 1
100 1 1.43333 1 1
100 1 1.43333 1 1
100 1 1.43333 0 0
100 1 1.43333 1 1
100 1 1.43333 1 1
100 1 1.43333 1 1
100 1 1.43333 0 0
100 1 1.43333 1 1
100 1 1.43333 1 1
100 1 1.43333 1 1
100 1 1.43333 1 1
100 1 1.43333 1 1
100 1 1.43333 0 0
100 1 1.43333 1 1
100 1 1.43333 0 0
100 1 1.43333 1 1
100 1 1.43333 0 0
100 1 1.43333 0 0
100 1 1.43333 1 1
100 1 1.43333 1 1
100 1 1.43333 0 0
100 1 1.43333 0 0
100 1 1.43333 0 0
100 1 1.43333 1 1
100 1 1.43333 1 1
100 1 1.43333 1 1
100 1 1.43333 0 0
100 1 1.43333 1 1
100 1 1.43333 0 0
100 1 1.43333 1 1
100 1 1.43333 1 1
100 1 1.43333 1 1
100 1 1.43333 1 1
100 1 1.43333 0 0
100 1 1.43333 1 1
100 1 1.43333 0 0
149 2 0.566667 1 0
149 2 0.566667 1 1
149 2 0.566667 0 0
149 2 0.566667 0 0
149 2 0.566667 0 1
149 2 0.566667 1 1
149 2 0.566667 0 1
149 2 0.566667 1 0
149 2 0.566667 0 1
149 2 0.566667 0 0
149 2 0.566667 1 1
149 2 0.566667 0 1
149 2 0.566667 1 0
149 2 0.566667 1 1
149 2 0.566667 1 1
149 2 0.566667 1 1
149 2 0.566667 1 1
149 2 0.566667 0 0
149 2 0.566667 0 0
149 2 0.566667 1 1
149 2 0.566667 1 0
149 2 0.566667 1 1
149 2 0.566667 0 1
149 2 0.566667 1 0
149 2 0.566667 1 1
149 2 0.566667 0 1
149 2 0.566667 0 0
149 2 0.566667 0 0
149 2 0.566667 0 0
149 2 0.566667 0 0
149 2 0.566667 1 0
149 2 0.566667 0 1
149 2 0.566667 1 1
149 2 0.566667 0 1
149 2 0.566667 1 1
149 2 0.566667 1 1
149 2 0.566667 1 1
149 2 0.566667 1 0
149 2 0.566667 1 0
149 2 0.566667 1 0
149 2 0.566667 0 1
149 2 0.566667 1 0
149 2 0.566667 1 0
149 2 0.566667 0 0
149 2 0.566667 0 0
149 2 0.566667 0 0
149 2 0.566667 1 0
149 2 0.566667 0 0
149 2 0.566667 0 1
149 2 0.566667 1 0
149 2 0.566667 1 1
149 2 0.566667 0 0
149 2 0.566667 1 1
149 2 0.566667 1 0
149 2 0.566667 0 1
150 2 0.7 0 0
150 2 0.7 0 0
150 2 0.7 1 0
150 2 0.7 0 1
150 2 0.7 0 0
150 2 0.7 1 0
150 2 0.7 0 0
150 2 0.7 1 0
150 2 0.7 0 1
150 2 0.7 0 0
150 2 0.7 1 0
150 2 0.7 1 1
150 2 0.7 0 1
150 2 0.7 1 0
150 2 0.7 0 0
150 2 0.7 1 1
150 2 0.7 0 1
150 2 0.7 0 0
150 2 0.7 0 0
150 2 0.7 0 1
150 2 0.7 1 1
150 2 0.7 0 1
150 2 0.7 0 0
150 2 0.7 0 0
150 2 0.7 0 0
150 2 0.7 0 1
150 2 0.7 0 0
150 2 0.7 0 0
150 2 0.7 1 0
150 2 0.7 0 0
150 2 0.7 1 0
150 2 0.7 1 1
150 2 0.7 1 1
150 2 0.7 1 1
150 2 0.7 1 0
150 2 0.7 0 1
150 2 0.7 0 0
150 2 0.7 1 0
150 2 0.7 1 1
150 2 0.7 1 1
150 2 0.7 0 1
150 2 0.7 1 0
150 2 0.7 1 1
150 2 0.7 1 1
150 2 0.7 1 1
150 2 0.7 1 1
150 2 0.7 0 1
150 2 0.7 0 0
150 2 0.7 0 1
150 2 0.7 0 0
150 2 0.7 0 0
150 2 0.7 0 0
150 2 0.7 0 1
150 2 0.7 1 0
150 2 0.7 0 0
151 2 0.833333 0 1
151 2 0.833333 0 0
151 2 0.833333 1 0
151 2 0.833333 1 0
151 2 0.833333 1 1
151 2 0.833333 1 0
151 2 0.833333 0 0
151 2 0.833333 0 1
151 2 0.833333 0 1
151 2 0.833333 1 0
151 2 0.833333 0 0
151 2 0.833333 1 1
151 2 0.833333 1 0
151 2 0.833333 1 0
151 2 0.833333 0 1
151 2 0.833333 0 0
151 2 0.833333 1 1
151 2 0.833333 0 1
151 2 0.833333 1 0
151 2 0.833333 1 1
151 2 0.833333 0 0
151 2 0.833333 0 0
151 2 0.833333 1 0
151 2 0.833333 0 0
151 2 0.833333 1 1
151 2 0.833333 0 0
151 2 0.833333 0 1
151 2 0.833333 0 0
151 2 0.833333 1 1
151 2 0.833333 0 0
151 2 0.833333 0 0
151 2 0.833333 0 1
151 2 0.833333 0 0
151 2 0.833333 1 1
151 2 0.833333 0 0
151 2 0.833333 1 1
151 2 0.833333 1 1
151 2 0.833333 1 1
151 2 0.833333 0 0
151 2 0.833333 1 1
151 2 0.833333 1 1
151 2 0.833333 0 0
151 2 0.833333 0 0
151 2 0.833333 1 1
151 2 0.833333 0 0
151 2 0.833333 1 0
151 2 0.833333 0 0
151 2 0.833333 1 1
151 2 0.833333 1 1
151 2 0.833333 1 1
151 2 0.833333 0 0
151 2 0.833333 1 1
151 2 0.833333 0 0
151 2 0.833333 1 1
151 2 0.833333 0 0
152 2 0.966667 1 0
152 2 0.966667 0 0
152 2 0.966667 1 0
152 2 0.966667 0 1
152 2 0.966667 1 1
152 2 0.966667 1 0
152 2 0.966667 0 1
152 2 0.966667 0 0
152 2 0.966667 1 0
152 2 0.966667 0 1
152 2 0.966667 0 0
152 2 0.966667 0 0
152 2 0.966667 1 0
152 2 0.966667 1 1
152 2 0.966667 1 0
152 2 0.966667 1 1
152 2 0.966667 1 1
152 2 0.966667 0 0
152 2 0.966667 1 0
152 2 0.966667 1 1
152 2 0.966667 0 0
152 2 0.966667 1 1
152 2 0.966667 0 0
152 2 0.966667 0 0
152 2 0.966667 1 0
152 2 0.966667 1 1
152 2 0.966667 1 1
152 2 0.966667 0 0
152 2 0.966667 0 0
152 2 0.966667 1 0
152 2 0.966667 1 1
152 2 0.966667 1 1
152 2 0.966667 0 0
152 2 0.966667 0 0
152 2 0.966667 1 0
152 2 0.966667 0 0
152 2 0.966667 1 1
152 2 0.966667 1 0
152 2 0.966667 1 1
152 2 0.966667 0 0
152 2 0.966667 1 1
152 2 0.966667 0 0
152 2 0.966667 0 1
152 2 0.966667 0 0
152 2 0.966667 0 0
152 2 0.966667 0 0
152 2 0.966667 0 0
152 2 0.966667 1 1
152 2 0.966667 1 0
152 2 0.966667 1 0
152 2 0.966667 1 1
152 2 0.966667 0 0
152 2 0.966667 1 0
152 2 0.966667 0 1
152 2 0.966667 1 1
153 2 1.1 0 0
153 2 1.1 0 0
153 2 1.1 1 1
153 2 1.1 0 1
153 2 1.1 1 0
153 2 1.1 0 1
153 2 1.1 0 0
153 2 1.1 1 1
153 2 1.1 0 0
153 2 1.1 0 0
153 2 1.1 1 1
153 2 1.1 0 0
153 2 1.1 0 0
153 2 1.1 1 1
153 2 1.1 0 0
153 2 1.1 1 1
153 2 1.1 0 0
153 2 1.1 1 1
153 2 1.1 1 1
153 2 1.1 1 1
153 2 1.1 1 1
153 2 1.1 1 1
153 2 1.1 1 1
153 2 1.1 1 1
153 2 1.1 1 1
153 2 1.1 0 0
153 2 1.1 1 1
153 2 1.1 1 1
153 2 1.1 0 1
153 2 1.1 1 1
153 2 1.1 0 0
153 2 1.1 1 1
153 2 1.1 0 0
153 2 1.1 1 1
153 2 1.1 1 0
153 2 1.1 0 0
153 2 1.1 1 0
153 2 1.1 1 1
153 2 1.1 1 1
153 2 1.1 0 0
153 2 1.1 0 0
153 2 1.1 1 1
153 2 1.1 0 0
153 2 1.1 1 1
153 2 1.1 0 0
153 2 1.1 1 1
153 2 1.1 0 0
153 2 1.1 1 1
153 2 1.1 1 1
153 2 1.1 1 0
153 2 1.1 1 1
153 2 1.1 1 1
153 2 1.1 1 1
153 2 1.1 1 1
153 2 1.1 0 0
154 2 1.23333 1 1
154 2 1.23333 1 1
154 2 1.23333 0 0
154 2 1.23333 1 1
154 2 1.23333 0 0
154 2 1.23333 0 1
154 2 1.23333 1 1
154 2 1.23333 0 0
154 2 1.23333 1 1
154 2 1.23333 0 0
154 2 1.23333 1 1
154 2 1.23333 0 0
154 2 1.23333 0 0
154 2 1.23333 0 0
154 2 1.23333 0 0
154 2 1.23333 1 1
154 2 1.23333 0 0
154 2 1.23333 0 1
154 2 1.23333 1 1
154 2 1.23333 1 1
154 2 1.23333 1 1
154 2 1.23333 1 1
154 2 1.23333 1 1
154 2 1.23333 0 0
154 2 1.23333 1 1
154 2 1.23333 0 0
154 2 1.23333 1 1
154 2 1.23333 1 1
154 2 1.23333 1 1
154 2 1.23333 0 0
154 2 1.23333 0 0
154 2 1.23333 0 1
154 2 1.23333 0 0
154 2 1.23333 0 0
154 2 1.23333 1 1
154 2 1.23333 0 1
154 2 1.23333 0 0
154 2 1.23333 1 1
154 2 1.23333 0 0
154 2 1.23333 0 0
154 2 1.23333 0 1
154 2 1.23333 0 0
154 2 1.23333 1 1
154 2 1.23333 0 0
154 2 1.23333 1 1
154 2 1.23333 1 1
154 2 1.23333 1 1
154 2 1.23333 1 1
154 2 1.23333 1 1
154 2 1.23333 0 0
154 2 1.23333 1 1
154 2 1.23333 1 1
154 2 1.23333 0 0
154 2 1.23333 1 1
154 2 1.23333 1 1
155 2 1.36667 0 0
155 2 1.36667 0 0
155 2 1.36667 1 1
155 2 1.36667 1 1
155 2 1.36667 1 1
155 2 1.36667 0 0
155 2 1.36667 1 1
155 2 1.36667 0 0
155 2 1.36667 0 0
155 2 1.36667 0 0
155 2 1.36667 1 1
155 2 1.36667 0 0
155 2 1.36667 1 1
155 2 1.36667 0 0
155 2 1.36667 1 1
155 2 1.36667 0 0
155 2 1.36667 1 1
155 2 1.36667 1 1
155 2 1.36667 0 0
155 2 1.36667 0 0
155 2 1.36667 1 1
155 2 1.36667 0 0
155 2 1.36667 0 0
155 2 1.36667 1 0
155 2 1.36667 1 1
155 2 1.36667 0 0
155 2 1.36667 1 1
155 2 1.36667 0 0
155 2 1.36667 1 1
155 2 1.36667 1 1
155 2 1.36667 0 0
155 2 1.36667 1 1
155 2 1.36667 1 1
155 2 1.36667 0 0
155 2 1.36667 1 1
155 2 1.36667 1 1
155 2 1.36667 1 1
155 2 1.36667 0 0
155 2 1.36667 1 1
155 2 1.36667 1 1
155 2 1.36667 1 1
155 2 1.36667 1 1
155 2 1.36667 1 1
155 2 1.36667 0 0
155 2 1.36667 0 0
155 2 1.36667 0 0
155 2 1.36667 1 1
155 2 1.36667 1 1
155 2 1.36667 0 0
155 2 1.36667 1 1
155 2 1.36667 0 0
155 2 1.36667 1 1
155 2 1.36667 1 1
155 2 1.36667 0 0
155 2 1.36667 0 0
156 2 1.5 0 0
156 2 1.5 0 0
156 2 1.5 0 0
156 2 1.5 1 1
156 2 1.5 0 0
156 2 1.5 0 0
156 2 1.5 0 0
156 2 1.5 0 0
156 2 1.5 1 1
156 2 1.5 0 0
156 2 1.5 1 1
156 2 1.5 1 1
156 2 1.5 0 0
156 2 1.5 0 1
156 2 1.5 0 1
156 2 1.5 1 1
156 2 1.5 0 0
156 2 1.5 0 0
156 2 1.5 0 0
156 2 1.5 0 1
156 2 1.5 0 0
156 2 1.5 1 1
156 2 1.5 1 1
156 2 1.5 0 1
156 2 1.5 1 1
156 2 1.5 1 1
156 2 1.5 1 1
156 2 1.5 1 1
156 2 1.5 1 1
156 2 1.5 1 1
156 2 1.5 1 1
156 2 1.5 0 0
156 2 1.5 0 0
156 2 1.5 1 1
156 2 1.5 0 0
156 2 1.5 1 1
156 2 1.5 0 0
156 2 1.5 0 0
156 2 1.5 0 0
156 2 1.5 0 0
156 2 1.5 1 1
156 2 1.5 0 0
156 2 1.5 1 1
156 2 1.5 1 1
156 2 1.5 0 0
156 2 1.5 1 1
156 2 1.5 1 1
156 2 1.5 1 1
156 2 1.5 1 1
156 2 1.5 0 0
156 2 1.5 1 1
156 2 1.5 0 0
156 2 1.5 1 1
156 2 1.5 1 1
156 2 1.5 1 1
173 2 0.5 1 0
173 2 0.5 0 0
173 2 0.5 0 1
173 2 0.5 1 1
173 2 0.5 1 1
173 2 0.5 1 1
173 2 0.5 1 0
173 2 0.5 1 0
173 2 0.5 1 1
173 2 0.5 1 1
173 2 0.5 0 1
173 2 0.5 0 1
173 2 0.5 1 1
173 2 0.5 0 0
173 2 0.5 0 0
173 2 0.5 0 0
173 2 0.5 1 0
173 2 0.5 0 1
173 2 0.5 1 0
173 2 0.5 1 1
173 2 0.5 0 0
173 2 0.5 1 0
173 2 0.5 0 0
173 2 0.5 1 0
173 2 0.5 0 1
173 2 0.5 0 1
173 2 0.5 1 0
173 2 0.5 0 0
173 2 0.5 0 1
173 2 0.5 0 0
173 2 0.5 0 0
173 2 0.5 1 1
173 2 0.5 1 0
173 2 0.5 0 0
173 2 0.5 0 1
173 2 0.5 0 0
173 2 0.5 1 1
173 2 0.5 1 1
173 2 0.5 0 1
173 2 0.5 0 0
173 2 0.5 1 1
173 2 0.5 1 1
173 2 0.5 1 0
173 2 0.5 1 1
173 2 0.5 1 0
173 2 0.5 0 0
173 2 0.5 0 0
173 2 0.5 1 1
173 2 0.5 0 1
173 2 0.5 1 1
173 2 0.5 0 0
173 2 0.5 0 0
173 2 0.5 1 1
173 2 0.5 1 1
173 2 0.5 0 0
174 2 0.633333 1 0
174 2 0.633333 1 0
174 2 0.633333 0 1
174 2 0.633333 0 0
174 2 0.633333 1 1
174 2 0.633333 1 0
174 2 0.633333 0 1
174 2 0.633333 1 0
174 2 0.633333 0 1
174 2 0.633333 0 1
174 2 0.633333 1 0
174 2 0.633333 0 0
174 2 0.633333 0 1
174 2 0.633333 1 0
174 2 0.633333 0 1
174 2 0.633333 1 0
174 2 0.633333 1 0
174 2 0.633333 0 1
174 2 0.633333 1 1
174 2 0.633333 0 0
174 2 0.633333 0 0
174 2 0.633333 0 1
174 2 0.633333 0 0
174 2 0.633333 1 1
174 2 0.633333 0 0
174 2 0.633333 1 1
174 2 0.633333 1 0
174 2 0.633333 1 1
174 2 0.633333 0 0
174 2 0.633333 0 1
174 2 0.633333 1 0
174 2 0.633333 1 1
174 2 0.633333 0 1
174 2 0.633333 1 0
174 2 0.633333 1 1
174 2 0.633333 0 0
174 2 0.633333 1 1
174 2 0.633333 0 0
174 2 0.633333 0 0
174 2 0.633333 1 0
174 2 0.633333 0 0
174 2 0.633333 1 1
174 2 0.633333 1 0
174 2 0.633333 1 1
174 2 0.633333 1 1
174 2 0.633333 1 1
174 2 0.633333 1 1
174 2 0.633333 1 1
174 2 0.633333 1 0
174 2 0.633333 0 1
174 2 0.633333 1 0
174 2 0.633333 0 1
174 2 0.633333 0 0
174 2 0.633333 0 0
174 2 0.633333 0 0
175 2 0.766667 0 1
175 2 0.766667 1 0
175 2 0.766667 0 0
175 2 0.766667 1 0
175 2 0.766667 1 0
175 2 0.766667 1 1
175 2 0.766667 1 0
175 2 0.766667 1 1
175 2 0.766667 1 1
175 2 0.766667 0 1
175 2 0.766667 1 1
175 2 0.766667 1 0
175 2 0.766667 0 0
175 2 0.766667 1 1
175 2 0.766667 0 0
175 2 0.766667 0 0
175 2 0.766667 0 1
175 2 0.766667 0 0
175 2 0.766667 0 0
175 2 0.766667 1 1
175 2 0.766667 1 1
175 2 0.766667 0 0
175 2 0.766667 0 0
175 2 0.766667 1 1
175 2 0.766667 1 1
175 2 0.766667 0 0
175 2 0.766667 1 0
175 2 0.766667 0 0
175 2 0.766667 0 1
175 2 0.766667 1 1
175 2 0.766667 0 0
175 2 0.766667 0 0
175 2 0.766667 0 0
175 2 0.766667 1 1
175 2 0.766667 0 1
175 2 0.766667 1 0
175 2 0.766667 0 0
175 2 0.766667 1 1
175 2 0.766667 0 0
175 2 0.766667 1 1
175 2 0.766667 0 0
175 2 0.766667 0 0
175 2 0.766667 0 0
175 2 0.766667 0 1
175 2 0.766667 0 1
175 2 0.766667 1 1
175 2 0.766667 0 1
175 2 0.766667 1 1
175 2 0.766667 1 1
175 2 0.766667 0 1
175 2 0.766667 0 0
175 2 0.766667 0 0
175 2 0.766667 0 0
175 2 0.766667 1 1
175 2 0.766667 1 1
176 2 0.9 1 0
176 2 0.9 1 1
176 2 0.9 0 0
176 2 0.9 0 1
176 2 0.9 0 1
176 2 0.9 0 0
176 2 0.9 0 0
176 2 0.9 0 1
176 2 0.9 1 0
176 2 0.9 0 0
176 2 0.9 0 1
176 2 0.9 1 0
176 2 0.9 1 1
176 2 0.9 1 1
176 2 0.9 1 1
176 2 0.9 1 0
176 2 0.9 0 0
176 2 0.9 0 0
176 2 0.9 0 0
176 2 0.9 1 1
176 2 0.9 1 1
176 2 0.9 1 1
176 2 0.9 1 1
176 2 0.9 0 0
176 2 0.9 1 0
176 2 0.9 0 1
176 2 0.9 1 0
176 2 0.9 0 0
176 2 0.9 0 0
176 2 0.9 1 0
176 2 0.9 1 0
176 2 0.9 0 1
176 2 0.9 0 0
176 2 0.9 1 1
176 2 0.9 1 1
176 2 0.9 1 1
176 2 0.9 1 1
176 2 0.9 1 1
176 2 0.9 0 0
176 2 0.9 0 0
176 2 0.9 1 1
176 2 0.9 0 1
176 2 0.9 0 0
176 2 0.9 0 1
176 2 0.9 0 0
176 2 0.9 1 1
176 2 0.9 1 1
176 2 0.9 0 0
176 2 0.9 0 0
176 2 0.9 0 0
176 2 0.9 1 1
176 2 0.9 1 1
176 2 0.9 1 1
176 2 0.9 0 0
176 2 0.9 1 1
177 2 1.03333 0 0
177 2 1.03333 1 1
177 2 1.03333 1 1
177 2 1.03333 1 1
177 2 1.03333 0 1
177 2 1.03333 1 0
177 2 1.03333 1 1
177 2 1.03333 1 1
177 2 1.03333 0 1
177 2 1.03333 1 0
177 2 1.03333 1 1
177 2 1.03333 0 1
177 2 1.03333 0 0
177 2 1.03333 0 0
177 2 1.03333 0 0
177 2 1.03333 0 1
177 2 1.03333 0 0
177 2 1.03333 1 1
177 2 1.03333 1 1
177 2 1.03333 0 1
177 2 1.03333 1 1
177 2 1.03333 1 1
177 2 1.03333 0 0
177 2 1.03333 1 1
177 2 1.03333 1 1
177 2 1.03333 1 1
177 2 1.03333 1 1
177 2 1.03333 0 0
177 2 1.03333 0 1
177 2 1.03333 1 1
177 2 1.03333 1 1
177 2 1.03333 0 0
177 2 1.03333 1 1
177 2 1.03333 0 0
177 2 1.03333 1 1
177 2 1.03333 1 1
177 2 1.03333 0 1
177 2 1.03333 1 1
177 2 1.03333 0 0
177 2 1.03333 1 1
177 2 1.03333 0 1
177 2 1.03333 1 1
177 2 1.03333 1 1
177 2 1.03333 0 1
177 2 1.03333 1 1
177 2 1.03333 0 0
177 2 1.03333 1 1
177 2 1.03333 0 1
177 2 1.03333 0 0
177 2 1.03333 0 0
177 2 1.03333 0 0
177 2 1.03333 0 0
177 2 1.03333 1 1
177 2 1.03333 1 1
177 2 1.03333 1 1
178 2 1.16667 0 0
178 2 1.16667 0 0
178 2 1.16667 1 1
178 2 1.16667 0 0
178 2 1.16667 0 0
178 2 1.16667 1 0
178 2 1.16667 0 0
178 2 1.16667 1 1
178 2 1.16667 1 1
178 2 1.16667 0 0
178 2 1.16667 0 0
178 2 1.16667 0 1
178 2 1.16667 0 0
178 2 1.16667 1 1
178 2 1.16667 1 1
178 2 1.16667 1 1
178 2 1.16667 1 1
178 2 1.16667 1 1
178 2 1.16667 1 1
178 2 1.16667 1 1
178 2 1.16667 1 1
178 2 1.16667 0 0
178 2 1.16667 1 1
178 2 1.16667 1 1
178 2 1.16667 0 0
178 2 1.16667 1 1
178 2 1.16667 0 0
178 2 1.16667 0 0
178 2 1.16667 1 1
178 2 1.16667 1 1
178 2 1.16667 0 0
178 2 1.16667 0 0
178 2 1.16667 1 1
178 2 1.16667 1 1
178 2 1.16667 0 0
178 2 1.16667 0 0
178 2 1.16667 0 0
178 2 1.16667 0 0
178 2 1.16667 1 0
178 2 1.16667 1 1
178 2 1.16667 0 0
178 2 1.16667 1 1
178 2 1.16667 0 0
178 2 1.16667 0 0
178 2 1.16667 0 0
178 2 1.16667 0 0
178 2 1.16667 1 1
178 2 1.16667 0 0
178 2 1.16667 0 0
178 2 1.16667 0 0
178 2 1.16667 1 1
178 2 1.16667 1 1
178 2 1.16667 1 1
178 2 1.16667 1 1
178 2 1.16667 1 1
179 2 1.3 0 0
179 2 1.3 1 1
179 2 1.3 1 1
179 2 1.3 0 0
179 2 1.3 0 0
179 2 1.3 0 0
179 2 1.3 1 1
179 2 1.3 1 1
179 2 1.3 0 0
179 2 1.3 0 0
179 2 1.3 1 1
179 2 1.3 1 1
179 2 1.3 1 1
179 2 1.3 1 1
179 2 1.3 1 1
179 2 1.3 0 1
179 2 1.3 0 0
179 2 1.3 1 1
179 2 1.3 0 0
179 2 1.3 1 1
179 2 1.3 0 0
179 2 1.3 1 1
179 2 1.3 1 1
179 2 1.3 0 0
179 2 1.3 1 1
179 2 1.3 0 0
179 2 1.3 0 0
179 2 1.3 1 0
179 2 1.3 0 0
179 2 1.3 1 1
179 2 1.3 1 1
179 2 1.3 0 0
179 2 1.3 0 1
179 2 1.3 0 0
179 2 1.3 0 0
179 2 1.3 0 0
179 2 1.3 1 1
179 2 1.3 1 1
179 2 1.3 0 0
179 2 1.3 0 0
179 2 1.3 1 1
179 2 1.3 1 1
179 2 1.3 1 1
179 2 1.3 0 0
179 2 1.3 1 1
179 2 1.3 1 1
179 2 1.3 1 0
179 2 1.3 0 0
179 2 1.3 0 0
179 2 1.3 0 0
179 2 1.3 1 0
179 2 1.3 1 1
179 2 1.3 0 0
179 2 1.3 0 0
179 2 1.3 0 1
180 2 1.43333 0 0
180 2 1.43333 0 0
180 2 1.43333 0 0
180 2 1.43333 1 1
180 2 1.43333 0 0
180 2 1.43333 0 0
180 2 1.43333 0 0
180 2 1.43333 0 0
180 2 1.43333 0 0
180 2 1.43333 1 1
180 2 1.43333 0 1
180 2 1.43333 0 0
180 2 1.43333 1 1
180 2 1.43333 0 0
180 2 1.43333 1 1
180 2 1.43333 1 1
180 2 1.43333 0 0
180 2 1.43333 0 1
180 2 1.43333 1 1
180 2 1.43333 1 1
180 2 1.43333 0 0
180 2 1.43333 0 0
180 2 1.43333 1 1
180 2 1.43333 1 1
180 2 1.43333 0 0
180 2 1.43333 1 1
180 2 1.43333 1 1
180 2 1.43333 1 0
180 2 1.43333 1 1
180 2 1.43333 1 1
180 2 1.43333 0 0
180 2 1.43333 1 1
180 2 1.43333 1 1
180 2 1.43333 0 0
180 2 1.43333 1 1
180 2 1.43333 1 1
180 2 1.43333 0 0
180 2 1.43333 1 1
180 2 1.43333 1 1
180 2 1.43333 1 1
180 2 1.43333 0 0
180 2 1.43333 1 1
180 2 1.43333 1 1
180 2 1.43333 0 0
180 2 1.43333 0 0
180 2 1.43333 1 1
180 2 1.43333 0 0
180 2 1.43333 0 0
180 2 1.43333 1 1
180 2 1.43333 1 1
180 2 1.43333 1 1
180 2 1.43333 0 0
180 2 1.43333 0 0
180 2 1.43333 0 0
180 2 1.43333 0 0
229 3 0.633333 1 1
229 3 0.633333 1 0
229 3 0.633333 0 1
229 3 0.633333 1 1
229 3 0.633333 0 0
229 3 0.633333 1 1
229 3 0.633333 1 1
229 3 0.633333 0 0
229 3 0.633333 1 1
229 3 0.633333 1 1
229 3 0.633333 0 0
229 3 0.633333 1 0
229 3 0.633333 0 1
229 3 0.633333 0 1
229 3 0.633333 1 0
229 3 0.633333 1 1
229 3 0.633333 0 1
229 3 0.633333 1 0
229 3 0.633333 0 0
229 3 0.633333 0 0
229 3 0.633333 0 1
229 3 0.633333 0 0
229 3 0.633333 0 1
229 3 0.633333 1 0
229 3 0.633333 1 0
229 3 0.633333 0 1
229 3 0.633333 1 0
229 3 0.633333 1 0
229 3 0.633333 0 1
229 3 0.633333 1 0
229 3 0.633333 1 1
229 3 0.633333 0 1
229 3 0.633333 1 1
229 3 0.633333 0 0
229 3 0.633333 1 0
229 3 0.633333 1 1
229 3 0.633333 1 1
229 3 0.633333 0 0
229 3 0.633333 1 1
229 3 0.633333 1 0
229 3 0.633333 1 0
229 3 0.633333 0 1
229 3 0.633333 1 1
229 3 0.633333 0 1
229 3 0.633333 1 1
229 3 0.633333 0 0
229 3 0.633333 1 1
229 3 0.633333 0 0
229 3 0.633333 1 1
229 3 0.633333 1 1
229 3 0.633333 0 0
229 3 0.633333 1 1
229 3 0.633333 1 1
229 3 0.633333 1 0
229 3 0.633333 1 1
230 3 0.9 1 0
230 3 0.9 1 1
230 3 0.9 1 1
230 3 0.9 1 1
230 3 0.9 0 0
230 3 0.9 0 0
230 3 0.9 0 0
230 3 0.9 0 1
230 3 0.9 0 0
230 3 0.9 1 0
230 3 0.9 0 1
230 3 0.9 1 1
230 3 0.9 0 0
230 3 0.9 1 1
230 3 0.9 0 1
230 3 0.9 0 0
230 3 0.9 0 1
230 3 0.9 1 1
230 3 0.9 0 1
230 3 0.9 0 0
230 3 0.9 0 1
230 3 0.9 0 1
230 3 0.9 0 0
230 3 0.9 1 1
230 3 0.9 0 0
230 3 0.9 0 1
230 3 0.9 1 0
230 3 0.9 0 1
230 3 0.9 1 0
230 3 0.9 1 1
230 3 0.9 0 1
230 3 0.9 1 0
230 3 0.9 0 1
230 3 0.9 0 0
230 3 0.9 0 1
230 3 0.9 0 1
230 3 0.9 1 0
230 3 0.9 0 0
230 3 0.9 0 1
230 3 0.9 0 0
230 3 0.9 0 1
230 3 0.9 1 1
230 3 0.9 1 1
230 3 0.9 1 0
230 3 0.9 0 0
230 3 0.9 1 1
230 3 0.9 0 0
230 3 0.9 1 0
230 3 0.9 0 0
230 3 0.9 1 1
230 3 0.9 1 1
230 3 0.9 1 0
230 3 0.9 0 0
230 3 0.9 1 0
230 3 0.9 1 1
231 3 1.16667 0 1
231 3 1.16667 0 0
231 3 1.16667 0 1
231 3 1.16667 0 1
231 3 1.16667 1 1
231 3 1.16667 1 1
231 3 1.16667 0 1
231 3 1.16667 1 0
231 3 1.16667 0 1
231 3 1.16667 0 1
231 3 1.16667 0 1
231 3 1.16667 0 0
231 3 1.16667 0 0
231 3 1.16667 0 1
231 3 1.16667 0 0
231 3 1.16667 0 1
231 3 1.16667 0 1
231 3 1.16667 1 1
231 3 1.16667 0 0
231 3 1.16667 0 0
231 3 1.16667 0 1
231 3 1.16667 1 0
231 3 1.16667 0 1
231 3 1.16667 1 1
231 3 1.16667 1 1
231 3 1.16667 0 1
231 3 1.16667 1 1
231 3 1.16667 1 1
231 3 1.16667 1 0
231 3 1.16667 1 1
231 3 1.16667 1 1
231 3 1.16667 0 0
231 3 1.16667 1 1
231 3 1.16667 1 1
231 3 1.16667 1 1
231 3 1.16667 0 0
231 3 1.16667 0 1
231 3 1.16667 1 0
231 3 1.16667 1 1
231 3 1.16667 1 0
231 3 1.16667 0 1
231 3 1.16667 0 1
231 3 1.16667 1 1
231 3 1.16667 1 1
231 3 1.16667 1 1
231 3 1.16667 0 0
231 3 1.16667 0 1
231 3 1.16667 0 0
231 3 1.16667 0 0
231 3 1.16667 0 1
231 3 1.16667 0 0
231 3 1.16667 0 0
231 3 1.16667 1 0
231 3 1.16667 1 1
231 3 1.16667 0 1
232 3 1.43333 1 0
232 3 1.43333 1 1
232 3 1.43333 0 1
232 3 1.43333 1 0
232 3 1.43333 0 0
232 3 1.43333 0 0
232 3 1.43333 0 1
232 3 1.43333 0 1
232 3 1.43333 0 0
232 3 1.43333 1 0
232 3 1.43333 0 1
232 3 1.43333 1 1
232 3 1.43333 1 0
232 3 1.43333 0 1
232 3 1.43333 0 1
232 3 1.43333 0 0
232 3 1.43333 1 1
232 3 1.43333 0 1
232 3 1.43333 1 1
232 3 1.43333 0 1
232 3 1.43333 1 0
232 3 1.43333 0 1
232 3 1.43333 1 1
232 3 1.43333 0 1
232 3 1.43333 1 0
232 3 1.43333 1 0
232 3 1.43333 1 1
232 3 1.43333 1 1
232 3 1.43333 0 0
232 3 1.43333 0 1
232 3 1.43333 0 1
232 3 1.43333 1 1
232 3 1.43333 1 1
232 3 1.43333 0 0
232 3 1.43333 1 1
232 3 1.43333 1 1
232 3 1.43333 1 1
232 3 1.43333 1 1
232 3 1.43333 1 1
232 3 1.43333 1 0
232 3 1.43333 1 1
232 3 1.43333 0 0
232 3 1.43333 0 0
232 3 1.43333 0 1
232 3 1.43333 1 1
232 3 1.43333 0 0
232 3 1.43333 1 1
232 3 1.43333 1 1
232 3 1.43333 1 1
232 3 1.43333 0 0
232 3 1.43333 1 1
232 3 1.43333 0 1
232 3 1.43333 0 1
232 3 1.43333 1 1
232 3 1.43333 0 0
233 3 1.7 0 0
233 3 1.7 1 1
233 3 1.7 0 1
233 3 1.7 0 0
233 3 1.7 1 1
233 3 1.7 1 1
233 3 1.7 0 0
233 3 1.7 1 1
233 3 1.7 0 1
233 3 1.7 1 0
233 3 1.7 0 1
233 3 1.7 1 1
233 3 1.7 1 1
233 3 1.7 1 1
233 3 1.7 0 1
233 3 1.7 0 0
233 3 1.7 1 0
233 3 1.7 0 0
233 3 1.7 1 1
233 3 1.7 0 0
233 3 1.7 0 0
233 3 1.7 0 0
233 3 1.7 1 0
233 3 1.7 0 0
233 3 1.7 1 1
233 3 1.7 0 0
233 3 1.7 0 0
233 3 1.7 1 1
233 3 1.7 1 0
233 3 1.7 1 1
233 3 1.7 0 0
233 3 1.7 0 0
233 3 1.7 0 0
233 3 1.7 0 0
233 3 1.7 0 0
233 3 1.7 0 0
233 3 1.7 1 1
233 3 1.7 0 0
233 3 1.7 1 1
233 3 1.7 1 1
233 3 1.7 1 0
233 3 1.7 0 0
233 3 1.7 0 0
233 3 1.7 0 0
233 3 1.7 1 1
233 3 1.7 1 1
233 3 1.7 1 1
233 3 1.7 1 1
233 3 1.7 0 0
233 3 1.7 1 1
233 3 1.7 0 0
233 3 1.7 1 1
233 3 1.7 0 0
233 3 1.7 0 0
233 3 1.7 0 0
234 3 1.96667 1 1
234 3 1.96667 0 0
234 3 1.96667 0 0
234 3 1.96667 0 0
234 3 1.96667 1 1
234 3 1.96667 0 0
234 3 1.96667 1 1
234 3 1.96667 1 1
234 3 1.96667 1 1
234 3 1.96667 0 0
234 3 1.96667 0 0
234 3 1.96667 0 0
234 3 1.96667 0 0
234 3 1.96667 1 1
234 3 1.96667 1 1
234 3 1.96667 1 1
234 3 1.96667 1 1
234 3 1.96667 0 0
234 3 1.96667 1 1
234 3 1.96667 0 0
234 3 1.96667 0 0
234 3 1.96667 0 0
234 3 1.96667 1 1
234 3 1.96667 0 0
234 3 1.96667 0 0
234 3 1.96667 0 0
234 3 1.96667 0 0
234 3 1.96667 1 1
234 3 1.96667 1 1
234 3 1.96667 0 0
234 3 1.96667 0 0
234 3 1.96667 0 0
234 3 1.96667 1 1
234 3 1.96667 1 1
234 3 1.96667 1 1
234 3 1.96667 0 0
234 3 1.96667 0 0
234 3 1.96667 1 1
234 3 1.96667 0 0
234 3 1.96667 1 1
234 3 1.96667 1 1
234 3 1.96667 0 0
234 3 1.96667 0 0
234 3 1.96667 1 1
234 3 1.96667 1 1
234 3 1.96667 1 1
234 3 1.96667 0 0
234 3 1.96667 0 1
234 3 1.96667 1 1
234 3 1.96667 1 1
234 3 1.96667 1 1
234 3 1.96667 0 0
234 3 1.96667 1 1
234 3 1.96667 1 1
234 3 1.96667 0 0
235 3 2.23333 1 0
235 3 2.23333 1 1
235 3 2.23333 0 0
235 3 2.23333 1 1
235 3 2.23333 0 0
235 3 2.23333 1 1
235 3 2.23333 1 1
235 3 2.23333 0 0
235 3 2.23333 1 1
235 3 2.23333 0 0
235 3 2.23333 1 1
235 3 2.23333 1 1
235 3 2.23333 1 1
235 3 2.23333 1 1
235 3 2.23333 1 1
235 3 2.23333 1 1
235 3 2.23333 1 1
235 3 2.23333 0 1
235 3 2.23333 0 0
235 3 2.23333 0 0
235 3 2.23333 1 1
235 3 2.23333 0 0
235 3 2.23333 1 1
235 3 2.23333 1 1
235 3 2.23333 1 1
235 3 2.23333 1 1
235 3 2.23333 1 0
235 3 2.23333 1 1
235 3 2.23333 1 1
235 3 2.23333 1 1
235 3 2.23333 1 1
235 3 2.23333 1 1
235 3 2.23333 1 1
235 3 2.23333 1 1
235 3 2.23333 1 1
235 3 2.23333 0 0
235 3 2.23333 0 0
235 3 2.23333 0 0
235 3 2.23333 0 0
235 3 2.23333 0 0
235 3 2.23333 1 1
235 3 2.23333 1 1
235 3 2.23333 0 0
235 3 2.23333 1 1
235 3 2.23333 0 0
235 3 2.23333 1 0
235 3 2.23333 1 1
235 3 2.23333 1 1
235 3 2.23333 1 1
235 3 2.23333 0 0
235 3 2.23333 1 0
235 3 2.23333 0 1
235 3 2.23333 1 1
235 3 2.23333 1 0
235 3 2.23333 1 1
236 3 2.5 1 1
236 3 2.5 0 0
236 3 2.5 1 1
236 3 2.5 1 1
236 3 2.5 0 0
236 3 2.5 0 0
236 3 2.5 1 0
236 3 2.5 1 1
236 3 2.5 1 1
236 3 2.5 1 1
236 3 2.5 1 1
236 3 2.5 1 1
236 3 2.5 0 0
236 3 2.5 1 1
236 3 2.5 0 0
236 3 2.5 0 0
236 3 2.5 0 0
236 3 2.5 1 1
236 3 2.5 1 1
236 3 2.5 0 0
236 3 2.5 1 1
236 3 2.5 1 1
236 3 2.5 0 0
236 3 2.5 1 1
236 3 2.5 0 0
236 3 2.5 1 1
236 3 2.5 0 0
236 3 2.5 1 1
236 3 2.5 1 1
236 3 2.5 0 0
236 3 2.5 0 0
236 3 2.5 1 1
236 3 2.5 1 1
236 3 2.5 1 1
236 3 2.5 1 1
236 3 2.5 1 1
236 3 2.5 0 0
236 3 2.5 0 0
236 3 2.5 0 0
236 3 2.5 0 0
236 3 2.5 1 1
236 3 2.5 1 1
236 3 2.5 0 0
236 3 2.5 1 1
236 3 2.5 0 0
236 3 2.5 0 0
236 3 2.5 1 1
236 3 2.5 1 1
236 3 2.5 1 1
236 3 2.5 0 0
236 3 2.5 1 1
236 3 2.5 1 1
236 3 2.5 0 0
236 3 2.5 1 1
236 3 2.5 0 0
253 3 1 1 0
253 3 1 1 1
253 3 1 1 0
253 3 1 0 0
253 3 1 1 0
253 3 1 1 1
253 3 1 0 0
253 3 1 0 0
253 3 1 1 0
253 3 1 1 1
253 3 1 1 1
253 3 1 1 1
253 3 1 1 0
253 3 1 1 1
253 3 1 1 0
253 3 1 0 0
253 3 1 0 0
253 3 1 0 0
253 3 1 0 0
253 3 1 1 1
253 3 1 1 1
253 3 1 1 0
253 3 1 0 0
253 3 1 0 0
253 3 1 1 1
253 3 1 1 0
253 3 1 0 0
253 3 1 1 1
253 3 1 1 1
253 3 1 0 1
253 3 1 1 1
253 3 1 1 1
253 3 1 0 1
253 3 1 1 1
253 3 1 1 0
253 3 1 1 0
253 3 1 0 0
253 3 1 1 1
253 3 1 1 0
253 3 1 1 1
253 3 1 1 1
253 3 1 0 0
253 3 1 0 0
253 3 1 0 0
253 3 1 0 0
253 3 1 1 1
253 3 1 0 0
253 3 1 1 1
253 3 1 1 0
253 3 1 0 0
253 3 1 1 1
253 3 1 1 1
253 3 1 0 1
253 3 1 1 0
253 3 1 0 0
254 3 1.26667 1 1
254 3 1.26667 1 1
254 3 1.26667 1 1
254 3 1.26667 1 1
254 3 1.26667 0 0
254 3 1.26667 1 1
254 3 1.26667 1 1
254 3 1.26667 1 1
254 3 1.26667 0 0
254 3 1.26667 1 1
254 3 1.26667 1 1
254 3 1.26667 1 1
254 3 1.26667 0 1
254 3 1.26667 0 1
254 3 1.26667 0 1
254 3 1.26667 0 0
254 3 1.26667 1 1
254 3 1.26667 0 0
254 3 1.26667 1 1
254 3 1.26667 1 1
254 3 1.26667 1 1
254 3 1.26667 1 1
254 3 1.26667 0 0
254 3 1.26667 1 0
254 3 1.26667 0 0
254 3 1.26667 0 0
254 3 1.26667 0 0
254 3 1.26667 0 0
254 3 1.26667 1 0
254 3 1.26667 1 1
254 3 1.26667 1 1
254 3 1.26667 1 1
254 3 1.26667 1 0
254 3 1.26667 0 0
254 3 1.26667 1 0
254 3 1.26667 0 0
254 3 1.26667 0 0
254 3 1.26667 0 0
254 3 1.26667 0 0
254 3 1.26667 0 0
254 3 1.26667 0 1
254 3 1.26667 0 1
254 3 1.26667 0 1
254 3 1.26667 0 0
254 3 1.26667 0 0
254 3 1.26667 0 0
254 3 1.26667 0 0
254 3 1.26667 0 0
254 3 1.26667 1 0
254 3 1.26667 0 0
254 3 1.26667 0 0
254 3 1.26667 1 0
254 3 1.26667 1 1
254 3 1.26667 1 1
254 3 1.26667 0 0
255 3 1.53333 1 1
255 3 1.53333 0 0
255 3 1.53333 0 0
255 3 1.53333 1 0
255 3 1.53333 0 0
255 3 1.53333 0 1
255 3 1.53333 1 0
255 3 1.53333 1 1
255 3 1.53333 0 0
255 3 1.53333 1 0
255 3 1.53333 0 0
255 3 1.53333 1 1
255 3 1.53333 1 1
255 3 1.53333 0 0
255 3 1.53333 0 0
255 3 1.53333 0 0
255 3 1.53333 1 1
255 3 1.53333 0 0
255 3 1.53333 1 1
255 3 1.53333 0 1
255 3 1.53333 1 1
255 3 1.53333 1 0
255 3 1.53333 0 0
255 3 1.53333 0 1
255 3 1.53333 1 1
255 3 1.53333 1 1
255 3 1.53333 1 1
255 3 1.53333 0 1
255 3 1.53333 0 0
255 3 1.53333 0 0
255 3 1.53333 1 1
255 3 1.53333 0 0
255 3 1.53333 0 0
255 3 1.53333 0 0
255 3 1.53333 0 0
255 3 1.53333 0 0
255 3 1.53333 0 0
255 3 1.53333 0 1
255 3 1.53333 0 0
255 3 1.53333 1 1
255 3 1.53333 1 1
255 3 1.53333 1 1
255 3 1.53333 0 0
255 3 1.53333 0 0
255 3 1.53333 0 0
255 3 1.53333 0 0
255 3 1.53333 0 0
255 3 1.53333 1 1
255 3 1.53333 0 0
255 3 1.53333 0 0
255 3 1.53333 0 0
255 3 1.53333 0 0
255 3 1.53333 1 1
255 3 1.53333 1 1
255 3 1.53333 1 1
256 3 1.8 1 1
256 3 1.8 1 0
256 3 1.8 1 1
256 3 1.8 1 0
256 3 1.8 0 0
256 3 1.8 1 1
256 3 1.8 0 0
256 3 1.8 0 0
256 3 1.8 1 1
256 3 1.8 1 1
256 3 1.8 0 0
256 3 1.8 1 1
256 3 1.8 1 0
256 3 1.8 0 0
256 3 1.8 0 0
256 3 1.8 1 1
256 3 1.8 1 1
256 3 1.8 1 1
256 3 1.8 0 0
256 3 1.8 0 0
256 3 1.8 0 0
256 3 1.8 1 1
256 3 1.8 1 1
256 3 1.8 1 1
256 3 1.8 1 1
256 3 1.8 0 0
256 3 1.8 1 1
256 3 1.8 1 1
256 3 1.8 1 1
256 3 1.8 0 0
256 3 1.8 0 0
256 3 1.8 0 0
256 3 1.8 0 0
256 3 1.8 1 1
256 3 1.8 1 1
256 3 1.8 1 1
256 3 1.8 1 1
256 3 1.8 1 1
256 3 1.8 1 1
256 3 1.8 1 1
256 3 1.8 1 1
256 3 1.8 0 0
256 3 1.8 1 1
256 3 1.8 1 1
256 3 1.8 1 1
256 3 1.8 1 1
256 3 1.8 1 1
256 3 1.8 1 1
256 3 1.8 1 1
256 3 1.8 0 0
256 3 1.8 0 0
256 3 1.8 1 1
256 3 1.8 0 0
256 3 1.8 0 0
256 3 1.8 0 0
257 3 2.06667 0 0
257 3 2.06667 1 0
257 3 2.06667 0 1
257 3 2.06667 0 0
257 3 2.06667 0 0
257 3 2.06667 1 1
257 3 2.06667 0 1
257 3 2.06667 0 0
257 3 2.06667 1 1
257 3 2.06667 0 0
257 3 2.06667 1 1
257 3 2.06667 1 1
257 3 2.06667 1 1
257 3 2.06667 1 0
257 3 2.06667 0 0
257 3 2.06667 1 1
257 3 2.06667 1 1
257 3 2.06667 0 0
257 3 2.06667 0 0
257 3 2.06667 0 0
257 3 2.06667 1 1
257 3 2.06667 1 1
257 3 2.06667 1 1
257 3 2.06667 1 1
257 3 2.06667 1 1
257 3 2.06667 1 1
257 3 2.06667 0 0
257 3 2.06667 0 0
257 3 2.06667 0 0
257 3 2.06667 1 1
257 3 2.06667 1 1
257 3 2.06667 1 1
257 3 2.06667 1 1
257 3 2.06667 0 0
257 3 2.06667 1 1
257 3 2.06667 0 0
257 3 2.06667 1 1
257 3 2.06667 0 0
257 3 2.06667 0 0
257 3 2.06667 0 0
257 3 2.06667 0 0
257 3 2.06667 0 1
257 3 2.06667 0 0
257 3 2.06667 1 1
257 3 2.06667 1 1
257 3 2.06667 0 0
257 3 2.06667 1 1
257 3 2.06667 0 0
257 3 2.06667 0 0
257 3 2.06667 0 0
257 3 2.06667 1 1
257 3 2.06667 1 1
257 3 2.06667 0 0
257 3 2.06667 0 0
257 3 2.06667 1 1
258 3 2.33333 1 1
258 3 2.33333 0 0
258 3 2.33333 0 0
258 3 2.33333 1 1
258 3 2.33333 0 0
258 3 2.33333 1 1
258 3 2.33333 0 0
258 3 2.33333 1 1
258 3 2.33333 0 0
258 3 2.33333 0 0
258 3 2.33333 0 0
258 3 2.33333 1 1
258 3 2.33333 1 1
258 3 2.33333 0 1
258 3 2.33333 0 0
258 3 2.33333 1 1
258 3 2.33333 0 0
258 3 2.33333 0 0
258 3 2.33333 0 0
258 3 2.33333 1 1
258 3 2.33333 0 0
258 3 2.33333 0 0
258 3 2.33333 1 1
258 3 2.33333 0 0
258 3 2.33333 0 0
258 3 2.33333 0 0
258 3 2.33333 0 0
258 3 2.33333 1 1
258 3 2.33333 1 1
258 3 2.33333 0 0
258 3 2.33333 1 1
258 3 2.33333 0 0
258 3 2.33333 1 1
258 3 2.33333 0 0
258 3 2.33333 0 0
258 3 2.33333 1 1
258 3 2.33333 1 1
258 3 2.33333 1 1
258 3 2.33333 1 1
258 3 2.33333 1 1
258 3 2.33333 1 0
258 3 2.33333 1 1
258 3 2.33333 1 1
258 3 2.33333 1 1
258 3 2.33333 0 0
258 3 2.33333 1 1
258 3 2.33333 1 1
258 3 2.33333 1 1
258 3 2.33333 0 0
258 3 2.33333 1 1
258 3 2.33333 1 1
258 3 2.33333 1 1
258 3 2.33333 0 0
258 3 2.33333 0 0
258 3 2.33333 0 0
259 3 2.6 0 0
259 3 2.6 1 1
259 3 2.6 1 1
259 3 2.6 0 0
259 3 2.6 1 1
259 3 2.6 0 0
259 3 2.6 1 1
259 3 2.6 1 1
259 3 2.6 0 0
259 3 2.6 1 1
259 3 2.6 1 1
259 3 2.6 1 1
259 3 2.6 1 1
259 3 2.6 1 1
259 3 2.6 1 1
259 3 2.6 0 0
259 3 2.6 1 1
259 3 2.6 0 0
259 3 2.6 1 1
259 3 2.6 0 0
259 3 2.6 0 0
259 3 2.6 0 0
259 3 2.6 0 0
259 3 2.6 0 0
259 3 2.6 0 0
259 3 2.6 1 1
259 3 2.6 0 0
259 3 2.6 1 1
259 3 2.6 1 1
259 3 2.6 0 0
259 3 2.6 1 1
259 3 2.6 0 0
259 3 2.6 0 0
259 3 2.6 0 0
259 3 2.6 1 1
259 3 2.6 0 0
259 3 2.6 0 0
259 3 2.6 1 1
259 3 2.6 0 0
259 3 2.6 1 1
259 3 2.6 0 0
259 3 2.6 0 0
259 3 2.6 1 1
259 3 2.6 0 0
259 3 2.6 0 0
259 3 2.6 1 1
259 3 2.6 1 1
259 3 2.6 1 1
259 3 2.6 0 0
259 3 2.6 0 0
259 3 2.6 0 0
259 3 2.6 0 0
259 3 2.6 1 1
259 3 2.6 1 1
259 3 2.6 1 1
260 3 2.86667 0 0
260 3 2.86667 1 1
260 3 2.86667 1 1
260 3 2.86667 1 1
260 3 2.86667 0 0
260 3 2.86667 1 1
260 3 2.86667 0 0
260 3 2.86667 0 0
260 3 2.86667 1 1
260 3 2.86667 0 0
260 3 2.86667 0 0
260 3 2.86667 0 0
260 3 2.86667 0 0
260 3 2.86667 1 1
260 3 2.86667 0 0
260 3 2.86667 0 0
260 3 2.86667 1 1
260 3 2.86667 0 0
260 3 2.86667 1 1
260 3 2.86667 0 0
260 3 2.86667 1 1
260 3 2.86667 1 1
260 3 2.86667 1 1
260 3 2.86667 0 0
260 3 2.86667 1 1
260 3 2.86667 1 1
260 3 2.86667 1 0
260 3 2.86667 0 0
260 3 2.86667 0 0
260 3 2.86667 1 1
260 3 2.86667 1 1
260 3 2.86667 0 0
260 3 2.86667 0 0
260 3 2.86667 0 0
260 3 2.86667 0 0
260 3 2.86667 1 1
260 3 2.86667 1 1
260 3 2.86667 0 0
260 3 2.86667 1 1
260 3 2.86667 0 0
260 3 2.86667 1 1
260 3 2.86667 1 1
260 3 2.86667 0 0
260 3 2.86667 1 1
260 3 2.86667 1 1
260 3 2.86667 1 1
260 3 2.86667 1 1
260 3 2.86667 0 0
260 3 2.86667 0 0
260 3 2.86667 1 1
260 3 2.86667 0 0
260 3 2.86667 1 1
260 3 2.86667 0 0
260 3 2.86667 1 1
260 3 2.86667 1 1
317 4 1.4 0 0
317 4 1.4 0 0
317 4 1.4 1 0
317 4 1.4 0 0
317 4 1.4 1 0
317 4 1.4 1 1
317 4 1.4 0 1
317 4 1.4 0 0
317 4 1.4 1 1
317 4 1.4 0 1
317 4 1.4 1 0
317 4 1.4 0 1
317 4 1.4 0 0
317 4 1.4 1 0
317 4 1.4 1 1
317 4 1.4 0 1
317 4 1.4 1 0
317 4 1.4 0 0
317 4 1.4 1 1
317 4 1.4 0 0
317 4 1.4 1 1
317 4 1.4 1 0
317 4 1.4 1 1
317 4 1.4 0 0
317 4 1.4 0 0
317 4 1.4 1 1
317 4 1.4 0 0
317 4 1.4 0 0
317 4 1.4 1 0
317 4 1.4 1 0
317 4 1.4 0 0
317 4 1.4 1 1
317 4 1.4 1 1
317 4 1.4 0 0
317 4 1.4 1 0
317 4 1.4 1 0
317 4 1.4 1 1
317 4 1.4 0 0
317 4 1.4 0 1
317 4 1.4 0 0
317 4 1.4 1 0
317 4 1.4 0 1
317 4 1.4 1 1
317 4 1.4 1 0
317 4 1.4 1 1
317 4 1.4 0 1
317 4 1.4 0 1
317 4 1.4 0 0
317 4 1.4 1 0
317 4 1.4 0 1
317 4 1.4 1 0
317 4 1.4 1 1
317 4 1.4 1 1
317 4 1.4 1 0
317 4 1.4 1 1
318 4 2.2 1 1
318 4 2.2 0 0
318 4 2.2 0 1
318 4 2.2 0 0
318 4 2.2 0 1
318 4 2.2 1 0
318 4 2.2 0 1
318 4 2.2 0 0
318 4 2.2 1 0
318 4 2.2 1 1
318 4 2.2 1 1
318 4 2.2 0 0
318 4 2.2 0 1
318 4 2.2 1 1
318 4 2.2 1 1
318 4 2.2 1 0
318 4 2.2 1 1
318 4 2.2 0 1
318 4 2.2 1 1
318 4 2.2 0 0
318 4 2.2 1 0
318 4 2.2 0 1
318 4 2.2 1 1
318 4 2.2 0 0
318 4 2.2 1 1
318 4 2.2 1 1
318 4 2.2 1 0
318 4 2.2 1 1
318 4 2.2 1 0
318 4 2.2 0 0
318 4 2.2 1 0
318 4 2.2 0 1
318 4 2.2 0 0
318 4 2.2 1 1
318 4 2.2 0 1
318 4 2.2 0 1
318 4 2.2 1 0
318 4 2.2 1 1
318 4 2.2 0 1
318 4 2.2 0 1
318 4 2.2 0 0
318 4 2.2 0 0
318 4 2.2 0 1
318 4 2.2 1 1
318 4 2.2 0 0
318 4 2.2 1 0
318 4 2.2 0 0
318 4 2.2 0 0
318 4 2.2 1 0
318 4 2.2 0 1
318 4 2.2 0 1
318 4 2.2 1 0
318 4 2.2 0 1
318 4 2.2 0 1
318 4 2.2 0 1
319 4 3 1 1
319 4 3 0 0
319 4 3 0 0
319 4 3 1 1
319 4 3 1 1
319 4 3 0 0
319 4 3 0 1
319 4 3 0 0
319 4 3 1 1
319 4 3 0 1
319 4 3 0 0
319 4 3 1 0
319 4 3 0 0
319 4 3 1 1
319 4 3 1 1
319 4 3 1 0
319 4 3 0 0
319 4 3 0 0
319 4 3 0 1
319 4 3 1 1
319 4 3 1 0
319 4 3 0 0
319 4 3 0 0
319 4 3 1 0
319 4 3 0 0
319 4 3 1 1
319 4 3 0 0
319 4 3 1 0
319 4 3 0 1
319 4 3 1 1
319 4 3 0 0
319 4 3 1 1
319 4 3 0 0
319 4 3 0 0
319 4 3 1 1
319 4 3 1 1
319 4 3 0 0
319 4 3 0 0
319 4 3 1 0
319 4 3 1 1
319 4 3 0 0
319 4 3 1 1
319 4 3 0 1
319 4 3 1 1
319 4 3 0 0
319 4 3 1 0
319 4 3 0 0
319 4 3 0 0
319 4 3 0 0
319 4 3 1 1
319 4 3 0 0
319 4 3 0 1
319 4 3 0 1
319 4 3 1 0
319 4 3 1 1
320 4 3.8 0 0
320 4 3.8 0 0
320 4 3.8 1 1
320 4 3.8 1 0
320 4 3.8 0 1
320 4 3.8 0 0
320 4 3.8 1 1
320 4 3.8 0 0
320 4 3.8 0 0
320 4 3.8 0 0
320 4 3.8 1 0
320 4 3.8 1 0
320 4 3.8 0 0
320 4 3.8 0 0
320 4 3.8 0 0
320 4 3.8 1 1
320 4 3.8 1 1
320 4 3.8 1 1
320 4 3.8 1 1
320 4 3.8 0 0
320 4 3.8 1 0
320 4 3.8 1 1
320 4 3.8 0 0
320 4 3.8 0 0
320 4 3.8 0 0
320 4 3.8 0 0
320 4 3.8 1 1
320 4 3.8 1 1
320 4 3.8 0 0
320 4 3.8 1 1
320 4 3.8 1 0
320 4 3.8 1 1
320 4 3.8 1 0
320 4 3.8 0 0
320 4 3.8 1 0
320 4 3.8 0 0
320 4 3.8 1 1
320 4 3.8 0 0
320 4 3.8 0 0
320 4 3.8 1 0
320 4 3.8 0 0
320 4 3.8 0 0
320 4 3.8 0 0
320 4 3.8 1 0
320 4 3.8 0 0
320 4 3.8 0 0
320 4 3.8 0 0
320 4 3.8 1 1
320 4 3.8 1 1
320 4 3.8 1 0
320 4 3.8 1 1
320 4 3.8 1 1
320 4 3.8 1 1
320 4 3.8 0 0
320 4 3.8 1 0
321 4 4.6 1 1
321 4 4.6 0 1
321 4 4.6 1 1
321 4 4.6 1 1
321 4 4.6 0 0
321 4 4.6 0 1
321 4 4.6 1 1
321 4 4.6 0 0
321 4 4.6 1 1
321 4 4.6 1 1
321 4 4.6 1 1
321 4 4.6 0 0
321 4 4.6 1 1
321 4 4.6 1 1
321 4 4.6 1 1
321 4 4.6 1 1
321 4 4.6 0 1
321 4 4.6 1 1
321 4 4.6 1 0
321 4 4.6 1 1
321 4 4.6 1 1
321 4 4.6 1 1
321 4 4.6 0 1
321 4 4.6 0 0
321 4 4.6 1 1
321 4 4.6 1 1
321 4 4.6 0 0
321 4 4.6 1 1
321 4 4.6 0 0
321 4 4.6 0 1
321 4 4.6 0 0
321 4 4.6 1 1
321 4 4.6 1 1
321 4 4.6 1 0
321 4 4.6 0 0
321 4 4.6 0 0
321 4 4.6 0 0
321 4 4.6 1 1
321 4 4.6 1 1
321 4 4.6 1 1
321 4 4.6 1 1
321 4 4.6 1 1
321 4 4.6 0 0
321 4 4.6 0 0
321 4 4.6 0 0
321 4 4.6 0 1
321 4 4.6 1 1
321 4 4.6 0 0
321 4 4.6 1 1
321 4 4.6 1 1
321 4 4.6 0 1
321 4 4.6 1 1
321 4 4.6 1 0
321 4 4.6 1 1
321 4 4.6 1 1
322 4 5.4 1 1
322 4 5.4 0 0
322 4 5.4 0 0
322 4 5.4 0 0
322 4 5.4 0 0
322 4 5.4 1 1
322 4 5.4 0 0
322 4 5.4 0 0
322 4 5.4 1 1
322 4 5.4 1 1
322 4 5.4 0 0
322 4 5.4 1 1
322 4 5.4 1 1
322 4 5.4 1 1
322 4 5.4 1 1
322 4 5.4 1 1
322 4 5.4 0 0
322 4 5.4 1 1
322 4 5.4 1 1
322 4 5.4 1 0
322 4 5.4 1 1
322 4 5.4 1 1
322 4 5.4 1 1
322 4 5.4 0 0
322 4 5.4 0 0
322 4 5.4 0 0
322 4 5.4 1 1
322 4 5.4 1 1
322 4 5.4 0 0
322 4 5.4 0 0
322 4 5.4 1 1
322 4 5.4 1 1
322 4 5.4 1 1
322 4 5.4 1 1
322 4 5.4 1 1
322 4 5.4 0 0
322 4 5.4 0 0
322 4 5.4 1 1
322 4 5.4 0 0
322 4 5.4 1 1
322 4 5.4 0 0
322 4 5.4 1 1
322 4 5.4 1 1
322 4 5.4 0 0
322 4 5.4 1 1
322 4 5.4 0 0
322 4 5.4 1 1
322 4 5.4 0 0
322 4 5.4 1 1
322 4 5.4 0 0
322 4 5.4 1 1
322 4 5.4 0 0
322 4 5.4 0 0
322 4 5.4 1 1
322 4 5.4 0 0
323 4 6.2 0 0
323 4 6.2 1 1
323 4 6.2 1 1
323 4 6.2 0 0
323 4 6.2 1 1
323 4 6.2 0 0
323 4 6.2 1 1
323 4 6.2 0 0
323 4 6.2 0 0
323 4 6.2 0 0
323 4 6.2 0 0
323 4 6.2 1 1
323 4 6.2 0 0
323 4 6.2 1 1
323 4 6.2 0 0
323 4 6.2 0 0
323 4 6.2 0 0
323 4 6.2 0 0
323 4 6.2 0 0
323 4 6.2 1 1
323 4 6.2 1 1
323 4 6.2 1 1
323 4 6.2 0 0
323 4 6.2 1 1
323 4 6.2 0 0
323 4 6.2 0 0
323 4 6.2 0 0
323 4 6.2 0 0
323 4 6.2 1 1
323 4 6.2 0 0
323 4 6.2 0 0
323 4 6.2 0 0
323 4 6.2 1 1
323 4 6.2 1 1
323 4 6.2 1 1
323 4 6.2 1 1
323 4 6.2 1 1
323 4 6.2 1 1
323 4 6.2 1 1
323 4 6.2 1 1
323 4 6.2 1 1
323 4 6.2 0 0
323 4 6.2 1 1
323 4 6.2 0 0
323 4 6.2 0 0
323 4 6.2 1 1
323 4 6.2 1 1
323 4 6.2 1 1
323 4 6.2 1 1
323 4 6.2 1 1
323 4 6.2 1 1
323 4 6.2 1 1
323 4 6.2 1 1
323 4 6.2 1 1
323 4 6.2 0 0
324 4 7 1 1
324 4 7 0 0
324 4 7 0 0
324 4 7 0 0
324 4 7 0 0
324 4 7 1 1
324 4 7 0 0
324 4 7 1 1
324 4 7 0 0
324 4 7 1 1
324 4 7 0 0
324 4 7 1 1
324 4 7 1 1
324 4 7 1 1
324 4 7 1 1
324 4 7 1 1
324 4 7 1 1
324 4 7 0 0
324 4 7 1 1
324 4 7 1 1
324 4 7 0 0
324 4 7 0 0
324 4 7 1 1
324 4 7 0 0
324 4 7 1 1
324 4 7 0 0
324 4 7 1 1
324 4 7 0 0
324 4 7 1 1
324 4 7 1 1
324 4 7 0 0
324 4 7 1 1
324 4 7 1 1
324 4 7 0 0
324 4 7 1 1
324 4 7 0 0
324 4 7 0 0
324 4 7 1 1
324 4 7 1 1
324 4 7 0 0
324 4 7 1 1
324 4 7 0 0
324 4 7 0 0
324 4 7 0 0
324 4 7 1 1
324 4 7 1 1
324 4 7 0 0
324 4 7 1 1
324 4 7 0 0
324 4 7 1 1
324 4 7 1 1
324 4 7 0 0
324 4 7 1 1
324 4 7 0 0
324 4 7 1 1
341 4 1 0 1
341 4 1 1 0
341 4 1 0 0
341 4 1 1 0
341 4 1 1 1
341 4 1 0 1
341 4 1 0 0
341 4 1 1 0
341 4 1 0 1
341 4 1 0 1
341 4 1 0 0
341 4 1 1 0
341 4 1 1 1
341 4 1 1 1
341 4 1 1 1
341 4 1 1 1
341 4 1 0 1
341 4 1 1 0
341 4 1 1 1
341 4 1 0 1
341 4 1 1 0
341 4 1 0 1
341 4 1 0 0
341 4 1 1 0
341 4 1 1 1
341 4 1 1 1
341 4 1 0 1
341 4 1 0 0
341 4 1 1 0
341 4 1 1 1
341 4 1 1 1
341 4 1 0 1
341 4 1 0 0
341 4 1 1 0
341 4 1 0 1
341 4 1 1 1
341 4 1 1 0
341 4 1 1 0
341 4 1 0 0
341 4 1 1 1
341 4 1 0 1
341 4 1 0 0
341 4 1 0 0
341 4 1 0 0
341 4 1 0 0
341 4 1 0 0
341 4 1 1 0
341 4 1 1 1
341 4 1 1 1
341 4 1 1 1
341 4 1 0 1
341 4 1 1 1
341 4 1 0 1
341 4 1 1 0
341 4 1 0 0
342 4 1.8 1 1
342 4 1.8 0 0
342 4 1.8 0 1
342 4 1.8 1 0
342 4 1.8 1 1
342 4 1.8 0 0
342 4 1.8 1 1
342 4 1.8 0 0
342 4 1.8 1 0
342 4 1.8 1 1
342 4 1.8 1 0
342 4 1.8 0 0
342 4 1.8 0 0
342 4 1.8 1 0
342 4 1.8 0 1
342 4 1.8 1 1
342 4 1.8 1 0
342 4 1.8 0 0
342 4 1.8 0 1
342 4 1.8 1 0
342 4 1.8 1 1
342 4 1.8 0 1
342 4 1.8 0 0
342 4 1.8 0 0
342 4 1.8 0 0
342 4 1.8 0 0
342 4 1.8 1 0
342 4 1.8 1 0
342 4 1.8 0 1
342 4 1.8 1 0
342 4 1.8 1 0
342 4 1.8 0 1
342 4 1.8 0 0
342 4 1.8 1 0
342 4 1.8 1 1
342 4 1.8 1 1
342 4 1.8 0 0
342 4 1.8 1 1
342 4 1.8 0 0
342 4 1.8 1 1
342 4 1.8 0 0
342 4 1.8 0 1
342 4 1.8 1 0
342 4 1.8 0 1
342 4 1.8 1 0
342 4 1.8 0 1
342 4 1.8 0 0
342 4 1.8 0 0
342 4 1.8 1 0
342 4 1.8 0 1
342 4 1.8 1 0
342 4 1.8 0 1
342 4 1.8 1 0
342 4 1.8 1 0
342 4 1.8 0 0
343 4 2.6 1 1
343 4 2.6 1 0
343 4 2.6 1 1
343 4 2.6 0 1
343 4 2.6 0 0
343 4 2.6 0 0
343 4 2.6 1 0
343 4 2.6 1 1
343 4 2.6 1 1
343 4 2.6 1 1
343 4 2.6 0 1
343 4 2.6 1 1
343 4 2.6 1 1
343 4 2.6 1 1
343 4 2.6 0 0
343 4 2.6 0 1
343 4 2.6 0 0
343 4 2.6 1 1
343 4 2.6 0 0
343 4 2.6 1 1
343 4 2.6 0 1
343 4 2.6 1 0
343 4 2.6 1 1
343 4 2.6 0 0
343 4 2.6 0 1
343 4 2.6 1 0
343 4 2.6 0 0
343 4 2.6 1 1
343 4 2.6 1 0
343 4 2.6 0 1
343 4 2.6 1 1
343 4 2.6 0 1
343 4 2.6 0 0
343 4 2.6 0 0
343 4 2.6 0 0
343 4 2.6 1 0
343 4 2.6 0 1
343 4 2.6 1 0
343 4 2.6 1 1
343 4 2.6 1 0
343 4 2.6 1 1
343 4 2.6 1 1
343 4 2.6 1 1
343 4 2.6 0 0
343 4 2.6 0 0
343 4 2.6 1 0
343 4 2.6 1 1
343 4 2.6 0 0
343 4 2.6 0 0
343 4 2.6 1 0
343 4 2.6 1 1
343 4 2.6 1 1
343 4 2.6 0 0
343 4 2.6 1 1
343 4 2.6 1 1
344 4 3.4 0 0
344 4 3.4 1 1
344 4 3.4 1 1
344 4 3.4 1 0
344 4 3.4 1 1
344 4 3.4 0 1
344 4 3.4 0 0
344 4 3.4 0 0
344 4 3.4 1 1
344 4 3.4 0 0
344 4 3.4 1 1
344 4 3.4 1 1
344 4 3.4 1 1
344 4 3.4 0 0
344 4 3.4 0 0
344 4 3.4 1 1
344 4 3.4 0 1
344 4 3.4 1 1
344 4 3.4 1 1
344 4 3.4 0 0
344 4 3.4 0 1
344 4 3.4 1 1
344 4 3.4 0 0
344 4 3.4 1 0
344 4 3.4 0 1
344 4 3.4 0 1
344 4 3.4 0 0
344 4 3.4 1 1
344 4 3.4 0 0
344 4 3.4 0 0
344 4 3.4 0 1
344 4 3.4 0 0
344 4 3.4 1 1
344 4 3.4 0 0
344 4 3.4 1 1
344 4 3.4 1 1
344 4 3.4 1 1
344 4 3.4 0 0
344 4 3.4 1 0
344 4 3.4 1 1
344 4 3.4 0 0
344 4 3.4 0 1
344 4 3.4 1 1
344 4 3.4 0 0
344 4 3.4 1 1
344 4 3.4 0 0
344 4 3.4 1 1
344 4 3.4 1 0
344 4 3.4 1 1
344 4 3.4 0 0
344 4 3.4 1 0
344 4 3.4 0 1
344 4 3.4 1 1
344 4 3.4 0 0
344 4 3.4 0 0
345 4 4.2 0 0
345 4 4.2 1 1
345 4 4.2 1 1
345 4 4.2 0 0
345 4 4.2 1 1
345 4 4.2 1 1
345 4 4.2 1 1
345 4 4.2 0 0
345 4 4.2 1 1
345 4 4.2 0 0
345 4 4.2 1 1
345 4 4.2 1 1
345 4 4.2 0 0
345 4 4.2 1 1
345 4 4.2 0 0
345 4 4.2 0 0
345 4 4.2 1 1
345 4 4.2 0 0
345 4 4.2 1 1
345 4 4.2 0 0
345 4 4.2 1 1
345 4 4.2 1 1
345 4 4.2 1 1
345 4 4.2 1 1
345 4 4.2 0 0
345 4 4.2 0 0
345 4 4.2 1 1
345 4 4.2 0 0
345 4 4.2 0 0
345 4 4.2 1 1
345 4 4.2 1 1
345 4 4.2 0 0
345 4 4.2 0 0
345 4 4.2 0 0
345 4 4.2 0 0
345 4 4.2 0 0
345 4 4.2 0 0
345 4 4.2 0 0
345 4 4.2 1 1
345 4 4.2 0 0
345 4 4.2 1 1
345 4 4.2 1 1
345 4 4.2 1 1
345 4 4.2 1 1
345 4 4.2 0 0
345 4 4.2 1 1
345 4 4.2 1 1
345 4 4.2 0 0
345 4 4.2 1 1
345 4 4.2 0 0
345 4 4.2 0 0
345 4 4.2 0 0
345 4 4.2 0 0
345 4 4.2 0 0
345 4 4.2 0 0
346 4 5 0 0
346 4 5 1 1
346 4 5 1 1
346 4 5 1 1
346 4 5 0 0
346 4 5 1 1
346 4 5 0 0
346 4 5 0 0
346 4 5 0 0
346 4 5 1 1
346 4 5 0 0
346 4 5 1 1
346 4 5 0 0
346 4 5 1 1
346 4 5 0 0
346 4 5 1 1
346 4 5 1 1
346 4 5 0 0
346 4 5 0 0
346 4 5 1 1
346 4 5 0 0
346 4 5 0 0
346 4 5 1 1
346 4 5 1 1
346 4 5 0 0
346 4 5 1 1
346 4 5 0 0
346 4 5 1 1
346 4 5 1 1
346 4 5 0 0
346 4 5 1 1
346 4 5 1 1
346 4 5 0 0
346 4 5 1 1
346 4 5 1 1
346 4 5 1 1
346 4 5 0 0
346 4 5 1 1
346 4 5 1 1
346 4 5 1 0
346 4 5 1 1
346 4 5 1 1
346 4 5 0 0
346 4 5 0 0
346 4 5 0 0
346 4 5 1 1
346 4 5 1 1
346 4 5 0 0
346 4 5 1 1
346 4 5 0 0
346 4 5 1 1
346 4 5 1 1
346 4 5 0 0
346 4 5 0 0
346 4 5 0 0
347 4 5.8 0 0
347 4 5.8 0 0
347 4 5.8 1 1
347 4 5.8 0 0
347 4 5.8 0 0
347 4 5.8 0 0
347 4 5.8 0 0
347 4 5.8 1 1
347 4 5.8 0 0
347 4 5.8 1 1
347 4 5.8 1 1
347 4 5.8 0 0
347 4 5.8 0 0
347 4 5.8 0 0
347 4 5.8 1 1
347 4 5.8 0 0
347 4 5.8 0 0
347 4 5.8 0 0
347 4 5.8 0 0
347 4 5.8 0 0
347 4 5.8 1 1
347 4 5.8 1 1
347 4 5.8 0 0
347 4 5.8 1 1
347 4 5.8 1 1
347 4 5.8 1 1
347 4 5.8 1 1
347 4 5.8 1 1
347 4 5.8 1 1
347 4 5.8 1 1
347 4 5.8 0 0
347 4 5.8 0 0
347 4 5.8 1 1
347 4 5.8 0 0
347 4 5.8 1 1
347 4 5.8 0 0
347 4 5.8 0 0
347 4 5.8 0 0
347 4 5.8 0 0
347 4 5.8 1 1
347 4 5.8 0 0
347 4 5.8 1 1
347 4 5.8 1 1
347 4 5.8 0 0
347 4 5.8 1 1
347 4 5.8 1 1
347 4 5.8 1 1
347 4 5.8 1 1
347 4 5.8 0 0
347 4 5.8 1 1
347 4 5.8 0 0
347 4 5.8 1 1
347 4 5.8 1 1
347 4 5.8 1 1
347 4 5.8 1 1
348 4 6.6 1 1
348 4 6.6 1 1
348 4 6.6 1 1
348 4 6.6 0 0
348 4 6.6 1 1
348 4 6.6 0 0
348 4 6.6 0 0
348 4 6.6 1 1
348 4 6.6 0 0
348 4 6.6 0 0
348 4 6.6 1 1
348 4 6.6 1 1
348 4 6.6 1 1
348 4 6.6 1 1
348 4 6.6 0 0
348 4 6.6 1 1
348 4 6.6 0 0
348 4 6.6 1 1
348 4 6.6 1 1
348 4 6.6 0 0
348 4 6.6 1 1
348 4 6.6 0 0
348 4 6.6 0 0
348 4 6.6 0 0
348 4 6.6 0 0
348 4 6.6 1 1
348 4 6.6 1 1
348 4 6.6 1 1
348 4 6.6 1 1
348 4 6.6 0 0
348 4 6.6 1 1
348 4 6.6 0 0
348 4 6.6 1 1
348 4 6.6 0 0
348 4 6.6 1 1
348 4 6.6 0 0
348 4 6.6 1 1
348 4 6.6 1 1
348 4 6.6 0 0
348 4 6.6 0 0
348 4 6.6 1 1
348 4 6.6 0 0
348 4 6.6 0 0
348 4 6.6 1 1
348 4 6.6 0 0
348 4 6.6 1 1
348 4 6.6 0 0
348 4 6.6 0 0
348 4 6.6 0 0
348 4 6.6 1 1
348 4 6.6 1 1
348 4 6.6 1 1
348 4 6.6 0 0
348 4 6.6 0 0
348 4 6.6 0 0
