0 0 0.666667 0 1
0 0 0.666667 1 0
0 0 0.666667 0 1
0 0 0.666667 0 0
0 0 0.666667 0 0
0 0 0.666667 1 0
0 0 0.666667 1 1
0 0 0.666667 1 1
0 0 0.666667 0 0
0 0 0.666667 0 1
0 0 0.666667 1 0
0 0 0.666667 0 1
0 0 0.666667 0 1
0 0 0.666667 1 0
0 0 0.666667 1 1
0 0 0.666667 0 1
0 0 0.666667 0 0
0 0 0.666667 0 1
0 0 0.666667 1 0
0 0 0.666667 1 1
0 0 0.666667 1 0
0 0 0.666667 1 1
0 0 0.666667 0 0
0 0 0.666667 1 1
0 0 0.666667 0 0
0 0 0.666667 1 1
0 0 0.666667 1 0
0 0 0.666667 0 1
0 0 0.666667 1 0
0 0 0.666667 0 1
0 0 0.666667 0 0
0 0 0.666667 1 1
0 0 0.666667 1 1
0 0 0.666667 1 1
0 0 0.666667 1 1
0 0 0.666667 1 1
0 0 0.666667 1 1
0 0 0.666667 1 1
0 0 0.666667 1 1
0 0 0.666667 1 1
0 0 0.666667 1 1
0 0 0.666667 1 1
0 0 0.666667 0 1
0 0 0.666667 0 1
0 0 0.666667 1 0
0 0 0.666667 1 0
0 0 0.666667 1 1
0 0 0.666667 0 1
0 0 0.666667 0 1
0 0 0.666667 1 0
0 0 0.666667 0 0
0 0 0.666667 1 0
0 0 0.666667 0 0
0 0 0.666667 0 0
0 0 0.666667 0 0
1 0 1 1 0
1 0 1 0 1
1 0 1 0 0
1 0 1 1 0
1 0 1 1 1
1 0 1 1 0
1 0 1 1 1
1 0 1 1 0
1 0 1 0 0
1 0 1 0 1
1 0 1 1 1
1 0 1 0 0
1 0 1 1 1
1 0 1 1 0
1 0 1 0 1
1 0 1 1 0
1 0 1 0 1
1 0 1 1 0
1 0 1 0 1
1 0 1 1 0
1 0 1 1 1
1 0 1 1 1
1 0 1 0 1
1 0 1 1 1
1 0 1 0 1
1 0 1 1 0
1 0 1 0 1
1 0 1 0 0
1 0 1 1 0
1 0 1 0 1
1 0 1 1 0
1 0 1 1 1
1 0 1 1 0
1 0 1 1 0
1 0 1 0 0
1 0 1 0 1
1 0 1 1 1
1 0 1 0 1
1 0 1 0 0
1 0 1 0 0
1 0 1 1 0
1 0 1 1 1
1 0 1 0 1
1 0 1 1 0
1 0 1 1 1
1 0 1 0 1
1 0 1 1 0
1 0 1 0 1
1 0 1 0 0
1 0 1 0 0
1 0 1 0 0
1 0 1 1 0
1 0 1 1 1
1 0 1 0 0
1 0 1 0 0
2 0 1.33333 0 0
2 0 1.33333 1 1
2 0 1.33333 1 1
2 0 1.33333 1 1
2 0 1.33333 0 0
2 0 1.33333 1 0
2 0 1.33333 1 1
2 0 1.33333 0 0
2 0 1.33333 0 1
2 0 1.33333 1 1
2 0 1.33333 0 0
2 0 1.33333 1 1
2 0 1.33333 0 0
2 0 1.33333 1 1
2 0 1.33333 1 1
2 0 1.33333 1 1
2 0 1.33333 0 0
2 0 1.33333 1 1
2 0 1.33333 1 1
2 0 1.33333 1 0
2 0 1.33333 0 0
2 0 1.33333 1 1
2 0 1.33333 0 0
2 0 1.33333 0 1
2 0 1.33333 1 1
2 0 1.33333 0 0
2 0 1.33333 1 1
2 0 1.33333 1 0
2 0 1.33333 1 1
2 0 1.33333 1 1
2 0 1.33333 0 0
2 0 1.33333 1 1
2 0 1.33333 0 1
2 0 1.33333 0 0
2 0 1.33333 1 1
2 0 1.33333 0 0
2 0 1.33333 1 1
2 0 1.33333 1 1
2 0 1.33333 1 1
2 0 1.33333 0 0
2 0 1.33333 1 1
2 0 1.33333 1 1
2 0 1.33333 0 0
2 0 1.33333 1 1
2 0 1.33333 1 1
2 0 1.33333 1 1
2 0 1.33333 1 1
2 0 1.33333 0 0
2 0 1.33333 0 0
2 0 1.33333 0 0
2 0 1.33333 0 0
2 0 1.33333 1 1
2 0 1.33333 1 1
2 0 1.33333 1 1
2 0 1.33333 1 1
3 0 1.66667 1 1
3 0 1.66667 0 0
3 0 1.66667 0 0
3 0 1.66667 1 1
3 0 1.66667 1 1
3 0 1.66667 1 1
3 0 1.66667 0 0
3 0 1.66667 0 0
3 0 1.66667 1 1
3 0 1.66667 0 0
3 0 1.66667 0 0
3 0 1.66667 1 1
3 0 1.66667 0 0
3 0 1.66667 1 1
3 0 1.66667 0 0
3 0 1.66667 1 1
3 0 1.66667 1 1
3 0 1.66667 0 0
3 0 1.66667 1 1
3 0 1.66667 0 0
3 0 1.66667 0 0
3 0 1.66667 0 0
3 0 1.66667 1 1
3 0 1.66667 0 0
3 0 1.66667 1 1
3 0 1.66667 0 0
3 0 1.66667 0 0
3 0 1.66667 0 0
3 0 1.66667 1 1
3 0 1.66667 1 1
3 0 1.66667 1 1
3 0 1.66667 0 0
3 0 1.66667 1 1
3 0 1.66667 1 1
3 0 1.66667 1 1
3 0 1.66667 0 0
3 0 1.66667 0 0
3 0 1.66667 0 0
3 0 1.66667 1 1
3 0 1.66667 1 1
3 0 1.66667 1 1
3 0 1.66667 1 1
3 0 1.66667 1 1
3 0 1.66667 1 1
3 0 1.66667 1 1
3 0 1.66667 0 0
3 0 1.66667 0 0
3 0 1.66667 1 1
3 0 1.66667 1 1
3 0 1.66667 1 1
3 0 1.66667 1 1
3 0 1.66667 0 0
3 0 1.66667 0 0
3 0 1.66667 1 1
3 0 1.66667 1 1
4 0 2 1 1
4 0 2 1 1
4 0 2 1 1
4 0 2 1 1
4 0 2 1 1
4 0 2 0 0
4 0 2 0 0
4 0 2 1 1
4 0 2 0 0
4 0 2 1 1
4 0 2 0 0
4 0 2 0 0
4 0 2 1 1
4 0 2 1 1
4 0 2 1 1
4 0 2 0 0
4 0 2 0 0
4 0 2 1 1
4 0 2 1 1
4 0 2 0 0
4 0 2 1 1
4 0 2 0 0
4 0 2 1 1
4 0 2 1 1
4 0 2 1 1
4 0 2 1 1
4 0 2 0 0
4 0 2 1 1
4 0 2 0 0
4 0 2 0 0
4 0 2 1 1
4 0 2 0 0
4 0 2 0 0
4 0 2 1 1
4 0 2 0 0
4 0 2 0 0
4 0 2 1 1
4 0 2 0 0
4 0 2 0 0
4 0 2 0 0
4 0 2 1 1
4 0 2 0 0
4 0 2 0 0
4 0 2 0 0
4 0 2 1 1
4 0 2 1 1
4 0 2 1 1
4 0 2 1 1
4 0 2 0 0
4 0 2 0 0
4 0 2 1 1
4 0 2 1 1
4 0 2 0 0
4 0 2 0 0
4 0 2 0 0
5 0 2.33333 0 0
5 0 2.33333 0 0
5 0 2.33333 0 0
5 0 2.33333 1 1
5 0 2.33333 1 1
5 0 2.33333 0 0
5 0 2.33333 0 0
5 0 2.33333 1 1
5 0 2.33333 1 1
5 0 2.33333 0 0
5 0 2.33333 0 0
5 0 2.33333 0 0
5 0 2.33333 1 1
5 0 2.33333 1 1
5 0 2.33333 1 1
5 0 2.33333 0 0
5 0 2.33333 1 1
5 0 2.33333 0 0
5 0 2.33333 1 1
5 0 2.33333 1 1
5 0 2.33333 1 1
5 0 2.33333 0 0
5 0 2.33333 0 0
5 0 2.33333 0 0
5 0 2.33333 0 0
5 0 2.33333 0 0
5 0 2.33333 0 0
5 0 2.33333 1 1
5 0 2.33333 1 1
5 0 2.33333 1 1
5 0 2.33333 1 1
5 0 2.33333 1 1
5 0 2.33333 1 1
5 0 2.33333 1 1
5 0 2.33333 0 0
5 0 2.33333 0 0
5 0 2.33333 1 1
5 0 2.33333 0 0
5 0 2.33333 1 1
5 0 2.33333 1 1
5 0 2.33333 0 0
5 0 2.33333 0 0
5 0 2.33333 1 1
5 0 2.33333 0 0
5 0 2.33333 0 0
5 0 2.33333 1 1
5 0 2.33333 0 0
5 0 2.33333 0 0
5 0 2.33333 1 1
5 0 2.33333 1 1
5 0 2.33333 1 1
5 0 2.33333 1 1
5 0 2.33333 1 1
5 0 2.33333 1 1
5 0 2.33333 1 1
6 0 2.66667 0 0
6 0 2.66667 1 1
6 0 2.66667 0 0
6 0 2.66667 0 0
6 0 2.66667 1 1
6 0 2.66667 0 0
6 0 2.66667 0 0
6 0 2.66667 0 0
6 0 2.66667 0 0
6 0 2.66667 1 1
6 0 2.66667 0 0
6 0 2.66667 1 1
6 0 2.66667 1 1
6 0 2.66667 0 0
6 0 2.66667 0 0
6 0 2.66667 1 1
6 0 2.66667 0 0
6 0 2.66667 0 0
6 0 2.66667 1 1
6 0 2.66667 0 0
6 0 2.66667 1 1
6 0 2.66667 1 1
6 0 2.66667 0 0
6 0 2.66667 0 0
6 0 2.66667 1 1
6 0 2.66667 0 0
6 0 2.66667 1 1
6 0 2.66667 0 0
6 0 2.66667 1 1
6 0 2.66667 1 1
6 0 2.66667 0 0
6 0 2.66667 0 0
6 0 2.66667 1 1
6 0 2.66667 0 0
6 0 2.66667 1 1
6 0 2.66667 0 0
6 0 2.66667 0 0
6 0 2.66667 1 1
6 0 2.66667 0 0
6 0 2.66667 1 1
6 0 2.66667 1 1
6 0 2.66667 1 1
6 0 2.66667 1 1
6 0 2.66667 1 1
6 0 2.66667 0 0
6 0 2.66667 1 1
6 0 2.66667 1 1
6 0 2.66667 1 1
6 0 2.66667 1 1
6 0 2.66667 0 0
6 0 2.66667 0 0
6 0 2.66667 0 0
6 0 2.66667 0 0
6 0 2.66667 1 1
6 0 2.66667 0 0
7 0 3 0 0
7 0 3 1 1
7 0 3 1 1
7 0 3 0 0
7 0 3 1 1
7 0 3 1 1
7 0 3 0 0
7 0 3 1 1
7 0 3 1 1
7 0 3 0 0
7 0 3 1 1
7 0 3 0 0
7 0 3 1 1
7 0 3 0 0
7 0 3 1 1
7 0 3 0 0
7 0 3 0 0
7 0 3 1 1
7 0 3 1 1
7 0 3 0 0
7 0 3 1 1
7 0 3 0 0
7 0 3 0 0
7 0 3 0 0
7 0 3 0 0
7 0 3 1 1
7 0 3 1 1
7 0 3 0 0
7 0 3 1 1
7 0 3 1 1
7 0 3 0 0
7 0 3 1 1
7 0 3 1 1
7 0 3 0 0
7 0 3 1 1
7 0 3 1 1
7 0 3 0 0
7 0 3 0 0
7 0 3 0 0
7 0 3 0 0
7 0 3 0 0
7 0 3 1 1
7 0 3 1 1
7 0 3 0 0
7 0 3 0 0
7 0 3 0 0
7 0 3 1 1
7 0 3 0 0
7 0 3 1 1
7 0 3 0 0
7 0 3 0 0
7 0 3 1 1
7 0 3 0 0
7 0 3 1 1
7 0 3 0 0
24 0 0.5 0 1
24 0 0.5 0 0
24 0 0.5 1 0
24 0 0.5 0 1
24 0 0.5 0 0
24 0 0.5 1 1
24 0 0.5 0 1
24 0 0.5 1 0
24 0 0.5 1 0
24 0 0.5 1 0
24 0 0.5 0 1
24 0 0.5 0 1
24 0 0.5 1 0
24 0 0.5 0 1
24 0 0.5 1 1
24 0 0.5 0 1
24 0 0.5 1 0
24 0 0.5 1 1
24 0 0.5 0 1
24 0 0.5 1 0
24 0 0.5 1 1
24 0 0.5 0 1
24 0 0.5 0 0
24 0 0.5 1 0
24 0 0.5 1 1
24 0 0.5 1 0
24 0 0.5 0 1
24 0 0.5 1 0
24 0 0.5 1 1
24 0 0.5 0 1
24 0 0.5 1 0
24 0 0.5 1 1
24 0 0.5 0 1
24 0 0.5 1 1
24 0 0.5 0 1
24 0 0.5 1 0
24 0 0.5 1 1
24 0 0.5 0 1
24 0 0.5 0 0
24 0 0.5 0 1
24 0 0.5 0 0
24 0 0.5 1 0
24 0 0.5 1 0
24 0 0.5 0 1
24 0 0.5 0 0
24 0 0.5 0 1
24 0 0.5 0 0
24 0 0.5 1 0
24 0 0.5 0 1
24 0 0.5 0 0
24 0 0.5 0 0
24 0 0.5 0 1
24 0 0.5 1 1
24 0 0.5 1 1
24 0 0.5 1 1
25 0 0.766667 1 1
25 0 0.766667 0 0
25 0 0.766667 1 0
25 0 0.766667 1 1
25 0 0.766667 0 1
25 0 0.766667 1 0
25 0 0.766667 0 1
25 0 0.766667 1 1
25 0 0.766667 0 1
25 0 0.766667 0 0
25 0 0.766667 0 0
25 0 0.766667 0 0
25 0 0.766667 0 0
25 0 0.766667 1 0
25 0 0.766667 1 1
25 0 0.766667 1 1
25 0 0.766667 0 1
25 0 0.766667 0 1
25 0 0.766667 1 1
25 0 0.766667 1 1
25 0 0.766667 0 1
25 0 0.766667 1 1
25 0 0.766667 1 1
25 0 0.766667 1 0
25 0 0.766667 1 1
25 0 0.766667 0 1
25 0 0.766667 1 0
25 0 0.766667 1 1
25 0 0.766667 0 1
25 0 0.766667 1 1
25 0 0.766667 0 0
25 0 0.766667 0 1
25 0 0.766667 1 0
25 0 0.766667 0 0
25 0 0.766667 1 1
25 0 0.766667 0 0
25 0 0.766667 0 1
25 0 0.766667 0 1
25 0 0.766667 0 0
25 0 0.766667 1 0
25 0 0.766667 1 1
25 0 0.766667 0 1
25 0 0.766667 0 0
25 0 0.766667 0 0
25 0 0.766667 0 1
25 0 0.766667 0 0
25 0 0.766667 1 0
25 0 0.766667 1 1
25 0 0.766667 1 1
25 0 0.766667 0 1
25 0 0.766667 0 0
25 0 0.766667 0 0
25 0 0.766667 0 0
25 0 0.766667 0 0
25 0 0.766667 0 1
26 0 1.03333 1 1
26 0 1.03333 0 0
26 0 1.03333 1 1
26 0 1.03333 1 1
26 0 1.03333 0 0
26 0 1.03333 1 0
26 0 1.03333 0 0
26 0 1.03333 0 0
26 0 1.03333 1 1
26 0 1.03333 0 1
26 0 1.03333 1 1
26 0 1.03333 0 1
26 0 1.03333 1 1
26 0 1.03333 0 0
26 0 1.03333 0 0
26 0 1.03333 1 0
26 0 1.03333 0 0
26 0 1.03333 0 0
26 0 1.03333 0 1
26 0 1.03333 1 0
26 0 1.03333 0 1
26 0 1.03333 1 1
26 0 1.03333 1 1
26 0 1.03333 1 0
26 0 1.03333 0 1
26 0 1.03333 1 1
26 0 1.03333 0 0
26 0 1.03333 1 1
26 0 1.03333 0 1
26 0 1.03333 0 0
26 0 1.03333 1 0
26 0 1.03333 1 1
26 0 1.03333 1 0
26 0 1.03333 0 1
26 0 1.03333 1 1
26 0 1.03333 0 0
26 0 1.03333 1 1
26 0 1.03333 1 0
26 0 1.03333 0 1
26 0 1.03333 0 0
26 0 1.03333 0 1
26 0 1.03333 1 0
26 0 1.03333 0 1
26 0 1.03333 0 0
26 0 1.03333 1 0
26 0 1.03333 1 1
26 0 1.03333 0 0
26 0 1.03333 0 1
26 0 1.03333 1 0
26 0 1.03333 0 0
26 0 1.03333 1 0
26 0 1.03333 0 1
26 0 1.03333 0 1
26 0 1.03333 1 0
26 0 1.03333 1 1
27 0 1.3 1 1
27 0 1.3 1 0
27 0 1.3 1 1
27 0 1.3 0 1
27 0 1.3 0 1
27 0 1.3 0 0
27 0 1.3 1 0
27 0 1.3 0 0
27 0 1.3 1 0
27 0 1.3 0 1
27 0 1.3 1 0
27 0 1.3 0 1
27 0 1.3 0 0
27 0 1.3 1 0
27 0 1.3 1 1
27 0 1.3 0 1
27 0 1.3 1 1
27 0 1.3 0 0
27 0 1.3 1 0
27 0 1.3 0 0
27 0 1.3 1 1
27 0 1.3 0 0
27 0 1.3 1 1
27 0 1.3 0 0
27 0 1.3 0 0
27 0 1.3 1 0
27 0 1.3 0 1
27 0 1.3 1 0
27 0 1.3 0 1
27 0 1.3 1 0
27 0 1.3 1 1
27 0 1.3 1 1
27 0 1.3 1 1
27 0 1.3 0 1
27 0 1.3 0 0
27 0 1.3 1 1
27 0 1.3 1 0
27 0 1.3 1 0
27 0 1.3 0 0
27 0 1.3 1 1
27 0 1.3 1 1
27 0 1.3 0 1
27 0 1.3 0 0
27 0 1.3 1 1
27 0 1.3 1 1
27 0 1.3 0 1
27 0 1.3 0 0
27 0 1.3 0 0
27 0 1.3 1 0
27 0 1.3 1 1
27 0 1.3 1 1
27 0 1.3 0 0
27 0 1.3 1 1
27 0 1.3 0 0
27 0 1.3 1 1
28 0 1.56667 0 1
28 0 1.56667 0 0
28 0 1.56667 1 1
28 0 1.56667 0 0
28 0 1.56667 0 1
28 0 1.56667 1 1
28 0 1.56667 0 0
28 0 1.56667 1 1
28 0 1.56667 1 0
28 0 1.56667 1 1
28 0 1.56667 1 1
28 0 1.56667 0 0
28 0 1.56667 0 0
28 0 1.56667 1 0
28 0 1.56667 0 0
28 0 1.56667 0 0
28 0 1.56667 0 0
28 0 1.56667 1 1
28 0 1.56667 0 1
28 0 1.56667 1 0
28 0 1.56667 0 1
28 0 1.56667 1 0
28 0 1.56667 0 0
28 0 1.56667 0 0
28 0 1.56667 1 1
28 0 1.56667 1 1
28 0 1.56667 0 1
28 0 1.56667 0 0
28 0 1.56667 0 0
28 0 1.56667 1 0
28 0 1.56667 1 1
28 0 1.56667 0 0
28 0 1.56667 0 1
28 0 1.56667 0 0
28 0 1.56667 0 0
28 0 1.56667 1 0
28 0 1.56667 0 1
28 0 1.56667 0 0
28 0 1.56667 0 0
28 0 1.56667 0 0
28 0 1.56667 0 0
28 0 1.56667 0 0
28 0 1.56667 1 0
28 0 1.56667 0 0
28 0 1.56667 1 0
28 0 1.56667 1 1
28 0 1.56667 1 1
28 0 1.56667 0 0
28 0 1.56667 0 0
28 0 1.56667 0 0
28 0 1.56667 1 1
28 0 1.56667 0 0
28 0 1.56667 0 0
28 0 1.56667 1 0
28 0 1.56667 1 1
29 0 1.83333 1 1
29 0 1.83333 0 0
29 0 1.83333 0 0
29 0 1.83333 0 0
29 0 1.83333 0 0
29 0 1.83333 1 1
29 0 1.83333 0 0
29 0 1.83333 1 1
29 0 1.83333 0 0
29 0 1.83333 1 1
29 0 1.83333 1 1
29 0 1.83333 1 1
29 0 1.83333 1 1
29 0 1.83333 1 1
29 0 1.83333 1 1
29 0 1.83333 1 1
29 0 1.83333 1 1
29 0 1.83333 0 0
29 0 1.83333 1 1
29 0 1.83333 1 1
29 0 1.83333 0 0
29 0 1.83333 1 1
29 0 1.83333 1 1
29 0 1.83333 1 1
29 0 1.83333 0 0
29 0 1.83333 0 0
29 0 1.83333 1 1
29 0 1.83333 1 1
29 0 1.83333 1 1
29 0 1.83333 1 0
29 0 1.83333 1 1
29 0 1.83333 1 1
29 0 1.83333 1 1
29 0 1.83333 1 0
29 0 1.83333 1 1
29 0 1.83333 0 0
29 0 1.83333 1 1
29 0 1.83333 1 1
29 0 1.83333 1 1
29 0 1.83333 0 0
29 0 1.83333 0 0
29 0 1.83333 0 0
29 0 1.83333 1 1
29 0 1.83333 0 0
29 0 1.83333 1 1
29 0 1.83333 1 1
29 0 1.83333 1 1
29 0 1.83333 0 0
29 0 1.83333 0 0
29 0 1.83333 1 1
29 0 1.83333 1 1
29 0 1.83333 0 0
29 0 1.83333 0 0
29 0 1.83333 0 0
29 0 1.83333 0 0
30 0 2.1 1 1
30 0 2.1 1 1
30 0 2.1 0 0
30 0 2.1 0 0
30 0 2.1 1 1
30 0 2.1 1 1
30 0 2.1 1 1
30 0 2.1 1 1
30 0 2.1 0 0
30 0 2.1 0 0
30 0 2.1 0 0
30 0 2.1 0 0
30 0 2.1 0 0
30 0 2.1 1 1
30 0 2.1 0 0
30 0 2.1 1 1
30 0 2.1 1 1
30 0 2.1 0 0
30 0 2.1 1 1
30 0 2.1 0 0
30 0 2.1 0 0
30 0 2.1 0 0
30 0 2.1 0 0
30 0 2.1 0 0
30 0 2.1 1 1
30 0 2.1 1 1
30 0 2.1 0 0
30 0 2.1 0 0
30 0 2.1 1 1
30 0 2.1 0 0
30 0 2.1 1 1
30 0 2.1 1 1
30 0 2.1 1 1
30 0 2.1 1 1
30 0 2.1 1 1
30 0 2.1 1 1
30 0 2.1 1 1
30 0 2.1 0 0
30 0 2.1 0 0
30 0 2.1 1 1
30 0 2.1 0 0
30 0 2.1 0 0
30 0 2.1 0 0
30 0 2.1 1 1
30 0 2.1 1 1
30 0 2.1 1 1
30 0 2.1 0 0
30 0 2.1 1 1
30 0 2.1 0 0
30 0 2.1 1 1
30 0 2.1 1 1
30 0 2.1 0 0
30 0 2.1 0 0
30 0 2.1 1 1
30 0 2.1 1 1
31 0 2.36667 0 1
31 0 2.36667 0 0
31 0 2.36667 0 0
31 0 2.36667 1 1
31 0 2.36667 0 0
31 0 2.36667 1 1
31 0 2.36667 1 1
31 0 2.36667 1 1
31 0 2.36667 1 1
31 0 2.36667 1 1
31 0 2.36667 0 0
31 0 2.36667 0 0
31 0 2.36667 0 0
31 0 2.36667 0 0
31 0 2.36667 1 1
31 0 2.36667 1 0
31 0 2.36667 1 1
31 0 2.36667 1 1
31 0 2.36667 0 0
31 0 2.36667 0 0
31 0 2.36667 1 1
31 0 2.36667 1 1
31 0 2.36667 1 1
31 0 2.36667 0 0
31 0 2.36667 0 0
31 0 2.36667 0 0
31 0 2.36667 1 1
31 0 2.36667 1 1
31 0 2.36667 0 0
31 0 2.36667 0 0
31 0 2.36667 0 0
31 0 2.36667 0 0
31 0 2.36667 1 1
31 0 2.36667 0 0
31 0 2.36667 0 0
31 0 2.36667 1 1
31 0 2.36667 0 0
31 0 2.36667 1 1
31 0 2.36667 1 1
31 0 2.36667 1 1
31 0 2.36667 1 1
31 0 2.36667 0 0
31 0 2.36667 0 0
31 0 2.36667 0 0
31 0 2.36667 1 1
31 0 2.36667 1 1
31 0 2.36667 1 1
31 0 2.36667 0 0
31 0 2.36667 0 0
31 0 2.36667 0 0
31 0 2.36667 1 0
31 0 2.36667 0 0
31 0 2.36667 1 1
31 0 2.36667 1 0
31 0 2.36667 1 1
80 1 0.6 0 1
80 1 0.6 0 1
80 1 0.6 0 1
80 1 0.6 1 0
80 1 0.6 1 1
80 1 0.6 1 0
80 1 0.6 1 1
80 1 0.6 0 1
80 1 0.6 0 0
80 1 0.6 0 0
80 1 0.6 1 0
80 1 0.6 1 0
80 1 0.6 1 0
80 1 0.6 1 1
80 1 0.6 0 1
80 1 0.6 0 0
80 1 0.6 0 1
80 1 0.6 0 1
80 1 0.6 0 0
80 1 0.6 1 0
80 1 0.6 1 1
80 1 0.6 1 0
80 1 0.6 1 1
80 1 0.6 1 0
80 1 0.6 0 1
80 1 0.6 0 0
80 1 0.6 0 1
80 1 0.6 0 0
80 1 0.6 0 0
80 1 0.6 1 0
80 1 0.6 1 1
80 1 0.6 0 1
80 1 0.6 1 0
80 1 0.6 1 1
80 1 0.6 1 1
80 1 0.6 0 1
80 1 0.6 1 0
80 1 0.6 0 0
80 1 0.6 0 1
80 1 0.6 1 0
80 1 0.6 1 1
80 1 0.6 0 1
80 1 0.6 0 0
80 1 0.6 0 0
80 1 0.6 1 0
80 1 0.6 0 1
80 1 0.6 0 0
80 1 0.6 0 0
80 1 0.6 1 0
80 1 0.6 1 0
80 1 0.6 0 1
80 1 0.6 0 0
80 1 0.6 1 0
80 1 0.6 0 1
80 1 0.6 1 0
81 1 0.8 0 0
81 1 0.8 0 1
81 1 0.8 1 1
81 1 0.8 1 0
81 1 0.8 1 1
81 1 0.8 0 1
81 1 0.8 0 1
81 1 0.8 1 0
81 1 0.8 0 0
81 1 0.8 0 1
81 1 0.8 1 1
81 1 0.8 0 0
81 1 0.8 0 0
81 1 0.8 0 0
81 1 0.8 0 0
81 1 0.8 0 0
81 1 0.8 1 0
81 1 0.8 0 1
81 1 0.8 0 1
81 1 0.8 0 0
81 1 0.8 1 1
81 1 0.8 1 0
81 1 0.8 1 1
81 1 0.8 0 1
81 1 0.8 1 0
81 1 0.8 0 1
81 1 0.8 0 0
81 1 0.8 0 1
81 1 0.8 0 0
81 1 0.8 1 1
81 1 0.8 0 0
81 1 0.8 1 0
81 1 0.8 0 1
81 1 0.8 1 1
81 1 0.8 0 1
81 1 0.8 0 0
81 1 0.8 1 1
81 1 0.8 0 0
81 1 0.8 0 0
81 1 0.8 0 0
81 1 0.8 1 1
81 1 0.8 1 1
81 1 0.8 0 1
81 1 0.8 0 0
81 1 0.8 1 0
81 1 0.8 1 1
81 1 0.8 0 1
81 1 0.8 0 0
81 1 0.8 1 1
81 1 0.8 0 1
81 1 0.8 0 0
81 1 0.8 1 1
81 1 0.8 0 0
81 1 0.8 0 1
81 1 0.8 0 0
82 1 1 0 0
82 1 1 0 1
82 1 1 0 0
82 1 1 1 1
82 1 1 0 0
82 1 1 1 0
82 1 1 0 0
82 1 1 1 0
82 1 1 0 0
82 1 1 1 1
82 1 1 1 1
82 1 1 1 1
82 1 1 0 0
82 1 1 1 1
82 1 1 0 0
82 1 1 0 0
82 1 1 0 1
82 1 1 1 1
82 1 1 1 1
82 1 1 0 0
82 1 1 1 0
82 1 1 0 1
82 1 1 1 1
82 1 1 0 1
82 1 1 0 0
82 1 1 1 0
82 1 1 1 1
82 1 1 0 1
82 1 1 0 0
82 1 1 0 1
82 1 1 0 0
82 1 1 1 0
82 1 1 1 1
82 1 1 0 0
82 1 1 0 0
82 1 1 0 0
82 1 1 0 0
82 1 1 0 0
82 1 1 1 0
82 1 1 1 0
82 1 1 1 0
82 1 1 0 1
82 1 1 1 1
82 1 1 1 1
82 1 1 1 1
82 1 1 0 0
82 1 1 0 0
82 1 1 0 0
82 1 1 0 0
82 1 1 0 0
82 1 1 0 0
82 1 1 0 0
82 1 1 1 0
82 1 1 0 0
82 1 1 1 1
83 1 1.2 1 1
83 1 1.2 0 0
83 1 1.2 1 0
83 1 1.2 1 1
83 1 1.2 0 1
83 1 1.2 1 0
83 1 1.2 0 1
83 1 1.2 1 1
83 1 1.2 1 1
83 1 1.2 1 1
83 1 1.2 1 1
83 1 1.2 0 1
83 1 1.2 0 0
83 1 1.2 1 1
83 1 1.2 1 1
83 1 1.2 0 0
83 1 1.2 0 0
83 1 1.2 1 1
83 1 1.2 0 0
83 1 1.2 1 1
83 1 1.2 0 0
83 1 1.2 0 0
83 1 1.2 0 0
83 1 1.2 0 1
83 1 1.2 0 1
83 1 1.2 1 1
83 1 1.2 0 0
83 1 1.2 0 0
83 1 1.2 1 1
83 1 1.2 0 0
83 1 1.2 1 1
83 1 1.2 1 1
83 1 1.2 0 0
83 1 1.2 0 1
83 1 1.2 0 0
83 1 1.2 0 0
83 1 1.2 0 0
83 1 1.2 1 1
83 1 1.2 1 1
83 1 1.2 0 0
83 1 1.2 0 0
83 1 1.2 1 1
83 1 1.2 0 0
83 1 1.2 0 0
83 1 1.2 1 1
83 1 1.2 1 1
83 1 1.2 0 1
83 1 1.2 0 0
83 1 1.2 0 0
83 1 1.2 0 1
83 1 1.2 0 0
83 1 1.2 0 0
83 1 1.2 0 0
83 1 1.2 0 0
83 1 1.2 1 1
84 1 1.4 0 0
84 1 1.4 1 1
84 1 1.4 0 0
84 1 1.4 1 1
84 1 1.4 1 1
84 1 1.4 1 1
84 1 1.4 0 0
84 1 1.4 1 1
84 1 1.4 0 0
84 1 1.4 0 0
84 1 1.4 0 0
84 1 1.4 1 1
84 1 1.4 1 1
84 1 1.4 1 1
84 1 1.4 1 1
84 1 1.4 0 0
84 1 1.4 0 0
84 1 1.4 0 0
84 1 1.4 1 1
84 1 1.4 1 0
84 1 1.4 1 1
84 1 1.4 1 0
84 1 1.4 1 1
84 1 1.4 1 1
84 1 1.4 1 1
84 1 1.4 0 0
84 1 1.4 1 1
84 1 1.4 1 1
84 1 1.4 0 0
84 1 1.4 1 1
84 1 1.4 0 1
84 1 1.4 0 1
84 1 1.4 0 0
84 1 1.4 1 1
84 1 1.4 1 1
84 1 1.4 0 0
84 1 1.4 1 1
84 1 1.4 1 1
84 1 1.4 0 0
84 1 1.4 0 0
84 1 1.4 0 1
84 1 1.4 1 1
84 1 1.4 0 0
84 1 1.4 0 0
84 1 1.4 1 1
84 1 1.4 0 0
84 1 1.4 1 1
84 1 1.4 0 0
84 1 1.4 0 1
84 1 1.4 0 0
84 1 1.4 0 0
84 1 1.4 0 0
84 1 1.4 1 1
84 1 1.4 1 1
84 1 1.4 0 0
85 1 1.6 1 1
85 1 1.6 1 1
85 1 1.6 1 1
85 1 1.6 1 1
85 1 1.6 1 1
85 1 1.6 1 1
85 1 1.6 0 0
85 1 1.6 0 0
85 1 1.6 0 0
85 1 1.6 0 0
85 1 1.6 0 0
85 1 1.6 1 1
85 1 1.6 1 1
85 1 1.6 0 0
85 1 1.6 1 1
85 1 1.6 0 0
85 1 1.6 0 0
85 1 1.6 1 1
85 1 1.6 0 0
85 1 1.6 1 1
85 1 1.6 0 0
85 1 1.6 0 0
85 1 1.6 1 1
85 1 1.6 0 0
85 1 1.6 1 1
85 1 1.6 0 0
85 1 1.6 1 1
85 1 1.6 1 1
85 1 1.6 1 1
85 1 1.6 0 0
85 1 1.6 0 0
85 1 1.6 0 0
85 1 1.6 0 0
85 1 1.6 1 1
85 1 1.6 0 0
85 1 1.6 1 1
85 1 1.6 1 1
85 1 1.6 1 1
85 1 1.6 0 0
85 1 1.6 1 1
85 1 1.6 0 0
85 1 1.6 1 1
85 1 1.6 0 0
85 1 1.6 1 1
85 1 1.6 0 0
85 1 1.6 0 0
85 1 1.6 0 0
85 1 1.6 0 0
85 1 1.6 1 1
85 1 1.6 0 0
85 1 1.6 1 1
85 1 1.6 0 0
85 1 1.6 1 1
85 1 1.6 0 0
85 1 1.6 0 0
86 1 1.8 1 1
86 1 1.8 1 1
86 1 1.8 0 0
86 1 1.8 0 0
86 1 1.8 1 1
86 1 1.8 1 1
86 1 1.8 1 1
86 1 1.8 0 1
86 1 1.8 1 1
86 1 1.8 0 0
86 1 1.8 1 1
86 1 1.8 1 1
86 1 1.8 0 0
86 1 1.8 1 1
86 1 1.8 1 1
86 1 1.8 0 0
86 1 1.8 0 0
86 1 1.8 0 0
86 1 1.8 1 1
86 1 1.8 1 1
86 1 1.8 0 0
86 1 1.8 1 1
86 1 1.8 1 1
86 1 1.8 0 0
86 1 1.8 0 0
86 1 1.8 1 1
86 1 1.8 0 0
86 1 1.8 0 0
86 1 1.8 1 1
86 1 1.8 0 0
86 1 1.8 0 0
86 1 1.8 0 0
86 1 1.8 0 0
86 1 1.8 1 1
86 1 1.8 1 1
86 1 1.8 0 0
86 1 1.8 0 0
86 1 1.8 1 1
86 1 1.8 1 1
86 1 1.8 0 0
86 1 1.8 0 0
86 1 1.8 1 1
86 1 1.8 1 1
86 1 1.8 1 1
86 1 1.8 1 1
86 1 1.8 1 1
86 1 1.8 1 1
86 1 1.8 1 1
86 1 1.8 1 1
86 1 1.8 1 1
86 1 1.8 0 0
86 1 1.8 1 1
86 1 1.8 0 0
86 1 1.8 1 1
86 1 1.8 1 1
87 1 2 1 1
87 1 2 0 0
87 1 2 1 1
87 1 2 0 0
87 1 2 0 0
87 1 2 0 0
87 1 2 1 1
87 1 2 1 1
87 1 2 1 1
87 1 2 0 0
87 1 2 1 1
87 1 2 1 1
87 1 2 0 0
87 1 2 0 0
87 1 2 1 0
87 1 2 0 0
87 1 2 0 0
87 1 2 1 1
87 1 2 0 0
87 1 2 0 0
87 1 2 0 0
87 1 2 0 0
87 1 2 1 1
87 1 2 0 0
87 1 2 0 0
87 1 2 0 0
87 1 2 1 1
87 1 2 1 1
87 1 2 1 1
87 1 2 1 1
87 1 2 0 0
87 1 2 0 0
87 1 2 1 1
87 1 2 1 1
87 1 2 0 0
87 1 2 1 1
87 1 2 1 1
87 1 2 0 0
87 1 2 1 1
87 1 2 1 1
87 1 2 1 1
87 1 2 0 0
87 1 2 0 0
87 1 2 1 1
87 1 2 1 1
87 1 2 0 0
87 1 2 0 0
87 1 2 0 0
87 1 2 0 0
87 1 2 1 1
87 1 2 1 1
87 1 2 1 1
87 1 2 0 0
87 1 2 1 1
87 1 2 1 1
104 1 0.5 1 1
104 1 0.5 0 1
104 1 0.5 1 1
104 1 0.5 1 0
104 1 0.5 1 1
104 1 0.5 0 1
104 1 0.5 1 0
104 1 0.5 0 1
104 1 0.5 1 0
104 1 0.5 0 1
104 1 0.5 1 0
104 1 0.5 0 1
104 1 0.5 0 1
104 1 0.5 0 1
104 1 0.5 0 0
104 1 0.5 1 0
104 1 0.5 0 0
104 1 0.5 1 0
104 1 0.5 0 1
104 1 0.5 1 0
104 1 0.5 0 1
104 1 0.5 0 0
104 1 0.5 1 0
104 1 0.5 1 1
104 1 0.5 0 1
104 1 0.5 0 1
104 1 0.5 0 0
104 1 0.5 0 0
104 1 0.5 0 0
104 1 0.5 0 1
104 1 0.5 0 0
104 1 0.5 0 0
104 1 0.5 0 1
104 1 0.5 1 0
104 1 0.5 0 1
104 1 0.5 0 0
104 1 0.5 1 0
104 1 0.5 0 1
104 1 0.5 0 0
104 1 0.5 1 0
104 1 0.5 1 1
104 1 0.5 1 1
104 1 0.5 1 1
104 1 0.5 0 1
104 1 0.5 0 0
104 1 0.5 0 0
104 1 0.5 0 0
104 1 0.5 0 1
104 1 0.5 1 0
104 1 0.5 1 0
104 1 0.5 1 0
104 1 0.5 0 0
104 1 0.5 0 1
104 1 0.5 1 0
104 1 0.5 1 1
105 1 0.7 1 1
105 1 0.7 0 0
105 1 0.7 0 0
105 1 0.7 0 0
105 1 0.7 0 0
105 1 0.7 0 0
105 1 0.7 1 1
105 1 0.7 1 0
105 1 0.7 1 1
105 1 0.7 0 1
105 1 0.7 1 1
105 1 0.7 1 0
105 1 0.7 0 0
105 1 0.7 0 1
105 1 0.7 0 0
105 1 0.7 0 0
105 1 0.7 0 0
105 1 0.7 0 0
105 1 0.7 0 0
105 1 0.7 1 0
105 1 0.7 0 1
105 1 0.7 1 0
105 1 0.7 1 1
105 1 0.7 1 1
105 1 0.7 1 0
105 1 0.7 1 1
105 1 0.7 1 1
105 1 0.7 1 1
105 1 0.7 0 1
105 1 0.7 0 0
105 1 0.7 0 0
105 1 0.7 0 0
105 1 0.7 0 0
105 1 0.7 1 0
105 1 0.7 1 1
105 1 0.7 0 1
105 1 0.7 1 0
105 1 0.7 0 1
105 1 0.7 0 1
105 1 0.7 1 1
105 1 0.7 0 1
105 1 0.7 1 1
105 1 0.7 0 1
105 1 0.7 0 0
105 1 0.7 1 1
105 1 0.7 0 1
105 1 0.7 1 0
105 1 0.7 0 1
105 1 0.7 1 0
105 1 0.7 1 1
105 1 0.7 1 1
105 1 0.7 0 1
105 1 0.7 0 0
105 1 0.7 0 1
105 1 0.7 0 0
106 1 0.9 1 1
106 1 0.9 1 0
106 1 0.9 0 0
106 1 0.9 1 1
106 1 0.9 0 1
106 1 0.9 0 0
106 1 0.9 1 0
106 1 0.9 1 1
106 1 0.9 0 1
106 1 0.9 0 1
106 1 0.9 0 1
106 1 0.9 1 1
106 1 0.9 0 1
106 1 0.9 0 0
106 1 0.9 0 0
106 1 0.9 1 0
106 1 0.9 1 1
106 1 0.9 0 0
106 1 0.9 0 1
106 1 0.9 1 0
106 1 0.9 0 0
106 1 0.9 1 0
106 1 0.9 1 1
106 1 0.9 0 0
106 1 0.9 1 0
106 1 0.9 1 1
106 1 0.9 0 0
106 1 0.9 1 1
106 1 0.9 0 0
106 1 0.9 1 1
106 1 0.9 1 1
106 1 0.9 1 1
106 1 0.9 1 1
106 1 0.9 0 0
106 1 0.9 0 0
106 1 0.9 1 0
106 1 0.9 1 1
106 1 0.9 0 0
106 1 0.9 0 0
106 1 0.9 1 0
106 1 0.9 0 0
106 1 0.9 1 1
106 1 0.9 0 0
106 1 0.9 0 0
106 1 0.9 0 1
106 1 0.9 0 0
106 1 0.9 0 0
106 1 0.9 1 0
106 1 0.9 0 1
106 1 0.9 0 0
106 1 0.9 1 1
106 1 0.9 0 0
106 1 0.9 1 1
106 1 0.9 1 1
106 1 0.9 0 0
107 1 1.1 0 0
107 1 1.1 1 1
107 1 1.1 1 0
107 1 1.1 0 0
107 1 1.1 1 1
107 1 1.1 1 1
107 1 1.1 0 1
107 1 1.1 0 0
107 1 1.1 0 0
107 1 1.1 1 0
107 1 1.1 0 1
107 1 1.1 0 0
107 1 1.1 1 0
107 1 1.1 0 0
107 1 1.1 1 1
107 1 1.1 0 0
107 1 1.1 0 1
107 1 1.1 0 0
107 1 1.1 0 1
107 1 1.1 0 0
107 1 1.1 1 1
107 1 1.1 1 1
107 1 1.1 0 0
107 1 1.1 0 0
107 1 1.1 0 0
107 1 1.1 0 0
107 1 1.1 1 1
107 1 1.1 0 0
107 1 1.1 1 1
107 1 1.1 0 0
107 1 1.1 1 1
107 1 1.1 0 0
107 1 1.1 1 1
107 1 1.1 1 1
107 1 1.1 1 1
107 1 1.1 0 0
107 1 1.1 1 1
107 1 1.1 0 0
107 1 1.1 0 0
107 1 1.1 0 0
107 1 1.1 1 0
107 1 1.1 1 1
107 1 1.1 0 0
107 1 1.1 1 1
107 1 1.1 0 0
107 1 1.1 1 1
107 1 1.1 0 0
107 1 1.1 0 0
107 1 1.1 1 1
107 1 1.1 1 1
107 1 1.1 0 0
107 1 1.1 0 0
107 1 1.1 0 0
107 1 1.1 0 0
107 1 1.1 1 1
108 1 1.3 1 1
108 1 1.3 0 0
108 1 1.3 0 0
108 1 1.3 1 1
108 1 1.3 0 0
108 1 1.3 0 0
108 1 1.3 0 0
108 1 1.3 1 1
108 1 1.3 1 1
108 1 1.3 0 0
108 1 1.3 0 0
108 1 1.3 1 1
108 1 1.3 1 1
108 1 1.3 0 0
108 1 1.3 0 0
108 1 1.3 1 1
108 1 1.3 0 0
108 1 1.3 0 1
108 1 1.3 1 1
108 1 1.3 0 0
108 1 1.3 0 0
108 1 1.3 0 0
108 1 1.3 1 1
108 1 1.3 1 1
108 1 1.3 0 0
108 1 1.3 0 0
108 1 1.3 1 1
108 1 1.3 1 1
108 1 1.3 1 1
108 1 1.3 0 0
108 1 1.3 1 1
108 1 1.3 0 0
108 1 1.3 1 1
108 1 1.3 1 1
108 1 1.3 0 0
108 1 1.3 1 1
108 1 1.3 1 1
108 1 1.3 0 0
108 1 1.3 0 1
108 1 1.3 0 0
108 1 1.3 1 1
108 1 1.3 1 1
108 1 1.3 0 0
108 1 1.3 1 1
108 1 1.3 1 1
108 1 1.3 0 1
108 1 1.3 0 0
108 1 1.3 1 1
108 1 1.3 0 0
108 1 1.3 0 0
108 1 1.3 1 1
108 1 1.3 0 0
108 1 1.3 0 0
108 1 1.3 1 1
108 1 1.3 0 0
109 1 1.5 0 0
109 1 1.5 0 0
109 1 1.5 0 0
109 1 1.5 0 1
109 1 1.5 1 1
109 1 1.5 1 0
109 1 1.5 0 1
109 1 1.5 0 0
109 1 1.5 1 1
109 1 1.5 0 0
109 1 1.5 0 0
109 1 1.5 1 1
109 1 1.5 1 1
109 1 1.5 0 0
109 1 1.5 0 0
109 1 1.5 0 0
109 1 1.5 0 0
109 1 1.5 0 0
109 1 1.5 0 0
109 1 1.5 0 0
109 1 1.5 0 0
109 1 1.5 1 1
109 1 1.5 0 0
109 1 1.5 0 0
109 1 1.5 1 1
109 1 1.5 1 1
109 1 1.5 1 1
109 1 1.5 0 0
109 1 1.5 0 0
109 1 1.5 1 1
109 1 1.5 0 0
109 1 1.5 0 0
109 1 1.5 1 1
109 1 1.5 0 0
109 1 1.5 0 0
109 1 1.5 0 0
109 1 1.5 0 1
109 1 1.5 0 0
109 1 1.5 1 1
109 1 1.5 0 0
109 1 1.5 0 0
109 1 1.5 0 0
109 1 1.5 1 1
109 1 1.5 1 1
109 1 1.5 1 1
109 1 1.5 0 0
109 1 1.5 1 1
109 1 1.5 0 0
109 1 1.5 0 0
109 1 1.5 0 0
109 1 1.5 0 0
109 1 1.5 1 1
109 1 1.5 0 0
109 1 1.5 1 0
109 1 1.5 0 0
110 1 1.7 0 0
110 1 1.7 1 1
110 1 1.7 1 1
110 1 1.7 0 0
110 1 1.7 0 0
110 1 1.7 1 1
110 1 1.7 1 1
110 1 1.7 0 0
110 1 1.7 0 0
110 1 1.7 1 1
110 1 1.7 1 1
110 1 1.7 1 1
110 1 1.7 1 1
110 1 1.7 1 1
110 1 1.7 1 1
110 1 1.7 1 1
110 1 1.7 1 1
110 1 1.7 1 1
110 1 1.7 0 0
110 1 1.7 1 1
110 1 1.7 0 0
110 1 1.7 1 1
110 1 1.7 1 1
110 1 1.7 0 0
110 1 1.7 1 1
110 1 1.7 0 0
110 1 1.7 1 1
110 1 1.7 1 1
110 1 1.7 1 1
110 1 1.7 0 0
110 1 1.7 1 1
110 1 1.7 0 0
110 1 1.7 0 0
110 1 1.7 0 0
110 1 1.7 1 1
110 1 1.7 1 1
110 1 1.7 1 1
110 1 1.7 1 1
110 1 1.7 0 0
110 1 1.7 0 0
110 1 1.7 0 0
110 1 1.7 1 1
110 1 1.7 1 1
110 1 1.7 1 1
110 1 1.7 1 1
110 1 1.7 1 1
110 1 1.7 1 1
110 1 1.7 1 1
110 1 1.7 0 0
110 1 1.7 1 1
110 1 1.7 1 1
110 1 1.7 0 0
110 1 1.7 1 1
110 1 1.7 0 0
110 1 1.7 0 0
111 1 1.9 1 1
111 1 1.9 0 0
111 1 1.9 1 1
111 1 1.9 1 1
111 1 1.9 0 0
111 1 1.9 1 1
111 1 1.9 1 1
111 1 1.9 1 1
111 1 1.9 0 0
111 1 1.9 0 0
111 1 1.9 1 1
111 1 1.9 1 1
111 1 1.9 0 0
111 1 1.9 0 0
111 1 1.9 0 0
111 1 1.9 0 0
111 1 1.9 1 1
111 1 1.9 1 1
111 1 1.9 1 1
111 1 1.9 0 0
111 1 1.9 1 1
111 1 1.9 1 1
111 1 1.9 0 0
111 1 1.9 0 0
111 1 1.9 0 0
111 1 1.9 1 1
111 1 1.9 1 0
111 1 1.9 1 0
111 1 1.9 1 1
111 1 1.9 0 0
111 1 1.9 0 0
111 1 1.9 0 0
111 1 1.9 1 1
111 1 1.9 1 1
111 1 1.9 1 1
111 1 1.9 1 1
111 1 1.9 0 0
111 1 1.9 0 0
111 1 1.9 0 0
111 1 1.9 0 0
111 1 1.9 0 0
111 1 1.9 1 1
111 1 1.9 1 1
111 1 1.9 1 1
111 1 1.9 1 1
111 1 1.9 1 1
111 1 1.9 0 0
111 1 1.9 0 0
111 1 1.9 0 0
111 1 1.9 0 0
111 1 1.9 0 0
111 1 1.9 1 1
111 1 1.9 1 1
111 1 1.9 0 0
111 1 1.9 1 1
161 2 0.533333 1 1
161 2 0.533333 0 1
161 2 0.533333 0 0
161 2 0.533333 1 0
161 2 0.533333 0 0
161 2 0.533333 0 0
161 2 0.533333 1 0
161 2 0.533333 1 1
161 2 0.533333 0 1
161 2 0.533333 1 0
161 2 0.533333 0 1
161 2 0.533333 1 0
161 2 0.533333 0 1
161 2 0.533333 0 0
161 2 0.533333 1 0
161 2 0.533333 0 1
161 2 0.533333 1 0
161 2 0.533333 0 1
161 2 0.533333 0 0
161 2 0.533333 0 0
161 2 0.533333 1 0
161 2 0.533333 0 1
161 2 0.533333 1 0
161 2 0.533333 1 1
161 2 0.533333 0 1
161 2 0.533333 1 0
161 2 0.533333 1 1
161 2 0.533333 0 0
161 2 0.533333 0 0
161 2 0.533333 1 0
161 2 0.533333 0 1
161 2 0.533333 0 0
161 2 0.533333 0 1
161 2 0.533333 1 0
161 2 0.533333 0 1
161 2 0.533333 1 0
161 2 0.533333 1 0
161 2 0.533333 1 1
161 2 0.533333 0 0
161 2 0.533333 0 0
161 2 0.533333 0 0
161 2 0.533333 1 0
161 2 0.533333 1 1
161 2 0.533333 1 1
161 2 0.533333 1 0
161 2 0.533333 0 0
161 2 0.533333 1 1
161 2 0.533333 0 0
161 2 0.533333 1 0
161 2 0.533333 0 0
161 2 0.533333 0 1
161 2 0.533333 1 0
161 2 0.533333 1 1
161 2 0.533333 0 0
161 2 0.533333 1 0
162 2 0.8 1 1
162 2 0.8 1 1
162 2 0.8 0 1
162 2 0.8 1 0
162 2 0.8 0 1
162 2 0.8 1 0
162 2 0.8 0 1
162 2 0.8 1 0
162 2 0.8 1 1
162 2 0.8 1 1
162 2 0.8 0 1
162 2 0.8 0 1
162 2 0.8 1 0
162 2 0.8 0 1
162 2 0.8 0 0
162 2 0.8 1 0
162 2 0.8 0 0
162 2 0.8 0 1
162 2 0.8 1 1
162 2 0.8 0 0
162 2 0.8 0 0
162 2 0.8 1 0
162 2 0.8 1 1
162 2 0.8 0 0
162 2 0.8 1 1
162 2 0.8 0 0
162 2 0.8 1 0
162 2 0.8 1 1
162 2 0.8 0 0
162 2 0.8 1 0
162 2 0.8 0 1
162 2 0.8 0 0
162 2 0.8 1 1
162 2 0.8 0 0
162 2 0.8 1 1
162 2 0.8 0 0
162 2 0.8 1 1
162 2 0.8 0 0
162 2 0.8 0 1
162 2 0.8 0 0
162 2 0.8 0 0
162 2 0.8 0 0
162 2 0.8 1 1
162 2 0.8 1 0
162 2 0.8 0 1
162 2 0.8 0 0
162 2 0.8 1 1
162 2 0.8 0 1
162 2 0.8 0 0
162 2 0.8 0 0
162 2 0.8 0 0
162 2 0.8 0 0
162 2 0.8 1 0
162 2 0.8 1 1
162 2 0.8 1 1
163 2 1.06667 0 1
163 2 1.06667 1 0
163 2 1.06667 0 1
163 2 1.06667 1 1
163 2 1.06667 1 1
163 2 1.06667 1 1
163 2 1.06667 0 0
163 2 1.06667 0 0
163 2 1.06667 1 1
163 2 1.06667 1 1
163 2 1.06667 1 1
163 2 1.06667 0 0
163 2 1.06667 0 0
163 2 1.06667 1 1
163 2 1.06667 0 0
163 2 1.06667 1 0
163 2 1.06667 0 0
163 2 1.06667 1 1
163 2 1.06667 1 1
163 2 1.06667 0 0
163 2 1.06667 0 0
163 2 1.06667 0 0
163 2 1.06667 0 0
163 2 1.06667 0 0
163 2 1.06667 1 0
163 2 1.06667 0 0
163 2 1.06667 1 1
163 2 1.06667 0 0
163 2 1.06667 1 1
163 2 1.06667 0 0
163 2 1.06667 1 1
163 2 1.06667 0 0
163 2 1.06667 0 0
163 2 1.06667 0 0
163 2 1.06667 0 0
163 2 1.06667 0 0
163 2 1.06667 0 0
163 2 1.06667 1 0
163 2 1.06667 0 0
163 2 1.06667 1 0
163 2 1.06667 1 0
163 2 1.06667 1 1
163 2 1.06667 0 0
163 2 1.06667 1 0
163 2 1.06667 0 0
163 2 1.06667 1 0
163 2 1.06667 0 0
163 2 1.06667 0 1
163 2 1.06667 1 1
163 2 1.06667 1 1
163 2 1.06667 1 1
163 2 1.06667 1 1
163 2 1.06667 0 0
163 2 1.06667 0 0
163 2 1.06667 1 1
164 2 1.33333 1 1
164 2 1.33333 1 1
164 2 1.33333 1 1
164 2 1.33333 1 1
164 2 1.33333 0 0
164 2 1.33333 0 0
164 2 1.33333 0 0
164 2 1.33333 1 1
164 2 1.33333 0 0
164 2 1.33333 0 0
164 2 1.33333 0 0
164 2 1.33333 1 1
164 2 1.33333 0 0
164 2 1.33333 1 1
164 2 1.33333 0 0
164 2 1.33333 1 1
164 2 1.33333 0 0
164 2 1.33333 1 1
164 2 1.33333 1 1
164 2 1.33333 1 1
164 2 1.33333 1 1
164 2 1.33333 1 1
164 2 1.33333 1 1
164 2 1.33333 1 1
164 2 1.33333 0 0
164 2 1.33333 0 0
164 2 1.33333 1 1
164 2 1.33333 0 0
164 2 1.33333 1 1
164 2 1.33333 1 1
164 2 1.33333 1 1
164 2 1.33333 0 0
164 2 1.33333 0 0
164 2 1.33333 1 1
164 2 1.33333 0 0
164 2 1.33333 0 0
164 2 1.33333 1 1
164 2 1.33333 1 0
164 2 1.33333 1 1
164 2 1.33333 1 0
164 2 1.33333 1 0
164 2 1.33333 1 1
164 2 1.33333 1 1
164 2 1.33333 0 0
164 2 1.33333 1 1
164 2 1.33333 0 0
164 2 1.33333 0 0
164 2 1.33333 1 1
164 2 1.33333 1 1
164 2 1.33333 1 1
164 2 1.33333 0 0
164 2 1.33333 0 0
164 2 1.33333 1 1
164 2 1.33333 0 0
164 2 1.33333 1 1
165 2 1.6 0 0
165 2 1.6 1 1
165 2 1.6 0 0
165 2 1.6 0 0
165 2 1.6 0 0
165 2 1.6 0 0
165 2 1.6 1 1
165 2 1.6 0 0
165 2 1.6 1 1
165 2 1.6 0 0
165 2 1.6 1 1
165 2 1.6 1 1
165 2 1.6 0 0
165 2 1.6 1 1
165 2 1.6 1 1
165 2 1.6 0 0
165 2 1.6 1 1
165 2 1.6 1 1
165 2 1.6 0 0
165 2 1.6 0 0
165 2 1.6 0 0
165 2 1.6 0 0
165 2 1.6 0 0
165 2 1.6 1 1
165 2 1.6 1 1
165 2 1.6 1 1
165 2 1.6 0 0
165 2 1.6 1 1
165 2 1.6 0 0
165 2 1.6 1 1
165 2 1.6 0 0
165 2 1.6 0 0
165 2 1.6 0 0
165 2 1.6 0 0
165 2 1.6 1 1
165 2 1.6 1 1
165 2 1.6 0 0
165 2 1.6 1 1
165 2 1.6 1 1
165 2 1.6 0 0
165 2 1.6 1 1
165 2 1.6 0 0
165 2 1.6 0 0
165 2 1.6 0 0
165 2 1.6 1 1
165 2 1.6 0 0
165 2 1.6 0 0
165 2 1.6 0 0
165 2 1.6 1 1
165 2 1.6 1 1
165 2 1.6 0 0
165 2 1.6 0 0
165 2 1.6 0 0
165 2 1.6 0 0
165 2 1.6 0 0
166 2 1.86667 1 1
166 2 1.86667 0 0
166 2 1.86667 0 0
166 2 1.86667 0 0
166 2 1.86667 1 1
166 2 1.86667 1 1
166 2 1.86667 1 1
166 2 1.86667 0 0
166 2 1.86667 0 0
166 2 1.86667 0 0
166 2 1.86667 1 1
166 2 1.86667 1 1
166 2 1.86667 0 0
166 2 1.86667 0 0
166 2 1.86667 0 0
166 2 1.86667 1 1
166 2 1.86667 1 1
166 2 1.86667 1 1
166 2 1.86667 0 0
166 2 1.86667 1 1
166 2 1.86667 0 0
166 2 1.86667 1 1
166 2 1.86667 0 0
166 2 1.86667 0 0
166 2 1.86667 1 1
166 2 1.86667 1 1
166 2 1.86667 0 0
166 2 1.86667 1 1
166 2 1.86667 1 1
166 2 1.86667 0 0
166 2 1.86667 0 0
166 2 1.86667 1 1
166 2 1.86667 1 1
166 2 1.86667 1 1
166 2 1.86667 1 1
166 2 1.86667 0 0
166 2 1.86667 0 0
166 2 1.86667 0 0
166 2 1.86667 1 1
166 2 1.86667 1 1
166 2 1.86667 1 1
166 2 1.86667 0 0
166 2 1.86667 1 1
166 2 1.86667 0 0
166 2 1.86667 0 0
166 2 1.86667 0 0
166 2 1.86667 1 1
166 2 1.86667 1 1
166 2 1.86667 0 0
166 2 1.86667 0 0
166 2 1.86667 1 1
166 2 1.86667 1 1
166 2 1.86667 1 1
166 2 1.86667 1 1
166 2 1.86667 0 0
167 2 2.13333 0 0
167 2 2.13333 1 1
167 2 2.13333 1 1
167 2 2.13333 0 0
167 2 2.13333 0 0
167 2 2.13333 0 0
167 2 2.13333 0 0
167 2 2.13333 1 1
167 2 2.13333 0 0
167 2 2.13333 0 0
167 2 2.13333 1 1
167 2 2.13333 1 1
167 2 2.13333 1 1
167 2 2.13333 0 0
167 2 2.13333 1 1
167 2 2.13333 0 0
167 2 2.13333 0 0
167 2 2.13333 1 1
167 2 2.13333 1 1
167 2 2.13333 1 1
167 2 2.13333 0 0
167 2 2.13333 0 0
167 2 2.13333 0 0
167 2 2.13333 1 1
167 2 2.13333 0 0
167 2 2.13333 1 1
167 2 2.13333 0 0
167 2 2.13333 0 0
167 2 2.13333 0 0
167 2 2.13333 1 1
167 2 2.13333 1 1
167 2 2.13333 1 1
167 2 2.13333 0 0
167 2 2.13333 1 1
167 2 2.13333 0 0
167 2 2.13333 0 0
167 2 2.13333 0 0
167 2 2.13333 0 0
167 2 2.13333 0 0
167 2 2.13333 1 1
167 2 2.13333 0 0
167 2 2.13333 1 1
167 2 2.13333 0 0
167 2 2.13333 1 1
167 2 2.13333 1 1
167 2 2.13333 1 1
167 2 2.13333 1 1
167 2 2.13333 1 1
167 2 2.13333 0 0
167 2 2.13333 0 0
167 2 2.13333 0 0
167 2 2.13333 1 1
167 2 2.13333 1 1
167 2 2.13333 0 0
167 2 2.13333 1 1
168 2 2.4 1 1
168 2 2.4 1 1
168 2 2.4 0 0
168 2 2.4 0 0
168 2 2.4 1 1
168 2 2.4 1 1
168 2 2.4 0 0
168 2 2.4 0 0
168 2 2.4 1 1
168 2 2.4 1 1
168 2 2.4 0 0
168 2 2.4 1 1
168 2 2.4 0 0
168 2 2.4 0 0
168 2 2.4 0 0
168 2 2.4 1 1
168 2 2.4 0 0
168 2 2.4 0 0
168 2 2.4 1 1
168 2 2.4 0 0
168 2 2.4 1 1
168 2 2.4 0 0
168 2 2.4 0 0
168 2 2.4 0 0
168 2 2.4 1 1
168 2 2.4 0 0
168 2 2.4 1 1
168 2 2.4 0 0
168 2 2.4 0 0
168 2 2.4 0 0
168 2 2.4 1 1
168 2 2.4 0 0
168 2 2.4 0 0
168 2 2.4 1 1
168 2 2.4 0 0
168 2 2.4 0 0
168 2 2.4 1 1
168 2 2.4 1 1
168 2 2.4 1 1
168 2 2.4 1 1
168 2 2.4 1 1
168 2 2.4 1 1
168 2 2.4 1 1
168 2 2.4 1 1
168 2 2.4 1 1
168 2 2.4 0 0
168 2 2.4 0 0
168 2 2.4 0 0
168 2 2.4 0 0
168 2 2.4 0 0
168 2 2.4 1 1
168 2 2.4 0 0
168 2 2.4 0 0
168 2 2.4 1 1
168 2 2.4 0 0
185 2 0.4 0 1
185 2 0.4 0 0
185 2 0.4 1 0
185 2 0.4 0 1
185 2 0.4 1 0
185 2 0.4 1 1
185 2 0.4 1 1
185 2 0.4 0 0
185 2 0.4 0 0
185 2 0.4 1 1
185 2 0.4 1 0
185 2 0.4 1 0
185 2 0.4 0 1
185 2 0.4 1 0
185 2 0.4 1 1
185 2 0.4 0 1
185 2 0.4 1 0
185 2 0.4 1 1
185 2 0.4 1 1
185 2 0.4 0 1
185 2 0.4 1 0
185 2 0.4 1 1
185 2 0.4 1 1
185 2 0.4 0 1
185 2 0.4 1 0
185 2 0.4 0 1
185 2 0.4 1 0
185 2 0.4 1 1
185 2 0.4 0 0
185 2 0.4 1 1
185 2 0.4 0 0
185 2 0.4 0 1
185 2 0.4 1 0
185 2 0.4 0 1
185 2 0.4 1 0
185 2 0.4 0 1
185 2 0.4 0 0
185 2 0.4 1 1
185 2 0.4 1 0
185 2 0.4 0 1
185 2 0.4 0 0
185 2 0.4 1 1
185 2 0.4 1 0
185 2 0.4 0 1
185 2 0.4 1 0
185 2 0.4 1 1
185 2 0.4 0 1
185 2 0.4 0 1
185 2 0.4 1 0
185 2 0.4 0 1
185 2 0.4 1 1
185 2 0.4 0 1
185 2 0.4 0 0
185 2 0.4 1 0
185 2 0.4 1 1
186 2 0.613333 1 0
186 2 0.613333 1 1
186 2 0.613333 0 0
186 2 0.613333 1 0
186 2 0.613333 0 1
186 2 0.613333 1 0
186 2 0.613333 1 0
186 2 0.613333 0 0
186 2 0.613333 0 0
186 2 0.613333 0 0
186 2 0.613333 1 0
186 2 0.613333 0 1
186 2 0.613333 1 1
186 2 0.613333 0 0
186 2 0.613333 1 1
186 2 0.613333 1 0
186 2 0.613333 0 1
186 2 0.613333 0 1
186 2 0.613333 1 0
186 2 0.613333 0 0
186 2 0.613333 1 0
186 2 0.613333 1 1
186 2 0.613333 0 0
186 2 0.613333 1 0
186 2 0.613333 0 1
186 2 0.613333 0 0
186 2 0.613333 0 1
186 2 0.613333 0 0
186 2 0.613333 0 1
186 2 0.613333 0 1
186 2 0.613333 1 0
186 2 0.613333 0 1
186 2 0.613333 1 1
186 2 0.613333 1 1
186 2 0.613333 1 1
186 2 0.613333 1 1
186 2 0.613333 1 1
186 2 0.613333 0 1
186 2 0.613333 1 1
186 2 0.613333 1 1
186 2 0.613333 0 1
186 2 0.613333 1 1
186 2 0.613333 0 1
186 2 0.613333 0 1
186 2 0.613333 1 0
186 2 0.613333 1 1
186 2 0.613333 0 0
186 2 0.613333 0 0
186 2 0.613333 1 0
186 2 0.613333 1 1
186 2 0.613333 0 0
186 2 0.613333 0 0
186 2 0.613333 0 0
186 2 0.613333 0 0
186 2 0.613333 1 0
187 2 0.826667 1 1
187 2 0.826667 1 1
187 2 0.826667 1 0
187 2 0.826667 0 0
187 2 0.826667 1 1
187 2 0.826667 1 0
187 2 0.826667 0 0
187 2 0.826667 1 1
187 2 0.826667 1 1
187 2 0.826667 1 1
187 2 0.826667 1 0
187 2 0.826667 0 0
187 2 0.826667 1 0
187 2 0.826667 0 1
187 2 0.826667 1 1
187 2 0.826667 0 0
187 2 0.826667 1 1
187 2 0.826667 0 1
187 2 0.826667 1 1
187 2 0.826667 0 0
187 2 0.826667 1 1
187 2 0.826667 0 0
187 2 0.826667 0 0
187 2 0.826667 1 0
187 2 0.826667 0 0
187 2 0.826667 0 0
187 2 0.826667 1 1
187 2 0.826667 1 1
187 2 0.826667 1 0
187 2 0.826667 0 1
187 2 0.826667 1 1
187 2 0.826667 1 1
187 2 0.826667 1 1
187 2 0.826667 1 1
187 2 0.826667 1 0
187 2 0.826667 1 1
187 2 0.826667 1 1
187 2 0.826667 1 1
187 2 0.826667 1 1
187 2 0.826667 0 0
187 2 0.826667 1 1
187 2 0.826667 1 1
187 2 0.826667 1 1
187 2 0.826667 1 1
187 2 0.826667 0 1
187 2 0.826667 0 0
187 2 0.826667 0 0
187 2 0.826667 1 1
187 2 0.826667 1 0
187 2 0.826667 1 1
187 2 0.826667 1 1
187 2 0.826667 1 0
187 2 0.826667 1 0
187 2 0.826667 1 0
187 2 0.826667 0 0
188 2 1.04 0 0
188 2 1.04 0 0
188 2 1.04 1 1
188 2 1.04 1 1
188 2 1.04 1 1
188 2 1.04 0 0
188 2 1.04 0 0
188 2 1.04 1 1
188 2 1.04 0 0
188 2 1.04 1 1
188 2 1.04 1 1
188 2 1.04 1 1
188 2 1.04 1 1
188 2 1.04 0 0
188 2 1.04 0 0
188 2 1.04 1 1
188 2 1.04 1 1
188 2 1.04 1 1
188 2 1.04 1 1
188 2 1.04 0 0
188 2 1.04 0 0
188 2 1.04 0 0
188 2 1.04 1 0
188 2 1.04 0 0
188 2 1.04 0 0
188 2 1.04 0 0
188 2 1.04 0 0
188 2 1.04 0 0
188 2 1.04 1 1
188 2 1.04 0 0
188 2 1.04 1 1
188 2 1.04 1 1
188 2 1.04 0 0
188 2 1.04 1 1
188 2 1.04 0 0
188 2 1.04 1 1
188 2 1.04 1 1
188 2 1.04 0 0
188 2 1.04 0 0
188 2 1.04 1 1
188 2 1.04 1 1
188 2 1.04 1 1
188 2 1.04 0 0
188 2 1.04 0 0
188 2 1.04 0 0
188 2 1.04 1 1
188 2 1.04 0 0
188 2 1.04 1 1
188 2 1.04 1 1
188 2 1.04 0 0
188 2 1.04 0 0
188 2 1.04 1 1
188 2 1.04 1 1
188 2 1.04 0 0
188 2 1.04 0 0
189 2 1.25333 0 0
189 2 1.25333 1 0
189 2 1.25333 0 0
189 2 1.25333 0 0
189 2 1.25333 1 1
189 2 1.25333 0 0
189 2 1.25333 0 0
189 2 1.25333 1 0
189 2 1.25333 1 1
189 2 1.25333 0 0
189 2 1.25333 0 0
189 2 1.25333 0 0
189 2 1.25333 1 1
189 2 1.25333 1 1
189 2 1.25333 0 0
189 2 1.25333 1 1
189 2 1.25333 0 0
189 2 1.25333 1 1
189 2 1.25333 0 0
189 2 1.25333 0 0
189 2 1.25333 1 1
189 2 1.25333 1 1
189 2 1.25333 0 0
189 2 1.25333 1 1
189 2 1.25333 1 1
189 2 1.25333 0 0
189 2 1.25333 1 1
189 2 1.25333 1 1
189 2 1.25333 0 0
189 2 1.25333 1 1
189 2 1.25333 0 0
189 2 1.25333 0 0
189 2 1.25333 0 0
189 2 1.25333 1 1
189 2 1.25333 0 0
189 2 1.25333 1 1
189 2 1.25333 0 0
189 2 1.25333 1 1
189 2 1.25333 0 0
189 2 1.25333 0 0
189 2 1.25333 1 1
189 2 1.25333 1 1
189 2 1.25333 1 1
189 2 1.25333 1 1
189 2 1.25333 1 1
189 2 1.25333 0 0
189 2 1.25333 1 1
189 2 1.25333 1 1
189 2 1.25333 0 0
189 2 1.25333 0 0
189 2 1.25333 1 1
189 2 1.25333 1 1
189 2 1.25333 1 1
189 2 1.25333 0 0
189 2 1.25333 0 0
190 2 1.46667 1 1
190 2 1.46667 0 0
190 2 1.46667 1 1
190 2 1.46667 0 0
190 2 1.46667 1 1
190 2 1.46667 1 1
190 2 1.46667 1 0
190 2 1.46667 0 0
190 2 1.46667 1 1
190 2 1.46667 1 1
190 2 1.46667 1 1
190 2 1.46667 0 0
190 2 1.46667 0 0
190 2 1.46667 0 0
190 2 1.46667 1 1
190 2 1.46667 1 1
190 2 1.46667 1 1
190 2 1.46667 1 1
190 2 1.46667 1 1
190 2 1.46667 1 1
190 2 1.46667 0 0
190 2 1.46667 0 0
190 2 1.46667 0 0
190 2 1.46667 1 1
190 2 1.46667 1 1
190 2 1.46667 0 0
190 2 1.46667 1 1
190 2 1.46667 1 1
190 2 1.46667 1 1
190 2 1.46667 0 0
190 2 1.46667 1 1
190 2 1.46667 1 1
190 2 1.46667 1 1
190 2 1.46667 1 1
190 2 1.46667 0 0
190 2 1.46667 0 0
190 2 1.46667 1 1
190 2 1.46667 1 1
190 2 1.46667 0 0
190 2 1.46667 1 1
190 2 1.46667 0 0
190 2 1.46667 1 1
190 2 1.46667 1 1
190 2 1.46667 0 0
190 2 1.46667 0 0
190 2 1.46667 1 1
190 2 1.46667 1 1
190 2 1.46667 0 0
190 2 1.46667 1 1
190 2 1.46667 1 1
190 2 1.46667 1 1
190 2 1.46667 1 1
190 2 1.46667 1 1
190 2 1.46667 0 0
190 2 1.46667 1 1
191 2 1.68 0 0
191 2 1.68 1 1
191 2 1.68 0 0
191 2 1.68 1 1
191 2 1.68 1 1
191 2 1.68 0 0
191 2 1.68 0 0
191 2 1.68 1 1
191 2 1.68 1 1
191 2 1.68 0 0
191 2 1.68 1 1
191 2 1.68 1 1
191 2 1.68 0 0
191 2 1.68 1 1
191 2 1.68 1 1
191 2 1.68 0 0
191 2 1.68 1 1
191 2 1.68 1 1
191 2 1.68 1 1
191 2 1.68 0 0
191 2 1.68 0 0
191 2 1.68 0 0
191 2 1.68 1 1
191 2 1.68 1 1
191 2 1.68 0 0
191 2 1.68 1 1
191 2 1.68 1 1
191 2 1.68 0 0
191 2 1.68 0 0
191 2 1.68 0 0
191 2 1.68 0 0
191 2 1.68 1 1
191 2 1.68 0 0
191 2 1.68 1 1
191 2 1.68 1 1
191 2 1.68 0 0
191 2 1.68 0 0
191 2 1.68 0 0
191 2 1.68 1 1
191 2 1.68 0 0
191 2 1.68 1 1
191 2 1.68 0 0
191 2 1.68 0 0
191 2 1.68 1 1
191 2 1.68 1 1
191 2 1.68 1 1
191 2 1.68 0 0
191 2 1.68 0 0
191 2 1.68 1 1
191 2 1.68 1 1
191 2 1.68 0 0
191 2 1.68 0 0
191 2 1.68 1 1
191 2 1.68 0 0
191 2 1.68 1 1
192 2 1.89333 0 0
192 2 1.89333 1 1
192 2 1.89333 1 1
192 2 1.89333 1 1
192 2 1.89333 0 0
192 2 1.89333 0 0
192 2 1.89333 1 1
192 2 1.89333 1 1
192 2 1.89333 1 1
192 2 1.89333 1 1
192 2 1.89333 1 1
192 2 1.89333 0 0
192 2 1.89333 0 0
192 2 1.89333 0 0
192 2 1.89333 0 0
192 2 1.89333 1 1
192 2 1.89333 0 0
192 2 1.89333 1 1
192 2 1.89333 1 1
192 2 1.89333 0 0
192 2 1.89333 0 0
192 2 1.89333 1 1
192 2 1.89333 1 1
192 2 1.89333 1 1
192 2 1.89333 0 0
192 2 1.89333 0 0
192 2 1.89333 1 1
192 2 1.89333 0 0
192 2 1.89333 1 1
192 2 1.89333 1 1
192 2 1.89333 0 0
192 2 1.89333 0 0
192 2 1.89333 1 1
192 2 1.89333 1 1
192 2 1.89333 1 1
192 2 1.89333 0 0
192 2 1.89333 1 1
192 2 1.89333 1 1
192 2 1.89333 0 0
192 2 1.89333 0 0
192 2 1.89333 1 1
192 2 1.89333 1 1
192 2 1.89333 0 0
192 2 1.89333 0 0
192 2 1.89333 0 0
192 2 1.89333 0 0
192 2 1.89333 1 1
192 2 1.89333 1 1
192 2 1.89333 0 0
192 2 1.89333 1 1
192 2 1.89333 1 1
192 2 1.89333 1 1
192 2 1.89333 0 0
192 2 1.89333 0 0
192 2 1.89333 1 1
241 3 0.546667 0 0
241 3 0.546667 1 0
241 3 0.546667 1 1
241 3 0.546667 0 0
241 3 0.546667 0 1
241 3 0.546667 0 1
241 3 0.546667 0 0
241 3 0.546667 0 0
241 3 0.546667 1 1
241 3 0.546667 1 1
241 3 0.546667 0 1
241 3 0.546667 0 0
241 3 0.546667 1 1
241 3 0.546667 1 1
241 3 0.546667 0 1
241 3 0.546667 0 0
241 3 0.546667 0 0
241 3 0.546667 1 0
241 3 0.546667 1 1
241 3 0.546667 1 1
241 3 0.546667 0 1
241 3 0.546667 1 1
241 3 0.546667 0 1
241 3 0.546667 1 0
241 3 0.546667 1 1
241 3 0.546667 1 1
241 3 0.546667 0 1
241 3 0.546667 0 0
241 3 0.546667 0 0
241 3 0.546667 0 0
241 3 0.546667 0 0
241 3 0.546667 0 0
241 3 0.546667 1 0
241 3 0.546667 1 0
241 3 0.546667 1 0
241 3 0.546667 1 0
241 3 0.546667 1 1
241 3 0.546667 1 0
241 3 0.546667 1 1
241 3 0.546667 0 1
241 3 0.546667 0 0
241 3 0.546667 1 1
241 3 0.546667 0 1
241 3 0.546667 1 1
241 3 0.546667 1 1
241 3 0.546667 0 1
241 3 0.546667 0 0
241 3 0.546667 1 0
241 3 0.546667 0 1
241 3 0.546667 0 1
241 3 0.546667 1 1
241 3 0.546667 0 1
241 3 0.546667 0 0
241 3 0.546667 1 0
241 3 0.546667 1 1
242 3 0.84 1 0
242 3 0.84 1 1
242 3 0.84 1 1
242 3 0.84 1 0
242 3 0.84 1 1
242 3 0.84 1 0
242 3 0.84 0 1
242 3 0.84 0 0
242 3 0.84 1 0
242 3 0.84 1 0
242 3 0.84 1 1
242 3 0.84 0 1
242 3 0.84 0 1
242 3 0.84 1 1
242 3 0.84 0 1
242 3 0.84 0 1
242 3 0.84 1 1
242 3 0.84 0 1
242 3 0.84 1 1
242 3 0.84 0 1
242 3 0.84 1 0
242 3 0.84 1 1
242 3 0.84 0 1
242 3 0.84 1 0
242 3 0.84 0 1
242 3 0.84 0 0
242 3 0.84 0 0
242 3 0.84 1 0
242 3 0.84 0 0
242 3 0.84 1 0
242 3 0.84 0 1
242 3 0.84 0 1
242 3 0.84 0 0
242 3 0.84 1 0
242 3 0.84 1 0
242 3 0.84 1 1
242 3 0.84 0 1
242 3 0.84 1 1
242 3 0.84 1 1
242 3 0.84 1 1
242 3 0.84 0 1
242 3 0.84 0 0
242 3 0.84 0 0
242 3 0.84 1 0
242 3 0.84 1 1
242 3 0.84 1 1
242 3 0.84 1 1
242 3 0.84 1 1
242 3 0.84 1 1
242 3 0.84 1 1
242 3 0.84 0 0
242 3 0.84 0 1
242 3 0.84 1 0
242 3 0.84 1 0
242 3 0.84 1 0
243 3 1.13333 1 0
243 3 1.13333 0 1
243 3 1.13333 1 0
243 3 1.13333 0 1
243 3 1.13333 1 1
243 3 1.13333 1 0
243 3 1.13333 0 1
243 3 1.13333 1 0
243 3 1.13333 1 0
243 3 1.13333 0 1
243 3 1.13333 1 0
243 3 1.13333 1 1
243 3 1.13333 0 1
243 3 1.13333 1 1
243 3 1.13333 1 1
243 3 1.13333 0 0
243 3 1.13333 1 0
243 3 1.13333 0 1
243 3 1.13333 1 0
243 3 1.13333 0 1
243 3 1.13333 1 0
243 3 1.13333 0 0
243 3 1.13333 0 1
243 3 1.13333 1 0
243 3 1.13333 1 1
243 3 1.13333 0 1
243 3 1.13333 1 0
243 3 1.13333 0 1
243 3 1.13333 0 0
243 3 1.13333 0 0
243 3 1.13333 0 0
243 3 1.13333 1 0
243 3 1.13333 1 1
243 3 1.13333 0 1
243 3 1.13333 1 1
243 3 1.13333 1 1
243 3 1.13333 0 1
243 3 1.13333 1 0
243 3 1.13333 1 1
243 3 1.13333 0 1
243 3 1.13333 1 1
243 3 1.13333 1 1
243 3 1.13333 0 1
243 3 1.13333 0 1
243 3 1.13333 0 0
243 3 1.13333 0 0
243 3 1.13333 0 1
243 3 1.13333 1 0
243 3 1.13333 1 0
243 3 1.13333 0 1
243 3 1.13333 0 1
243 3 1.13333 0 1
243 3 1.13333 1 0
243 3 1.13333 0 1
243 3 1.13333 1 0
244 3 1.42667 0 0
244 3 1.42667 1 1
244 3 1.42667 1 0
244 3 1.42667 1 1
244 3 1.42667 1 1
244 3 1.42667 1 1
244 3 1.42667 1 1
244 3 1.42667 0 0
244 3 1.42667 0 0
244 3 1.42667 0 0
244 3 1.42667 1 1
244 3 1.42667 0 0
244 3 1.42667 0 0
244 3 1.42667 1 0
244 3 1.42667 0 0
244 3 1.42667 1 1
244 3 1.42667 1 0
244 3 1.42667 1 1
244 3 1.42667 1 1
244 3 1.42667 1 0
244 3 1.42667 0 0
244 3 1.42667 1 1
244 3 1.42667 0 1
244 3 1.42667 0 0
244 3 1.42667 1 1
244 3 1.42667 1 1
244 3 1.42667 0 1
244 3 1.42667 0 0
244 3 1.42667 0 0
244 3 1.42667 0 1
244 3 1.42667 1 1
244 3 1.42667 0 0
244 3 1.42667 0 1
244 3 1.42667 1 0
244 3 1.42667 1 1
244 3 1.42667 1 1
244 3 1.42667 0 0
244 3 1.42667 1 1
244 3 1.42667 0 0
244 3 1.42667 1 1
244 3 1.42667 0 0
244 3 1.42667 1 1
244 3 1.42667 0 0
244 3 1.42667 0 1
244 3 1.42667 0 0
244 3 1.42667 0 0
244 3 1.42667 1 0
244 3 1.42667 0 0
244 3 1.42667 0 0
244 3 1.42667 0 1
244 3 1.42667 1 1
244 3 1.42667 1 1
244 3 1.42667 0 0
244 3 1.42667 1 1
244 3 1.42667 0 1
245 3 1.72 0 0
245 3 1.72 0 1
245 3 1.72 1 1
245 3 1.72 0 1
245 3 1.72 1 1
245 3 1.72 0 0
245 3 1.72 0 0
245 3 1.72 1 1
245 3 1.72 0 1
245 3 1.72 0 0
245 3 1.72 1 1
245 3 1.72 0 0
245 3 1.72 0 0
245 3 1.72 0 0
245 3 1.72 0 0
245 3 1.72 1 1
245 3 1.72 0 0
245 3 1.72 1 1
245 3 1.72 1 1
245 3 1.72 0 0
245 3 1.72 0 0
245 3 1.72 1 1
245 3 1.72 0 0
245 3 1.72 0 0
245 3 1.72 1 1
245 3 1.72 0 0
245 3 1.72 1 1
245 3 1.72 1 1
245 3 1.72 0 1
245 3 1.72 0 0
245 3 1.72 1 0
245 3 1.72 0 1
245 3 1.72 1 1
245 3 1.72 0 0
245 3 1.72 1 1
245 3 1.72 1 1
245 3 1.72 0 0
245 3 1.72 0 0
245 3 1.72 1 1
245 3 1.72 0 0
245 3 1.72 1 0
245 3 1.72 0 0
245 3 1.72 0 0
245 3 1.72 1 1
245 3 1.72 0 0
245 3 1.72 1 1
245 3 1.72 1 1
245 3 1.72 1 1
245 3 1.72 1 1
245 3 1.72 1 1
245 3 1.72 0 0
245 3 1.72 1 1
245 3 1.72 1 1
245 3 1.72 1 1
245 3 1.72 1 1
246 3 2.01333 1 0
246 3 2.01333 0 0
246 3 2.01333 1 1
246 3 2.01333 1 1
246 3 2.01333 1 1
246 3 2.01333 0 0
246 3 2.01333 1 1
246 3 2.01333 0 0
246 3 2.01333 1 1
246 3 2.01333 0 0
246 3 2.01333 1 1
246 3 2.01333 1 0
246 3 2.01333 0 0
246 3 2.01333 0 0
246 3 2.01333 1 1
246 3 2.01333 1 1
246 3 2.01333 0 0
246 3 2.01333 1 1
246 3 2.01333 1 1
246 3 2.01333 1 1
246 3 2.01333 0 0
246 3 2.01333 0 0
246 3 2.01333 0 0
246 3 2.01333 1 1
246 3 2.01333 1 1
246 3 2.01333 0 0
246 3 2.01333 0 0
246 3 2.01333 1 1
246 3 2.01333 0 1
246 3 2.01333 0 0
246 3 2.01333 0 0
246 3 2.01333 0 0
246 3 2.01333 0 0
246 3 2.01333 0 0
246 3 2.01333 0 0
246 3 2.01333 1 1
246 3 2.01333 1 1
246 3 2.01333 0 0
246 3 2.01333 0 0
246 3 2.01333 1 1
246 3 2.01333 0 0
246 3 2.01333 1 1
246 3 2.01333 0 0
246 3 2.01333 1 1
246 3 2.01333 0 0
246 3 2.01333 0 0
246 3 2.01333 0 0
246 3 2.01333 0 0
246 3 2.01333 1 1
246 3 2.01333 0 0
246 3 2.01333 1 0
246 3 2.01333 0 1
246 3 2.01333 1 1
246 3 2.01333 1 1
246 3 2.01333 1 1
247 3 2.30667 0 0
247 3 2.30667 0 0
247 3 2.30667 0 0
247 3 2.30667 0 0
247 3 2.30667 1 1
247 3 2.30667 0 0
247 3 2.30667 1 1
247 3 2.30667 0 0
247 3 2.30667 0 0
247 3 2.30667 1 0
247 3 2.30667 1 1
247 3 2.30667 1 1
247 3 2.30667 1 1
247 3 2.30667 1 1
247 3 2.30667 0 0
247 3 2.30667 0 0
247 3 2.30667 1 1
247 3 2.30667 0 0
247 3 2.30667 1 1
247 3 2.30667 1 1
247 3 2.30667 0 0
247 3 2.30667 1 1
247 3 2.30667 0 0
247 3 2.30667 0 0
247 3 2.30667 1 1
247 3 2.30667 1 1
247 3 2.30667 1 1
247 3 2.30667 0 0
247 3 2.30667 1 1
247 3 2.30667 0 0
247 3 2.30667 1 1
247 3 2.30667 0 0
247 3 2.30667 0 0
247 3 2.30667 1 1
247 3 2.30667 0 0
247 3 2.30667 1 1
247 3 2.30667 1 0
247 3 2.30667 1 1
247 3 2.30667 1 1
247 3 2.30667 0 0
247 3 2.30667 0 0
247 3 2.30667 1 1
247 3 2.30667 0 0
247 3 2.30667 0 0
247 3 2.30667 0 0
247 3 2.30667 1 1
247 3 2.30667 1 1
247 3 2.30667 0 0
247 3 2.30667 1 1
247 3 2.30667 1 1
247 3 2.30667 0 0
247 3 2.30667 1 1
247 3 2.30667 0 0
247 3 2.30667 0 0
247 3 2.30667 0 0
248 3 2.6 1 1
248 3 2.6 1 1
248 3 2.6 1 1
248 3 2.6 0 0
248 3 2.6 1 1
248 3 2.6 0 0
248 3 2.6 1 1
248 3 2.6 1 1
248 3 2.6 1 1
248 3 2.6 0 0
248 3 2.6 0 0
248 3 2.6 0 0
248 3 2.6 0 0
248 3 2.6 0 0
248 3 2.6 0 0
248 3 2.6 1 1
248 3 2.6 1 1
248 3 2.6 0 0
248 3 2.6 1 1
248 3 2.6 1 0
248 3 2.6 1 1
248 3 2.6 1 1
248 3 2.6 1 1
248 3 2.6 0 0
248 3 2.6 1 1
248 3 2.6 1 1
248 3 2.6 0 0
248 3 2.6 1 1
248 3 2.6 1 0
248 3 2.6 1 1
248 3 2.6 0 0
248 3 2.6 0 0
248 3 2.6 0 0
248 3 2.6 0 0
248 3 2.6 0 0
248 3 2.6 0 0
248 3 2.6 0 0
248 3 2.6 1 1
248 3 2.6 0 0
248 3 2.6 1 1
248 3 2.6 1 1
248 3 2.6 1 1
248 3 2.6 1 1
248 3 2.6 0 0
248 3 2.6 0 0
248 3 2.6 1 1
248 3 2.6 0 0
248 3 2.6 1 1
248 3 2.6 1 1
248 3 2.6 1 1
248 3 2.6 1 1
248 3 2.6 1 1
248 3 2.6 0 0
248 3 2.6 0 0
248 3 2.6 0 0
273 3 0.4 1 1
273 3 0.4 0 0
273 3 0.4 1 1
273 3 0.4 0 0
273 3 0.4 1 1
273 3 0.4 0 1
273 3 0.4 1 0
273 3 0.4 1 1
273 3 0.4 1 1
273 3 0.4 0 1
273 3 0.4 0 1
273 3 0.4 1 1
273 3 0.4 0 1
273 3 0.4 0 0
273 3 0.4 1 0
273 3 0.4 1 1
273 3 0.4 0 1
273 3 0.4 1 0
273 3 0.4 1 1
273 3 0.4 0 1
273 3 0.4 1 0
273 3 0.4 1 1
273 3 0.4 1 1
273 3 0.4 0 1
273 3 0.4 0 1
273 3 0.4 0 0
273 3 0.4 1 0
273 3 0.4 0 1
273 3 0.4 1 0
273 3 0.4 1 1
273 3 0.4 1 1
273 3 0.4 0 1
273 3 0.4 0 1
273 3 0.4 0 0
273 3 0.4 1 0
273 3 0.4 0 1
273 3 0.4 1 1
273 3 0.4 1 1
273 3 0.4 1 1
273 3 0.4 1 1
273 3 0.4 1 1
273 3 0.4 1 1
273 3 0.4 0 1
273 3 0.4 0 1
273 3 0.4 1 1
273 3 0.4 1 1
273 3 0.4 0 1
273 3 0.4 0 1
273 3 0.4 0 0
273 3 0.4 1 0
273 3 0.4 0 1
273 3 0.4 0 1
273 3 0.4 1 0
273 3 0.4 0 0
273 3 0.4 1 1
274 3 0.693333 1 1
274 3 0.693333 1 0
274 3 0.693333 1 1
274 3 0.693333 1 0
274 3 0.693333 0 1
274 3 0.693333 1 0
274 3 0.693333 1 1
274 3 0.693333 0 0
274 3 0.693333 0 0
274 3 0.693333 0 0
274 3 0.693333 0 0
274 3 0.693333 1 1
274 3 0.693333 1 1
274 3 0.693333 0 1
274 3 0.693333 1 0
274 3 0.693333 1 1
274 3 0.693333 1 1
274 3 0.693333 1 1
274 3 0.693333 0 1
274 3 0.693333 1 1
274 3 0.693333 0 0
274 3 0.693333 1 0
274 3 0.693333 0 1
274 3 0.693333 0 1
274 3 0.693333 1 0
274 3 0.693333 0 1
274 3 0.693333 0 1
274 3 0.693333 0 0
274 3 0.693333 1 0
274 3 0.693333 0 1
274 3 0.693333 0 0
274 3 0.693333 0 0
274 3 0.693333 1 0
274 3 0.693333 1 1
274 3 0.693333 1 1
274 3 0.693333 1 1
274 3 0.693333 1 1
274 3 0.693333 1 1
274 3 0.693333 0 1
274 3 0.693333 1 1
274 3 0.693333 0 1
274 3 0.693333 0 0
274 3 0.693333 0 0
274 3 0.693333 1 1
274 3 0.693333 0 0
274 3 0.693333 1 0
274 3 0.693333 1 1
274 3 0.693333 0 1
274 3 0.693333 0 1
274 3 0.693333 1 0
274 3 0.693333 0 1
274 3 0.693333 1 1
274 3 0.693333 0 1
274 3 0.693333 0 1
274 3 0.693333 1 0
275 3 0.986667 1 0
275 3 0.986667 1 1
275 3 0.986667 0 0
275 3 0.986667 0 0
275 3 0.986667 0 0
275 3 0.986667 1 0
275 3 0.986667 1 1
275 3 0.986667 0 0
275 3 0.986667 0 1
275 3 0.986667 1 0
275 3 0.986667 0 1
275 3 0.986667 1 1
275 3 0.986667 0 1
275 3 0.986667 1 1
275 3 0.986667 0 1
275 3 0.986667 1 1
275 3 0.986667 0 1
275 3 0.986667 1 0
275 3 0.986667 0 1
275 3 0.986667 0 1
275 3 0.986667 1 0
275 3 0.986667 1 1
275 3 0.986667 0 1
275 3 0.986667 0 0
275 3 0.986667 1 0
275 3 0.986667 1 1
275 3 0.986667 0 1
275 3 0.986667 1 0
275 3 0.986667 0 1
275 3 0.986667 1 0
275 3 0.986667 0 1
275 3 0.986667 1 0
275 3 0.986667 0 1
275 3 0.986667 0 0
275 3 0.986667 0 0
275 3 0.986667 1 0
275 3 0.986667 0 1
275 3 0.986667 0 0
275 3 0.986667 0 0
275 3 0.986667 1 0
275 3 0.986667 1 1
275 3 0.986667 0 1
275 3 0.986667 1 0
275 3 0.986667 1 1
275 3 0.986667 0 1
275 3 0.986667 1 0
275 3 0.986667 0 1
275 3 0.986667 1 1
275 3 0.986667 0 1
275 3 0.986667 0 0
275 3 0.986667 0 0
275 3 0.986667 0 1
275 3 0.986667 1 0
275 3 0.986667 0 1
275 3 0.986667 1 1
276 3 1.28 0 1
276 3 1.28 0 0
276 3 1.28 0 0
276 3 1.28 0 0
276 3 1.28 0 0
276 3 1.28 1 0
276 3 1.28 1 1
276 3 1.28 1 1
276 3 1.28 0 1
276 3 1.28 1 1
276 3 1.28 0 1
276 3 1.28 0 0
276 3 1.28 0 0
276 3 1.28 0 0
276 3 1.28 1 0
276 3 1.28 0 1
276 3 1.28 0 0
276 3 1.28 0 0
276 3 1.28 1 0
276 3 1.28 1 1
276 3 1.28 1 1
276 3 1.28 1 1
276 3 1.28 1 1
276 3 1.28 1 1
276 3 1.28 1 1
276 3 1.28 1 1
276 3 1.28 1 1
276 3 1.28 0 1
276 3 1.28 1 0
276 3 1.28 0 1
276 3 1.28 0 0
276 3 1.28 1 0
276 3 1.28 1 1
276 3 1.28 1 1
276 3 1.28 1 1
276 3 1.28 1 1
276 3 1.28 1 0
276 3 1.28 1 1
276 3 1.28 1 1
276 3 1.28 1 0
276 3 1.28 0 1
276 3 1.28 1 1
276 3 1.28 0 0
276 3 1.28 0 0
276 3 1.28 0 1
276 3 1.28 0 0
276 3 1.28 1 1
276 3 1.28 0 0
276 3 1.28 0 0
276 3 1.28 1 1
276 3 1.28 1 1
276 3 1.28 0 1
276 3 1.28 1 1
276 3 1.28 1 1
276 3 1.28 1 1
277 3 1.57333 1 1
277 3 1.57333 0 0
277 3 1.57333 1 0
277 3 1.57333 1 1
277 3 1.57333 1 1
277 3 1.57333 1 1
277 3 1.57333 1 1
277 3 1.57333 0 0
277 3 1.57333 0 0
277 3 1.57333 1 1
277 3 1.57333 1 0
277 3 1.57333 0 0
277 3 1.57333 1 1
277 3 1.57333 0 0
277 3 1.57333 0 0
277 3 1.57333 0 0
277 3 1.57333 1 1
277 3 1.57333 1 1
277 3 1.57333 1 1
277 3 1.57333 0 0
277 3 1.57333 0 0
277 3 1.57333 0 0
277 3 1.57333 1 1
277 3 1.57333 1 0
277 3 1.57333 1 1
277 3 1.57333 1 1
277 3 1.57333 1 1
277 3 1.57333 0 0
277 3 1.57333 0 0
277 3 1.57333 0 1
277 3 1.57333 0 0
277 3 1.57333 1 1
277 3 1.57333 0 0
277 3 1.57333 1 1
277 3 1.57333 1 1
277 3 1.57333 0 0
277 3 1.57333 1 0
277 3 1.57333 1 1
277 3 1.57333 1 1
277 3 1.57333 1 1
277 3 1.57333 1 1
277 3 1.57333 0 0
277 3 1.57333 0 0
277 3 1.57333 0 0
277 3 1.57333 0 0
277 3 1.57333 1 1
277 3 1.57333 0 0
277 3 1.57333 0 0
277 3 1.57333 1 1
277 3 1.57333 1 1
277 3 1.57333 1 1
277 3 1.57333 0 0
277 3 1.57333 0 0
277 3 1.57333 1 0
277 3 1.57333 1 0
278 3 1.86667 1 0
278 3 1.86667 1 1
278 3 1.86667 0 0
278 3 1.86667 1 1
278 3 1.86667 0 0
278 3 1.86667 1 1
278 3 1.86667 0 0
278 3 1.86667 1 1
278 3 1.86667 0 0
278 3 1.86667 1 1
278 3 1.86667 1 1
278 3 1.86667 1 1
278 3 1.86667 1 1
278 3 1.86667 1 1
278 3 1.86667 0 0
278 3 1.86667 1 1
278 3 1.86667 0 0
278 3 1.86667 0 0
278 3 1.86667 1 1
278 3 1.86667 0 0
278 3 1.86667 0 0
278 3 1.86667 1 1
278 3 1.86667 1 1
278 3 1.86667 0 0
278 3 1.86667 0 0
278 3 1.86667 0 0
278 3 1.86667 0 0
278 3 1.86667 0 0
278 3 1.86667 1 1
278 3 1.86667 0 0
278 3 1.86667 1 1
278 3 1.86667 0 0
278 3 1.86667 0 0
278 3 1.86667 1 0
278 3 1.86667 0 0
278 3 1.86667 0 0
278 3 1.86667 1 1
278 3 1.86667 0 0
278 3 1.86667 0 0
278 3 1.86667 0 0
278 3 1.86667 0 0
278 3 1.86667 0 0
278 3 1.86667 1 1
278 3 1.86667 1 1
278 3 1.86667 0 0
278 3 1.86667 0 0
278 3 1.86667 1 1
278 3 1.86667 0 0
278 3 1.86667 0 0
278 3 1.86667 0 0
278 3 1.86667 1 1
278 3 1.86667 1 1
278 3 1.86667 0 0
278 3 1.86667 0 0
278 3 1.86667 0 0
279 3 2.16 1 1
279 3 2.16 1 1
279 3 2.16 1 1
279 3 2.16 0 0
279 3 2.16 1 1
279 3 2.16 1 1
279 3 2.16 1 1
279 3 2.16 1 1
279 3 2.16 1 1
279 3 2.16 1 1
279 3 2.16 0 0
279 3 2.16 0 0
279 3 2.16 0 0
279 3 2.16 1 1
279 3 2.16 1 1
279 3 2.16 0 0
279 3 2.16 0 0
279 3 2.16 1 1
279 3 2.16 1 1
279 3 2.16 1 1
279 3 2.16 1 1
279 3 2.16 1 1
279 3 2.16 1 1
279 3 2.16 0 0
279 3 2.16 0 0
279 3 2.16 1 1
279 3 2.16 0 0
279 3 2.16 1 1
279 3 2.16 0 0
279 3 2.16 1 0
279 3 2.16 1 1
279 3 2.16 0 0
279 3 2.16 1 1
279 3 2.16 0 0
279 3 2.16 1 1
279 3 2.16 0 0
279 3 2.16 1 1
279 3 2.16 0 0
279 3 2.16 1 1
279 3 2.16 0 0
279 3 2.16 0 0
279 3 2.16 1 1
279 3 2.16 0 0
279 3 2.16 1 1
279 3 2.16 0 0
279 3 2.16 0 0
279 3 2.16 0 0
279 3 2.16 0 0
279 3 2.16 1 1
279 3 2.16 1 1
279 3 2.16 1 1
279 3 2.16 1 1
279 3 2.16 1 1
279 3 2.16 1 1
279 3 2.16 0 0
280 3 2.45333 1 1
280 3 2.45333 0 0
280 3 2.45333 1 1
280 3 2.45333 1 1
280 3 2.45333 0 0
280 3 2.45333 0 0
280 3 2.45333 1 1
280 3 2.45333 0 0
280 3 2.45333 1 1
280 3 2.45333 0 0
280 3 2.45333 1 1
280 3 2.45333 0 0
280 3 2.45333 1 1
280 3 2.45333 1 1
280 3 2.45333 0 0
280 3 2.45333 1 1
280 3 2.45333 1 1
280 3 2.45333 0 0
280 3 2.45333 1 1
280 3 2.45333 0 0
280 3 2.45333 1 1
280 3 2.45333 0 0
280 3 2.45333 1 1
280 3 2.45333 1 1
280 3 2.45333 0 0
280 3 2.45333 1 1
280 3 2.45333 0 0
280 3 2.45333 0 0
280 3 2.45333 0 0
280 3 2.45333 1 1
280 3 2.45333 1 1
280 3 2.45333 0 0
280 3 2.45333 1 1
280 3 2.45333 0 0
280 3 2.45333 1 1
280 3 2.45333 1 1
280 3 2.45333 0 0
280 3 2.45333 1 1
280 3 2.45333 0 0
280 3 2.45333 1 1
280 3 2.45333 1 1
280 3 2.45333 0 0
280 3 2.45333 1 1
280 3 2.45333 1 1
280 3 2.45333 0 0
280 3 2.45333 0 0
280 3 2.45333 1 1
280 3 2.45333 0 0
280 3 2.45333 1 0
280 3 2.45333 1 1
280 3 2.45333 1 1
280 3 2.45333 0 0
280 3 2.45333 1 1
280 3 2.45333 1 1
280 3 2.45333 1 1
345 4 1.33333 1 0
345 4 1.33333 0 1
345 4 1.33333 1 1
345 4 1.33333 1 1
345 4 1.33333 1 1
345 4 1.33333 1 1
345 4 1.33333 0 1
345 4 1.33333 1 0
345 4 1.33333 0 1
345 4 1.33333 0 0
345 4 1.33333 0 1
345 4 1.33333 1 0
345 4 1.33333 0 0
345 4 1.33333 1 0
345 4 1.33333 0 0
345 4 1.33333 1 1
345 4 1.33333 0 1
345 4 1.33333 0 0
345 4 1.33333 1 0
345 4 1.33333 0 1
345 4 1.33333 0 0
345 4 1.33333 0 0
345 4 1.33333 0 0
345 4 1.33333 1 0
345 4 1.33333 1 1
345 4 1.33333 0 1
345 4 1.33333 0 0
345 4 1.33333 1 1
345 4 1.33333 0 0
345 4 1.33333 1 1
345 4 1.33333 0 0
345 4 1.33333 0 1
345 4 1.33333 1 0
345 4 1.33333 0 1
345 4 1.33333 1 0
345 4 1.33333 0 1
345 4 1.33333 0 1
345 4 1.33333 1 0
345 4 1.33333 1 1
345 4 1.33333 0 1
345 4 1.33333 0 0
345 4 1.33333 0 0
345 4 1.33333 1 0
345 4 1.33333 1 1
345 4 1.33333 0 1
345 4 1.33333 1 0
345 4 1.33333 1 0
345 4 1.33333 0 1
345 4 1.33333 1 1
345 4 1.33333 0 1
345 4 1.33333 0 0
345 4 1.33333 0 1
345 4 1.33333 0 0
345 4 1.33333 0 0
345 4 1.33333 1 0
346 4 2 1 1
346 4 2 0 0
346 4 2 0 0
346 4 2 0 1
346 4 2 1 0
346 4 2 1 0
346 4 2 1 1
346 4 2 1 1
346 4 2 1 0
346 4 2 1 1
346 4 2 1 1
346 4 2 0 1
346 4 2 0 0
346 4 2 1 1
346 4 2 1 1
346 4 2 1 1
346 4 2 1 0
346 4 2 0 1
346 4 2 0 0
346 4 2 1 1
346 4 2 1 1
346 4 2 0 1
346 4 2 1 0
346 4 2 1 1
346 4 2 1 0
346 4 2 0 0
346 4 2 1 0
346 4 2 1 1
346 4 2 0 1
346 4 2 0 0
346 4 2 1 0
346 4 2 0 1
346 4 2 1 0
346 4 2 0 1
346 4 2 1 0
346 4 2 1 1
346 4 2 1 1
346 4 2 0 0
346 4 2 1 1
346 4 2 1 0
346 4 2 1 1
346 4 2 0 1
346 4 2 1 0
346 4 2 0 1
346 4 2 0 0
346 4 2 1 1
346 4 2 0 1
346 4 2 1 0
346 4 2 1 1
346 4 2 1 1
346 4 2 1 1
346 4 2 0 1
346 4 2 1 0
346 4 2 0 1
346 4 2 0 1
347 4 2.66667 1 1
347 4 2.66667 1 1
347 4 2.66667 1 0
347 4 2.66667 0 0
347 4 2.66667 0 0
347 4 2.66667 1 1
347 4 2.66667 0 1
347 4 2.66667 1 0
347 4 2.66667 1 0
347 4 2.66667 0 0
347 4 2.66667 0 0
347 4 2.66667 1 1
347 4 2.66667 1 1
347 4 2.66667 1 1
347 4 2.66667 1 1
347 4 2.66667 0 0
347 4 2.66667 1 1
347 4 2.66667 1 1
347 4 2.66667 1 1
347 4 2.66667 1 1
347 4 2.66667 1 1
347 4 2.66667 0 1
347 4 2.66667 0 0
347 4 2.66667 1 1
347 4 2.66667 1 1
347 4 2.66667 1 1
347 4 2.66667 0 0
347 4 2.66667 0 1
347 4 2.66667 1 0
347 4 2.66667 1 1
347 4 2.66667 0 1
347 4 2.66667 1 1
347 4 2.66667 1 1
347 4 2.66667 0 1
347 4 2.66667 0 0
347 4 2.66667 0 1
347 4 2.66667 0 0
347 4 2.66667 0 0
347 4 2.66667 1 1
347 4 2.66667 0 0
347 4 2.66667 0 1
347 4 2.66667 1 1
347 4 2.66667 0 0
347 4 2.66667 1 1
347 4 2.66667 0 0
347 4 2.66667 1 1
347 4 2.66667 1 1
347 4 2.66667 0 0
347 4 2.66667 0 1
347 4 2.66667 0 0
347 4 2.66667 0 0
347 4 2.66667 1 1
347 4 2.66667 1 1
347 4 2.66667 0 0
347 4 2.66667 1 0
348 4 3.33333 1 1
348 4 3.33333 0 0
348 4 3.33333 1 1
348 4 3.33333 1 1
348 4 3.33333 1 1
348 4 3.33333 0 0
348 4 3.33333 1 1
348 4 3.33333 1 1
348 4 3.33333 0 0
348 4 3.33333 1 1
348 4 3.33333 1 1
348 4 3.33333 1 1
348 4 3.33333 1 1
348 4 3.33333 0 0
348 4 3.33333 0 0
348 4 3.33333 0 0
348 4 3.33333 0 0
348 4 3.33333 1 1
348 4 3.33333 1 1
348 4 3.33333 1 0
348 4 3.33333 1 1
348 4 3.33333 0 0
348 4 3.33333 1 1
348 4 3.33333 0 0
348 4 3.33333 0 0
348 4 3.33333 0 0
348 4 3.33333 1 1
348 4 3.33333 1 1
348 4 3.33333 1 1
348 4 3.33333 0 0
348 4 3.33333 0 0
348 4 3.33333 1 1
348 4 3.33333 0 0
348 4 3.33333 0 0
348 4 3.33333 1 1
348 4 3.33333 1 1
348 4 3.33333 0 1
348 4 3.33333 0 0
348 4 3.33333 0 0
348 4 3.33333 1 1
348 4 3.33333 1 1
348 4 3.33333 1 1
348 4 3.33333 1 1
348 4 3.33333 0 1
348 4 3.33333 1 1
348 4 3.33333 0 0
348 4 3.33333 1 1
348 4 3.33333 1 1
348 4 3.33333 0 0
348 4 3.33333 1 1
348 4 3.33333 0 0
348 4 3.33333 0 1
348 4 3.33333 1 1
348 4 3.33333 1 1
348 4 3.33333 1 1
349 4 4 1 1
349 4 4 1 1
349 4 4 1 1
349 4 4 1 1
349 4 4 1 1
349 4 4 1 1
349 4 4 1 0
349 4 4 1 1
349 4 4 0 0
349 4 4 0 0
349 4 4 1 1
349 4 4 1 1
349 4 4 1 1
349 4 4 0 0
349 4 4 0 0
349 4 4 1 1
349 4 4 0 1
349 4 4 1 1
349 4 4 0 0
349 4 4 0 0
349 4 4 0 0
349 4 4 1 1
349 4 4 1 1
349 4 4 1 1
349 4 4 1 1
349 4 4 1 1
349 4 4 0 0
349 4 4 0 0
349 4 4 1 1
349 4 4 0 0
349 4 4 1 1
349 4 4 0 0
349 4 4 0 0
349 4 4 1 1
349 4 4 1 1
349 4 4 1 1
349 4 4 0 0
349 4 4 0 1
349 4 4 1 1
349 4 4 1 1
349 4 4 0 0
349 4 4 1 1
349 4 4 0 0
349 4 4 1 0
349 4 4 1 1
349 4 4 1 1
349 4 4 1 1
349 4 4 0 1
349 4 4 1 1
349 4 4 0 0
349 4 4 0 0
349 4 4 1 1
349 4 4 0 0
349 4 4 0 0
349 4 4 1 1
350 4 4.66667 0 0
350 4 4.66667 0 0
350 4 4.66667 1 1
350 4 4.66667 0 0
350 4 4.66667 0 0
350 4 4.66667 0 0
350 4 4.66667 1 1
350 4 4.66667 0 0
350 4 4.66667 0 0
350 4 4.66667 0 0
350 4 4.66667 1 1
350 4 4.66667 1 1
350 4 4.66667 1 1
350 4 4.66667 1 1
350 4 4.66667 0 0
350 4 4.66667 0 0
350 4 4.66667 1 1
350 4 4.66667 1 1
350 4 4.66667 0 0
350 4 4.66667 0 0
350 4 4.66667 0 0
350 4 4.66667 0 0
350 4 4.66667 1 1
350 4 4.66667 0 0
350 4 4.66667 0 0
350 4 4.66667 1 1
350 4 4.66667 1 1
350 4 4.66667 1 1
350 4 4.66667 1 1
350 4 4.66667 1 1
350 4 4.66667 0 0
350 4 4.66667 1 1
350 4 4.66667 1 1
350 4 4.66667 1 1
350 4 4.66667 0 0
350 4 4.66667 1 1
350 4 4.66667 1 1
350 4 4.66667 1 1
350 4 4.66667 1 1
350 4 4.66667 1 1
350 4 4.66667 0 0
350 4 4.66667 1 1
350 4 4.66667 0 0
350 4 4.66667 1 1
350 4 4.66667 0 0
350 4 4.66667 0 0
350 4 4.66667 1 1
350 4 4.66667 1 1
350 4 4.66667 0 0
350 4 4.66667 0 0
350 4 4.66667 0 0
350 4 4.66667 1 1
350 4 4.66667 1 1
350 4 4.66667 1 1
350 4 4.66667 0 0
351 4 5.33333 0 0
351 4 5.33333 0 0
351 4 5.33333 0 0
351 4 5.33333 0 0
351 4 5.33333 0 0
351 4 5.33333 1 1
351 4 5.33333 0 0
351 4 5.33333 1 1
351 4 5.33333 0 0
351 4 5.33333 0 0
351 4 5.33333 0 0
351 4 5.33333 1 1
351 4 5.33333 1 1
351 4 5.33333 0 0
351 4 5.33333 0 0
351 4 5.33333 1 1
351 4 5.33333 1 1
351 4 5.33333 0 0
351 4 5.33333 1 1
351 4 5.33333 1 1
351 4 5.33333 0 0
351 4 5.33333 1 1
351 4 5.33333 0 0
351 4 5.33333 1 1
351 4 5.33333 0 0
351 4 5.33333 1 1
351 4 5.33333 1 1
351 4 5.33333 1 1
351 4 5.33333 0 0
351 4 5.33333 1 1
351 4 5.33333 0 0
351 4 5.33333 0 0
351 4 5.33333 0 0
351 4 5.33333 0 0
351 4 5.33333 1 1
351 4 5.33333 1 1
351 4 5.33333 0 0
351 4 5.33333 1 1
351 4 5.33333 0 0
351 4 5.33333 0 0
351 4 5.33333 1 1
351 4 5.33333 1 1
351 4 5.33333 0 0
351 4 5.33333 0 0
351 4 5.33333 1 1
351 4 5.33333 1 1
351 4 5.33333 1 1
351 4 5.33333 1 1
351 4 5.33333 0 0
351 4 5.33333 1 1
351 4 5.33333 1 1
351 4 5.33333 1 1
351 4 5.33333 0 0
351 4 5.33333 0 0
351 4 5.33333 0 0
352 4 6 0 0
352 4 6 0 0
352 4 6 1 1
352 4 6 0 0
352 4 6 1 1
352 4 6 1 1
352 4 6 0 0
352 4 6 0 0
352 4 6 1 1
352 4 6 0 0
352 4 6 0 0
352 4 6 1 1
352 4 6 0 0
352 4 6 0 0
352 4 6 1 1
352 4 6 1 1
352 4 6 1 1
352 4 6 1 1
352 4 6 1 1
352 4 6 1 1
352 4 6 1 1
352 4 6 1 1
352 4 6 0 0
352 4 6 0 0
352 4 6 1 1
352 4 6 1 1
352 4 6 1 1
352 4 6 0 0
352 4 6 0 0
352 4 6 1 1
352 4 6 0 0
352 4 6 0 0
352 4 6 1 1
352 4 6 0 0
352 4 6 1 1
352 4 6 0 0
352 4 6 1 1
352 4 6 1 1
352 4 6 0 0
352 4 6 1 1
352 4 6 0 0
352 4 6 0 0
352 4 6 0 0
352 4 6 1 1
352 4 6 0 0
352 4 6 1 1
352 4 6 0 0
352 4 6 0 0
352 4 6 0 0
352 4 6 1 1
352 4 6 1 1
352 4 6 1 1
352 4 6 0 0
352 4 6 1 1
352 4 6 1 1
369 4 1 1 0
369 4 1 0 1
369 4 1 0 0
369 4 1 1 0
369 4 1 1 1
369 4 1 0 0
369 4 1 1 1
369 4 1 0 0
369 4 1 0 1
369 4 1 0 0
369 4 1 0 1
369 4 1 0 0
369 4 1 1 1
369 4 1 1 0
369 4 1 0 1
369 4 1 0 0
369 4 1 1 1
369 4 1 1 0
369 4 1 0 1
369 4 1 1 0
369 4 1 1 1
369 4 1 1 0
369 4 1 1 1
369 4 1 0 0
369 4 1 0 1
369 4 1 1 0
369 4 1 1 1
369 4 1 0 0
369 4 1 0 1
369 4 1 0 0
369 4 1 0 0
369 4 1 0 0
369 4 1 0 1
369 4 1 1 0
369 4 1 1 1
369 4 1 1 0
369 4 1 1 1
369 4 1 1 0
369 4 1 1 1
369 4 1 1 1
369 4 1 1 1
369 4 1 1 0
369 4 1 0 1
369 4 1 1 0
369 4 1 0 1
369 4 1 0 0
369 4 1 1 0
369 4 1 0 1
369 4 1 1 0
369 4 1 1 0
369 4 1 1 0
369 4 1 0 1
369 4 1 1 0
369 4 1 0 1
369 4 1 1 0
370 4 1.66667 0 1
370 4 1.66667 1 0
370 4 1.66667 1 0
370 4 1.66667 0 1
370 4 1.66667 1 0
370 4 1.66667 1 1
370 4 1.66667 0 0
370 4 1.66667 1 0
370 4 1.66667 0 0
370 4 1.66667 0 0
370 4 1.66667 0 0
370 4 1.66667 1 0
370 4 1.66667 1 1
370 4 1.66667 0 1
370 4 1.66667 0 1
370 4 1.66667 1 0
370 4 1.66667 1 1
370 4 1.66667 0 1
370 4 1.66667 1 0
370 4 1.66667 1 1
370 4 1.66667 1 1
370 4 1.66667 0 1
370 4 1.66667 1 1
370 4 1.66667 0 1
370 4 1.66667 0 0
370 4 1.66667 1 0
370 4 1.66667 1 1
370 4 1.66667 1 1
370 4 1.66667 0 1
370 4 1.66667 0 0
370 4 1.66667 0 0
370 4 1.66667 1 0
370 4 1.66667 0 0
370 4 1.66667 1 0
370 4 1.66667 1 0
370 4 1.66667 0 1
370 4 1.66667 0 1
370 4 1.66667 1 0
370 4 1.66667 1 0
370 4 1.66667 0 1
370 4 1.66667 1 1
370 4 1.66667 0 0
370 4 1.66667 0 0
370 4 1.66667 1 0
370 4 1.66667 0 1
370 4 1.66667 1 0
370 4 1.66667 0 1
370 4 1.66667 0 0
370 4 1.66667 0 0
370 4 1.66667 1 0
370 4 1.66667 1 1
370 4 1.66667 0 1
370 4 1.66667 0 0
370 4 1.66667 1 0
370 4 1.66667 1 1
371 4 2.33333 1 1
371 4 2.33333 0 0
371 4 2.33333 1 1
371 4 2.33333 1 0
371 4 2.33333 0 1
371 4 2.33333 1 1
371 4 2.33333 1 1
371 4 2.33333 0 0
371 4 2.33333 0 1
371 4 2.33333 0 1
371 4 2.33333 1 0
371 4 2.33333 1 1
371 4 2.33333 0 0
371 4 2.33333 0 1
371 4 2.33333 1 0
371 4 2.33333 0 1
371 4 2.33333 1 1
371 4 2.33333 0 0
371 4 2.33333 1 1
371 4 2.33333 1 0
371 4 2.33333 0 1
371 4 2.33333 0 0
371 4 2.33333 0 1
371 4 2.33333 0 0
371 4 2.33333 0 0
371 4 2.33333 1 1
371 4 2.33333 0 0
371 4 2.33333 1 0
371 4 2.33333 0 0
371 4 2.33333 1 1
371 4 2.33333 0 0
371 4 2.33333 1 1
371 4 2.33333 0 0
371 4 2.33333 0 0
371 4 2.33333 0 0
371 4 2.33333 0 1
371 4 2.33333 1 0
371 4 2.33333 1 1
371 4 2.33333 0 0
371 4 2.33333 0 1
371 4 2.33333 1 0
371 4 2.33333 0 0
371 4 2.33333 0 0
371 4 2.33333 0 1
371 4 2.33333 1 0
371 4 2.33333 0 1
371 4 2.33333 1 0
371 4 2.33333 0 0
371 4 2.33333 0 0
371 4 2.33333 0 0
371 4 2.33333 1 0
371 4 2.33333 0 1
371 4 2.33333 0 0
371 4 2.33333 0 1
371 4 2.33333 1 1
372 4 3 1 0
372 4 3 1 1
372 4 3 1 0
372 4 3 0 0
372 4 3 1 0
372 4 3 1 0
372 4 3 0 1
372 4 3 0 0
372 4 3 0 0
372 4 3 1 1
372 4 3 0 0
372 4 3 1 0
372 4 3 1 0
372 4 3 0 1
372 4 3 1 1
372 4 3 1 0
372 4 3 0 1
372 4 3 0 0
372 4 3 1 1
372 4 3 1 0
372 4 3 1 1
372 4 3 1 0
372 4 3 1 1
372 4 3 1 0
372 4 3 0 1
372 4 3 1 1
372 4 3 1 1
372 4 3 1 1
372 4 3 0 0
372 4 3 1 0
372 4 3 1 1
372 4 3 1 0
372 4 3 0 1
372 4 3 0 1
372 4 3 1 0
372 4 3 0 1
372 4 3 0 0
372 4 3 0 0
372 4 3 0 0
372 4 3 0 0
372 4 3 1 0
372 4 3 1 0
372 4 3 1 1
372 4 3 1 0
372 4 3 0 1
372 4 3 0 0
372 4 3 1 0
372 4 3 1 1
372 4 3 0 0
372 4 3 1 0
372 4 3 1 1
372 4 3 0 1
372 4 3 0 1
372 4 3 1 0
372 4 3 1 0
373 4 3.66667 0 0
373 4 3.66667 1 1
373 4 3.66667 0 0
373 4 3.66667 1 1
373 4 3.66667 0 0
373 4 3.66667 0 0
373 4 3.66667 0 0
373 4 3.66667 0 0
373 4 3.66667 1 1
373 4 3.66667 0 0
373 4 3.66667 1 0
373 4 3.66667 1 1
373 4 3.66667 0 0
373 4 3.66667 1 1
373 4 3.66667 0 0
373 4 3.66667 1 0
373 4 3.66667 0 0
373 4 3.66667 1 1
373 4 3.66667 1 1
373 4 3.66667 1 0
373 4 3.66667 1 1
373 4 3.66667 1 1
373 4 3.66667 1 1
373 4 3.66667 0 0
373 4 3.66667 1 1
373 4 3.66667 1 1
373 4 3.66667 0 0
373 4 3.66667 1 1
373 4 3.66667 1 1
373 4 3.66667 0 0
373 4 3.66667 1 1
373 4 3.66667 1 1
373 4 3.66667 1 1
373 4 3.66667 1 1
373 4 3.66667 1 1
373 4 3.66667 1 1
373 4 3.66667 1 0
373 4 3.66667 0 0
373 4 3.66667 1 1
373 4 3.66667 0 0
373 4 3.66667 1 1
373 4 3.66667 1 1
373 4 3.66667 0 0
373 4 3.66667 1 0
373 4 3.66667 1 0
373 4 3.66667 0 0
373 4 3.66667 1 1
373 4 3.66667 0 0
373 4 3.66667 0 0
373 4 3.66667 1 0
373 4 3.66667 1 0
373 4 3.66667 0 0
373 4 3.66667 1 1
373 4 3.66667 0 0
373 4 3.66667 0 0
374 4 4.33333 0 0
374 4 4.33333 1 1
374 4 4.33333 0 0
374 4 4.33333 1 1
374 4 4.33333 0 0
374 4 4.33333 0 0
374 4 4.33333 1 1
374 4 4.33333 1 1
374 4 4.33333 1 1
374 4 4.33333 1 1
374 4 4.33333 1 1
374 4 4.33333 0 0
374 4 4.33333 1 1
374 4 4.33333 1 1
374 4 4.33333 1 1
374 4 4.33333 1 1
374 4 4.33333 1 1
374 4 4.33333 1 1
374 4 4.33333 1 1
374 4 4.33333 0 0
374 4 4.33333 1 1
374 4 4.33333 0 0
374 4 4.33333 0 0
374 4 4.33333 0 1
374 4 4.33333 1 1
374 4 4.33333 0 0
374 4 4.33333 1 1
374 4 4.33333 1 1
374 4 4.33333 1 1
374 4 4.33333 1 1
374 4 4.33333 1 1
374 4 4.33333 0 0
374 4 4.33333 1 1
374 4 4.33333 0 0
374 4 4.33333 1 1
374 4 4.33333 0 0
374 4 4.33333 0 0
374 4 4.33333 0 0
374 4 4.33333 0 0
374 4 4.33333 0 0
374 4 4.33333 1 1
374 4 4.33333 1 1
374 4 4.33333 1 1
374 4 4.33333 0 0
374 4 4.33333 0 0
374 4 4.33333 0 0
374 4 4.33333 0 0
374 4 4.33333 1 1
374 4 4.33333 0 0
374 4 4.33333 1 1
374 4 4.33333 0 0
374 4 4.33333 1 1
374 4 4.33333 1 1
374 4 4.33333 0 0
374 4 4.33333 0 0
375 4 5 1 1
375 4 5 0 0
375 4 5 0 0
375 4 5 1 1
375 4 5 1 1
375 4 5 0 0
375 4 5 0 0
375 4 5 1 0
375 4 5 0 0
375 4 5 0 0
375 4 5 0 0
375 4 5 1 1
375 4 5 1 1
375 4 5 1 1
375 4 5 1 1
375 4 5 1 0
375 4 5 0 0
375 4 5 0 0
375 4 5 0 0
375 4 5 1 1
375 4 5 0 0
375 4 5 0 0
375 4 5 0 0
375 4 5 0 0
375 4 5 0 0
375 4 5 0 0
375 4 5 0 0
375 4 5 1 1
375 4 5 0 0
375 4 5 0 0
375 4 5 0 0
375 4 5 0 0
375 4 5 0 0
375 4 5 1 1
375 4 5 0 0
375 4 5 1 1
375 4 5 0 0
375 4 5 0 0
375 4 5 1 1
375 4 5 0 0
375 4 5 0 0
375 4 5 1 1
375 4 5 0 0
375 4 5 0 0
375 4 5 0 0
375 4 5 0 0
375 4 5 0 0
375 4 5 1 1
375 4 5 1 1
375 4 5 0 0
375 4 5 1 1
375 4 5 1 1
375 4 5 1 1
375 4 5 0 0
375 4 5 0 0
376 4 5.66667 0 0
376 4 5.66667 1 1
376 4 5.66667 1 1
376 4 5.66667 1 1
376 4 5.66667 1 1
376 4 5.66667 0 0
376 4 5.66667 0 0
376 4 5.66667 0 0
376 4 5.66667 0 0
376 4 5.66667 0 0
376 4 5.66667 1 1
376 4 5.66667 1 1
376 4 5.66667 1 1
376 4 5.66667 0 0
376 4 5.66667 0 0
376 4 5.66667 1 1
376 4 5.66667 1 1
376 4 5.66667 1 1
376 4 5.66667 1 1
376 4 5.66667 0 0
376 4 5.66667 1 1
376 4 5.66667 1 1
376 4 5.66667 1 1
376 4 5.66667 1 1
376 4 5.66667 0 0
376 4 5.66667 1 1
376 4 5.66667 0 0
376 4 5.66667 1 1
376 4 5.66667 0 0
376 4 5.66667 0 0
376 4 5.66667 0 0
376 4 5.66667 1 1
376 4 5.66667 1 1
376 4 5.66667 1 1
376 4 5.66667 1 1
376 4 5.66667 0 0
376 4 5.66667 0 0
376 4 5.66667 0 0
376 4 5.66667 1 1
376 4 5.66667 1 1
376 4 5.66667 0 0
376 4 5.66667 1 1
376 4 5.66667 1 1
376 4 5.66667 1 1
376 4 5.66667 0 0
376 4 5.66667 0 0
376 4 5.66667 1 1
376 4 5.66667 1 1
376 4 5.66667 0 0
376 4 5.66667 1 1
376 4 5.66667 0 0
376 4 5.66667 0 0
376 4 5.66667 1 1
376 4 5.66667 1 1
376 4 5.66667 0 0
