8 1 0.18 1 0
8 1 0.18 0 1
8 1 0.18 1 0
8 1 0.18 0 1
8 1 0.18 0 1
8 1 0.18 1 0
8 1 0.18 1 0
8 1 0.18 1 1
8 1 0.18 1 0
8 1 0.18 1 0
8 1 0.18 1 1
8 1 0.18 1 0
8 1 0.18 0 1
8 1 0.18 0 1
8 1 0.18 1 0
8 1 0.18 0 1
8 1 0.18 0 0
8 1 0.18 0 0
8 1 0.18 1 0
8 1 0.18 0 1
8 1 0.18 0 0
8 1 0.18 1 1
8 1 0.18 1 1
8 1 0.18 1 0
8 1 0.18 1 1
8 1 0.18 0 1
8 1 0.18 1 0
8 1 0.18 0 1
8 1 0.18 1 1
8 1 0.18 1 0
8 1 0.18 1 0
8 1 0.18 0 1
8 1 0.18 0 1
8 1 0.18 1 0
8 1 0.18 0 0
8 1 0.18 0 0
8 1 0.18 1 0
8 1 0.18 0 1
8 1 0.18 0 1
8 1 0.18 0 0
8 1 0.18 0 1
8 1 0.18 1 0
8 1 0.18 0 0
8 1 0.18 1 0
8 1 0.18 0 1
8 1 0.18 0 0
8 1 0.18 0 1
8 1 0.18 0 1
8 1 0.18 0 0
8 1 0.18 1 0
8 1 0.18 0 1
8 1 0.18 0 0
8 1 0.18 0 0
8 1 0.18 1 1
8 1 0.18 0 1
9 1 0.34 1 0
9 1 0.34 0 1
9 1 0.34 1 1
9 1 0.34 0 1
9 1 0.34 1 0
9 1 0.34 0 1
9 1 0.34 1 1
9 1 0.34 1 0
9 1 0.34 0 0
9 1 0.34 1 0
9 1 0.34 1 1
9 1 0.34 1 1
9 1 0.34 0 1
9 1 0.34 1 1
9 1 0.34 1 1
9 1 0.34 1 0
9 1 0.34 1 0
9 1 0.34 1 1
9 1 0.34 0 1
9 1 0.34 0 0
9 1 0.34 0 0
9 1 0.34 0 0
9 1 0.34 1 0
9 1 0.34 0 1
9 1 0.34 0 1
9 1 0.34 1 0
9 1 0.34 0 1
9 1 0.34 0 0
9 1 0.34 1 0
9 1 0.34 0 1
9 1 0.34 0 1
9 1 0.34 0 1
9 1 0.34 0 0
9 1 0.34 0 0
9 1 0.34 1 0
9 1 0.34 0 1
9 1 0.34 1 1
9 1 0.34 1 1
9 1 0.34 1 1
9 1 0.34 0 1
9 1 0.34 1 1
9 1 0.34 1 0
9 1 0.34 0 1
9 1 0.34 1 1
9 1 0.34 0 1
9 1 0.34 1 0
9 1 0.34 1 0
9 1 0.34 0 1
9 1 0.34 1 1
9 1 0.34 0 1
9 1 0.34 0 0
9 1 0.34 1 0
9 1 0.34 1 1
9 1 0.34 0 1
9 1 0.34 1 0
10 1 0.5 1 1
10 1 0.5 1 1
10 1 0.5 0 0
10 1 0.5 0 0
10 1 0.5 1 0
10 1 0.5 1 1
10 1 0.5 1 0
10 1 0.5 1 0
10 1 0.5 1 1
10 1 0.5 1 0
10 1 0.5 0 1
10 1 0.5 0 0
10 1 0.5 0 0
10 1 0.5 1 1
10 1 0.5 0 1
10 1 0.5 0 1
10 1 0.5 0 0
10 1 0.5 1 1
10 1 0.5 0 0
10 1 0.5 0 0
10 1 0.5 0 1
10 1 0.5 1 1
10 1 0.5 1 1
10 1 0.5 1 1
10 1 0.5 1 0
10 1 0.5 0 0
10 1 0.5 0 0
10 1 0.5 1 0
10 1 0.5 0 0
10 1 0.5 0 1
10 1 0.5 1 1
10 1 0.5 0 0
10 1 0.5 1 1
10 1 0.5 1 0
10 1 0.5 0 0
10 1 0.5 0 0
10 1 0.5 0 0
10 1 0.5 1 0
10 1 0.5 1 1
10 1 0.5 0 1
10 1 0.5 0 0
10 1 0.5 0 0
10 1 0.5 1 1
10 1 0.5 0 0
10 1 0.5 1 1
10 1 0.5 1 1
10 1 0.5 0 0
10 1 0.5 1 0
10 1 0.5 1 0
10 1 0.5 1 1
10 1 0.5 0 0
10 1 0.5 0 1
10 1 0.5 1 0
10 1 0.5 0 0
10 1 0.5 1 0
11 1 0.633333 1 1
11 1 0.633333 0 1
11 1 0.633333 0 0
11 1 0.633333 1 1
11 1 0.633333 0 0
11 1 0.633333 0 1
11 1 0.633333 0 1
11 1 0.633333 0 1
11 1 0.633333 0 0
11 1 0.633333 1 0
11 1 0.633333 1 1
11 1 0.633333 0 1
11 1 0.633333 1 0
11 1 0.633333 1 1
11 1 0.633333 1 1
11 1 0.633333 0 0
11 1 0.633333 0 1
11 1 0.633333 0 1
11 1 0.633333 1 1
11 1 0.633333 0 0
11 1 0.633333 1 0
11 1 0.633333 0 0
11 1 0.633333 0 0
11 1 0.633333 0 0
11 1 0.633333 0 0
11 1 0.633333 1 0
11 1 0.633333 0 0
11 1 0.633333 1 0
11 1 0.633333 1 0
11 1 0.633333 0 1
11 1 0.633333 1 0
11 1 0.633333 0 0
11 1 0.633333 1 0
11 1 0.633333 0 0
11 1 0.633333 1 1
11 1 0.633333 1 0
11 1 0.633333 1 1
11 1 0.633333 1 0
11 1 0.633333 1 0
11 1 0.633333 1 1
11 1 0.633333 0 0
11 1 0.633333 1 1
11 1 0.633333 1 0
11 1 0.633333 0 0
11 1 0.633333 1 0
11 1 0.633333 1 1
11 1 0.633333 0 0
11 1 0.633333 1 1
11 1 0.633333 1 1
11 1 0.633333 1 0
11 1 0.633333 1 1
11 1 0.633333 1 1
11 1 0.633333 1 1
11 1 0.633333 1 1
11 1 0.633333 0 0
12 1 0.66 1 1
12 1 0.66 1 0
12 1 0.66 0 0
12 1 0.66 0 1
12 1 0.66 0 0
12 1 0.66 1 0
12 1 0.66 0 0
12 1 0.66 0 0
12 1 0.66 0 0
12 1 0.66 1 1
12 1 0.66 0 0
12 1 0.66 1 1
12 1 0.66 0 1
12 1 0.66 0 1
12 1 0.66 1 1
12 1 0.66 0 1
12 1 0.66 1 1
12 1 0.66 0 0
12 1 0.66 0 0
12 1 0.66 0 0
12 1 0.66 1 1
12 1 0.66 1 0
12 1 0.66 0 0
12 1 0.66 1 0
12 1 0.66 0 0
12 1 0.66 1 1
12 1 0.66 1 0
12 1 0.66 0 0
12 1 0.66 1 1
12 1 0.66 0 0
12 1 0.66 1 1
12 1 0.66 0 0
12 1 0.66 0 0
12 1 0.66 1 1
12 1 0.66 0 0
12 1 0.66 0 0
12 1 0.66 1 0
12 1 0.66 0 0
12 1 0.66 0 0
12 1 0.66 0 1
12 1 0.66 1 1
12 1 0.66 1 0
12 1 0.66 1 0
12 1 0.66 1 0
12 1 0.66 1 1
12 1 0.66 0 1
12 1 0.66 0 0
12 1 0.66 0 0
12 1 0.66 0 0
12 1 0.66 1 1
12 1 0.66 0 0
12 1 0.66 1 1
12 1 0.66 1 1
12 1 0.66 0 0
12 1 0.66 0 0
13 1 0.82 0 0
13 1 0.82 1 1
13 1 0.82 1 1
13 1 0.82 1 1
13 1 0.82 0 0
13 1 0.82 0 1
13 1 0.82 0 0
13 1 0.82 0 0
13 1 0.82 1 1
13 1 0.82 0 0
13 1 0.82 1 1
13 1 0.82 0 0
13 1 0.82 1 1
13 1 0.82 0 0
13 1 0.82 0 0
13 1 0.82 0 0
13 1 0.82 1 1
13 1 0.82 1 0
13 1 0.82 1 1
13 1 0.82 1 1
13 1 0.82 1 1
13 1 0.82 0 0
13 1 0.82 0 1
13 1 0.82 1 1
13 1 0.82 0 0
13 1 0.82 1 1
13 1 0.82 1 0
13 1 0.82 1 1
13 1 0.82 0 0
13 1 0.82 0 0
13 1 0.82 0 0
13 1 0.82 1 0
13 1 0.82 1 1
13 1 0.82 1 1
13 1 0.82 0 0
13 1 0.82 1 1
13 1 0.82 1 0
13 1 0.82 0 0
13 1 0.82 0 0
13 1 0.82 0 0
13 1 0.82 1 1
13 1 0.82 1 1
13 1 0.82 0 0
13 1 0.82 1 1
13 1 0.82 1 0
13 1 0.82 1 1
13 1 0.82 0 0
13 1 0.82 1 1
13 1 0.82 0 0
13 1 0.82 1 1
13 1 0.82 1 1
13 1 0.82 0 0
13 1 0.82 1 1
13 1 0.82 0 0
13 1 0.82 1 1
14 1 0.9 0 1
14 1 0.9 0 1
14 1 0.9 1 1
14 1 0.9 0 0
14 1 0.9 0 0
14 1 0.9 0 1
14 1 0.9 1 1
14 1 0.9 0 1
14 1 0.9 1 1
14 1 0.9 0 0
14 1 0.9 0 1
14 1 0.9 0 0
14 1 0.9 1 0
14 1 0.9 0 1
14 1 0.9 0 0
14 1 0.9 0 0
14 1 0.9 1 1
14 1 0.9 0 1
14 1 0.9 1 0
14 1 0.9 0 1
14 1 0.9 1 1
14 1 0.9 1 1
14 1 0.9 1 0
14 1 0.9 1 1
14 1 0.9 1 0
14 1 0.9 1 1
14 1 0.9 0 0
14 1 0.9 0 1
14 1 0.9 0 1
14 1 0.9 1 1
14 1 0.9 0 1
14 1 0.9 1 0
14 1 0.9 0 0
14 1 0.9 1 1
14 1 0.9 1 1
14 1 0.9 0 0
14 1 0.9 1 0
14 1 0.9 1 0
14 1 0.9 1 1
14 1 0.9 1 1
14 1 0.9 1 0
14 1 0.9 1 0
14 1 0.9 1 1
14 1 0.9 1 1
14 1 0.9 1 1
14 1 0.9 1 0
14 1 0.9 1 1
14 1 0.9 0 1
14 1 0.9 0 0
14 1 0.9 0 1
14 1 0.9 0 1
14 1 0.9 1 0
14 1 0.9 0 1
14 1 0.9 0 0
14 1 0.9 0 0
15 1 0.98 1 1
15 1 0.98 0 0
15 1 0.98 1 0
15 1 0.98 1 1
15 1 0.98 0 0
15 1 0.98 0 0
15 1 0.98 0 0
15 1 0.98 0 0
15 1 0.98 1 1
15 1 0.98 0 0
15 1 0.98 0 0
15 1 0.98 1 1
15 1 0.98 1 1
15 1 0.98 1 1
15 1 0.98 1 1
15 1 0.98 1 0
15 1 0.98 1 1
15 1 0.98 1 1
15 1 0.98 1 1
15 1 0.98 1 1
15 1 0.98 0 0
15 1 0.98 1 1
15 1 0.98 0 0
15 1 0.98 1 1
15 1 0.98 0 0
15 1 0.98 0 0
15 1 0.98 0 0
15 1 0.98 0 0
15 1 0.98 0 0
15 1 0.98 1 1
15 1 0.98 1 1
15 1 0.98 0 0
15 1 0.98 0 0
15 1 0.98 1 1
15 1 0.98 1 1
15 1 0.98 1 1
15 1 0.98 0 0
15 1 0.98 0 0
15 1 0.98 0 0
15 1 0.98 1 1
15 1 0.98 0 0
15 1 0.98 0 0
15 1 0.98 1 1
15 1 0.98 1 1
15 1 0.98 1 1
15 1 0.98 1 1
15 1 0.98 1 1
15 1 0.98 0 0
15 1 0.98 0 0
15 1 0.98 1 1
15 1 0.98 0 0
15 1 0.98 0 0
15 1 0.98 0 0
15 1 0.98 0 0
15 1 0.98 1 1
16 1 1.14 1 1
16 1 1.14 0 0
16 1 1.14 0 0
16 1 1.14 0 0
16 1 1.14 0 0
16 1 1.14 1 1
16 1 1.14 0 0
16 1 1.14 1 1
16 1 1.14 0 0
16 1 1.14 0 0
16 1 1.14 0 0
16 1 1.14 0 0
16 1 1.14 1 1
16 1 1.14 1 1
16 1 1.14 1 1
16 1 1.14 1 1
16 1 1.14 1 1
16 1 1.14 1 1
16 1 1.14 1 1
16 1 1.14 1 1
16 1 1.14 0 0
16 1 1.14 0 0
16 1 1.14 1 1
16 1 1.14 1 1
16 1 1.14 0 0
16 1 1.14 0 0
16 1 1.14 0 0
16 1 1.14 0 0
16 1 1.14 0 0
16 1 1.14 0 0
16 1 1.14 1 1
16 1 1.14 0 0
16 1 1.14 0 0
16 1 1.14 0 0
16 1 1.14 1 1
16 1 1.14 1 1
16 1 1.14 0 0
16 1 1.14 0 0
16 1 1.14 0 0
16 1 1.14 1 1
16 1 1.14 1 1
16 1 1.14 0 0
16 1 1.14 1 1
16 1 1.14 0 0
16 1 1.14 1 1
16 1 1.14 0 0
16 1 1.14 0 0
16 1 1.14 0 0
16 1 1.14 1 1
16 1 1.14 0 0
16 1 1.14 1 1
16 1 1.14 1 1
16 1 1.14 0 0
16 1 1.14 0 0
16 1 1.14 1 1
17 1 1.16667 1 1
17 1 1.16667 0 0
17 1 1.16667 1 1
17 1 1.16667 1 1
17 1 1.16667 0 0
17 1 1.16667 0 0
17 1 1.16667 1 1
17 1 1.16667 1 1
17 1 1.16667 0 1
17 1 1.16667 1 1
17 1 1.16667 0 0
17 1 1.16667 0 1
17 1 1.16667 1 1
17 1 1.16667 1 1
17 1 1.16667 0 0
17 1 1.16667 1 1
17 1 1.16667 1 0
17 1 1.16667 0 1
17 1 1.16667 0 0
17 1 1.16667 0 0
17 1 1.16667 1 1
17 1 1.16667 0 0
17 1 1.16667 1 1
17 1 1.16667 1 0
17 1 1.16667 0 1
17 1 1.16667 1 1
17 1 1.16667 1 1
17 1 1.16667 0 0
17 1 1.16667 1 1
17 1 1.16667 0 0
17 1 1.16667 0 1
17 1 1.16667 0 0
17 1 1.16667 1 1
17 1 1.16667 1 1
17 1 1.16667 0 0
17 1 1.16667 1 0
17 1 1.16667 1 1
17 1 1.16667 1 1
17 1 1.16667 0 0
17 1 1.16667 1 1
17 1 1.16667 0 0
17 1 1.16667 1 1
17 1 1.16667 1 1
17 1 1.16667 0 0
17 1 1.16667 1 1
17 1 1.16667 0 0
17 1 1.16667 0 0
17 1 1.16667 0 0
17 1 1.16667 0 0
17 1 1.16667 0 0
17 1 1.16667 1 1
17 1 1.16667 1 1
17 1 1.16667 0 0
17 1 1.16667 0 0
17 1 1.16667 1 1
18 1 1.3 1 1
18 1 1.3 0 0
18 1 1.3 1 1
18 1 1.3 1 1
18 1 1.3 0 0
18 1 1.3 0 0
18 1 1.3 1 1
18 1 1.3 1 1
18 1 1.3 1 1
18 1 1.3 0 0
18 1 1.3 0 0
18 1 1.3 0 0
18 1 1.3 1 1
18 1 1.3 1 1
18 1 1.3 0 0
18 1 1.3 1 1
18 1 1.3 1 1
18 1 1.3 1 0
18 1 1.3 1 1
18 1 1.3 1 1
18 1 1.3 1 1
18 1 1.3 1 1
18 1 1.3 1 1
18 1 1.3 1 1
18 1 1.3 0 0
18 1 1.3 0 0
18 1 1.3 1 1
18 1 1.3 1 1
18 1 1.3 1 1
18 1 1.3 1 1
18 1 1.3 0 0
18 1 1.3 1 1
18 1 1.3 0 0
18 1 1.3 0 0
18 1 1.3 1 1
18 1 1.3 0 0
18 1 1.3 1 1
18 1 1.3 1 1
18 1 1.3 1 1
18 1 1.3 1 1
18 1 1.3 1 1
18 1 1.3 0 0
18 1 1.3 0 0
18 1 1.3 1 1
18 1 1.3 1 1
18 1 1.3 1 1
18 1 1.3 0 0
18 1 1.3 1 1
18 1 1.3 0 0
18 1 1.3 0 0
18 1 1.3 0 0
18 1 1.3 1 1
18 1 1.3 0 0
18 1 1.3 0 0
18 1 1.3 0 0
19 1 1.43333 1 0
19 1 1.43333 0 0
19 1 1.43333 1 1
19 1 1.43333 1 1
19 1 1.43333 0 0
19 1 1.43333 1 1
19 1 1.43333 1 0
19 1 1.43333 0 0
19 1 1.43333 1 1
19 1 1.43333 0 0
19 1 1.43333 0 1
19 1 1.43333 1 0
19 1 1.43333 1 1
19 1 1.43333 0 0
19 1 1.43333 1 0
19 1 1.43333 0 1
19 1 1.43333 0 0
19 1 1.43333 1 0
19 1 1.43333 0 0
19 1 1.43333 1 1
19 1 1.43333 1 1
19 1 1.43333 0 0
19 1 1.43333 1 1
19 1 1.43333 1 0
19 1 1.43333 0 0
19 1 1.43333 0 0
19 1 1.43333 0 0
19 1 1.43333 1 1
19 1 1.43333 1 1
19 1 1.43333 0 0
19 1 1.43333 0 0
19 1 1.43333 1 1
19 1 1.43333 0 0
19 1 1.43333 1 1
19 1 1.43333 0 0
19 1 1.43333 1 1
19 1 1.43333 1 1
19 1 1.43333 0 0
19 1 1.43333 0 1
19 1 1.43333 0 0
19 1 1.43333 0 0
19 1 1.43333 0 0
19 1 1.43333 1 1
19 1 1.43333 0 0
19 1 1.43333 1 1
19 1 1.43333 0 0
19 1 1.43333 1 0
19 1 1.43333 0 0
19 1 1.43333 1 1
19 1 1.43333 0 0
19 1 1.43333 0 0
19 1 1.43333 0 0
19 1 1.43333 0 0
19 1 1.43333 1 1
19 1 1.43333 1 1
20 1 1.7 0 0
20 1 1.7 1 1
20 1 1.7 0 0
20 1 1.7 0 0
20 1 1.7 1 1
20 1 1.7 0 0
20 1 1.7 1 1
20 1 1.7 1 1
20 1 1.7 0 0
20 1 1.7 1 1
20 1 1.7 1 1
20 1 1.7 1 1
20 1 1.7 0 0
20 1 1.7 0 0
20 1 1.7 1 1
20 1 1.7 0 0
20 1 1.7 0 0
20 1 1.7 1 1
20 1 1.7 0 0
20 1 1.7 0 0
20 1 1.7 1 1
20 1 1.7 0 0
20 1 1.7 0 0
20 1 1.7 1 1
20 1 1.7 1 1
20 1 1.7 1 1
20 1 1.7 1 1
20 1 1.7 0 0
20 1 1.7 1 1
20 1 1.7 0 0
20 1 1.7 0 0
20 1 1.7 1 1
20 1 1.7 0 0
20 1 1.7 0 0
20 1 1.7 1 1
20 1 1.7 1 1
20 1 1.7 0 0
20 1 1.7 1 1
20 1 1.7 1 1
20 1 1.7 0 0
20 1 1.7 0 0
20 1 1.7 1 1
20 1 1.7 0 0
20 1 1.7 0 0
20 1 1.7 0 0
20 1 1.7 1 1
20 1 1.7 0 0
20 1 1.7 1 1
20 1 1.7 0 0
20 1 1.7 1 1
20 1 1.7 1 1
20 1 1.7 0 0
20 1 1.7 0 0
20 1 1.7 1 1
20 1 1.7 0 0
21 1 1.96667 0 0
21 1 1.96667 1 1
21 1 1.96667 0 0
21 1 1.96667 0 0
21 1 1.96667 1 1
21 1 1.96667 1 1
21 1 1.96667 1 1
21 1 1.96667 0 0
21 1 1.96667 1 1
21 1 1.96667 1 1
21 1 1.96667 1 1
21 1 1.96667 0 0
21 1 1.96667 1 1
21 1 1.96667 0 0
21 1 1.96667 0 0
21 1 1.96667 0 0
21 1 1.96667 0 0
21 1 1.96667 1 1
21 1 1.96667 0 0
21 1 1.96667 0 0
21 1 1.96667 0 0
21 1 1.96667 1 1
21 1 1.96667 1 1
21 1 1.96667 1 1
21 1 1.96667 1 1
21 1 1.96667 0 0
21 1 1.96667 0 0
21 1 1.96667 0 0
21 1 1.96667 0 0
21 1 1.96667 0 0
21 1 1.96667 1 1
21 1 1.96667 1 1
21 1 1.96667 1 1
21 1 1.96667 0 0
21 1 1.96667 1 1
21 1 1.96667 1 1
21 1 1.96667 1 1
21 1 1.96667 1 1
21 1 1.96667 1 1
21 1 1.96667 1 1
21 1 1.96667 1 1
21 1 1.96667 0 0
21 1 1.96667 1 1
21 1 1.96667 0 0
21 1 1.96667 1 1
21 1 1.96667 1 1
21 1 1.96667 1 1
21 1 1.96667 1 1
21 1 1.96667 0 0
21 1 1.96667 1 1
21 1 1.96667 0 0
21 1 1.96667 1 1
21 1 1.96667 0 0
21 1 1.96667 1 1
21 1 1.96667 0 0
22 1 2.23333 0 0
22 1 2.23333 1 1
22 1 2.23333 1 1
22 1 2.23333 0 0
22 1 2.23333 0 0
22 1 2.23333 1 1
22 1 2.23333 1 1
22 1 2.23333 0 0
22 1 2.23333 1 1
22 1 2.23333 0 0
22 1 2.23333 0 0
22 1 2.23333 1 1
22 1 2.23333 1 1
22 1 2.23333 1 1
22 1 2.23333 0 0
22 1 2.23333 0 0
22 1 2.23333 1 1
22 1 2.23333 1 1
22 1 2.23333 1 1
22 1 2.23333 0 0
22 1 2.23333 1 1
22 1 2.23333 0 0
22 1 2.23333 0 0
22 1 2.23333 0 0
22 1 2.23333 1 1
22 1 2.23333 0 0
22 1 2.23333 0 0
22 1 2.23333 0 0
22 1 2.23333 1 1
22 1 2.23333 0 0
22 1 2.23333 1 1
22 1 2.23333 1 1
22 1 2.23333 0 0
22 1 2.23333 1 1
22 1 2.23333 0 0
22 1 2.23333 0 0
22 1 2.23333 1 1
22 1 2.23333 0 0
22 1 2.23333 0 0
22 1 2.23333 1 1
22 1 2.23333 0 0
22 1 2.23333 1 1
22 1 2.23333 0 0
22 1 2.23333 0 0
22 1 2.23333 0 0
22 1 2.23333 1 1
22 1 2.23333 0 0
22 1 2.23333 1 1
22 1 2.23333 1 1
22 1 2.23333 0 0
22 1 2.23333 1 1
22 1 2.23333 1 1
22 1 2.23333 1 1
22 1 2.23333 1 1
22 1 2.23333 1 1
23 1 2.5 0 0
23 1 2.5 0 0
23 1 2.5 1 1
23 1 2.5 1 1
23 1 2.5 1 1
23 1 2.5 0 0
23 1 2.5 0 1
23 1 2.5 0 0
23 1 2.5 0 0
23 1 2.5 1 1
23 1 2.5 0 0
23 1 2.5 1 1
23 1 2.5 0 0
23 1 2.5 1 1
23 1 2.5 1 1
23 1 2.5 0 0
23 1 2.5 0 0
23 1 2.5 1 1
23 1 2.5 0 1
23 1 2.5 0 0
23 1 2.5 1 1
23 1 2.5 1 1
23 1 2.5 0 0
23 1 2.5 0 0
23 1 2.5 1 1
23 1 2.5 0 0
23 1 2.5 0 0
23 1 2.5 0 0
23 1 2.5 1 1
23 1 2.5 1 1
23 1 2.5 1 1
23 1 2.5 1 1
23 1 2.5 1 1
23 1 2.5 0 0
23 1 2.5 0 0
23 1 2.5 0 0
23 1 2.5 1 1
23 1 2.5 0 0
23 1 2.5 0 0
23 1 2.5 0 0
23 1 2.5 0 0
23 1 2.5 0 0
23 1 2.5 0 0
23 1 2.5 0 0
23 1 2.5 1 1
23 1 2.5 0 0
23 1 2.5 0 0
23 1 2.5 0 0
23 1 2.5 0 0
23 1 2.5 0 0
23 1 2.5 1 1
23 1 2.5 0 0
23 1 2.5 1 1
23 1 2.5 0 0
23 1 2.5 0 0
56 1 0.3 0 0
56 1 0.3 0 0
56 1 0.3 1 1
56 1 0.3 1 0
56 1 0.3 1 0
56 1 0.3 1 1
56 1 0.3 1 0
56 1 0.3 0 1
56 1 0.3 1 0
56 1 0.3 1 0
56 1 0.3 1 1
56 1 0.3 0 0
56 1 0.3 1 1
56 1 0.3 0 0
56 1 0.3 0 1
56 1 0.3 1 0
56 1 0.3 1 1
56 1 0.3 1 1
56 1 0.3 0 0
56 1 0.3 0 1
56 1 0.3 1 0
56 1 0.3 1 1
56 1 0.3 0 0
56 1 0.3 1 1
56 1 0.3 0 1
56 1 0.3 1 0
56 1 0.3 0 1
56 1 0.3 1 0
56 1 0.3 1 0
56 1 0.3 1 1
56 1 0.3 1 1
56 1 0.3 1 1
56 1 0.3 0 1
56 1 0.3 0 0
56 1 0.3 1 0
56 1 0.3 0 1
56 1 0.3 1 0
56 1 0.3 1 0
56 1 0.3 1 1
56 1 0.3 0 1
56 1 0.3 1 1
56 1 0.3 0 0
56 1 0.3 0 0
56 1 0.3 0 0
56 1 0.3 1 0
56 1 0.3 0 0
56 1 0.3 1 1
56 1 0.3 1 1
56 1 0.3 1 1
56 1 0.3 1 1
56 1 0.3 0 1
56 1 0.3 1 0
56 1 0.3 0 1
56 1 0.3 0 1
56 1 0.3 0 1
57 1 0.513333 0 1
57 1 0.513333 1 1
57 1 0.513333 1 0
57 1 0.513333 0 0
57 1 0.513333 0 0
57 1 0.513333 0 1
57 1 0.513333 0 1
57 1 0.513333 1 0
57 1 0.513333 1 0
57 1 0.513333 0 1
57 1 0.513333 0 1
57 1 0.513333 0 0
57 1 0.513333 0 0
57 1 0.513333 1 0
57 1 0.513333 1 1
57 1 0.513333 0 1
57 1 0.513333 1 1
57 1 0.513333 1 1
57 1 0.513333 0 0
57 1 0.513333 1 1
57 1 0.513333 0 0
57 1 0.513333 0 0
57 1 0.513333 1 0
57 1 0.513333 1 1
57 1 0.513333 1 0
57 1 0.513333 0 1
57 1 0.513333 0 1
57 1 0.513333 0 1
57 1 0.513333 1 0
57 1 0.513333 0 1
57 1 0.513333 1 0
57 1 0.513333 0 1
57 1 0.513333 0 0
57 1 0.513333 1 0
57 1 0.513333 0 1
57 1 0.513333 1 1
57 1 0.513333 1 0
57 1 0.513333 1 0
57 1 0.513333 1 1
57 1 0.513333 1 0
57 1 0.513333 1 1
57 1 0.513333 1 0
57 1 0.513333 0 1
57 1 0.513333 0 0
57 1 0.513333 0 0
57 1 0.513333 1 0
57 1 0.513333 1 1
57 1 0.513333 0 0
57 1 0.513333 1 0
57 1 0.513333 1 1
57 1 0.513333 0 1
57 1 0.513333 1 0
57 1 0.513333 0 1
57 1 0.513333 0 1
57 1 0.513333 0 0
58 1 0.726667 1 1
58 1 0.726667 1 0
58 1 0.726667 1 0
58 1 0.726667 1 0
58 1 0.726667 1 0
58 1 0.726667 1 0
58 1 0.726667 1 1
58 1 0.726667 1 1
58 1 0.726667 0 1
58 1 0.726667 0 0
58 1 0.726667 1 0
58 1 0.726667 1 1
58 1 0.726667 0 1
58 1 0.726667 0 1
58 1 0.726667 0 0
58 1 0.726667 1 0
58 1 0.726667 1 0
58 1 0.726667 0 0
58 1 0.726667 0 0
58 1 0.726667 1 1
58 1 0.726667 0 0
58 1 0.726667 0 0
58 1 0.726667 0 0
58 1 0.726667 1 0
58 1 0.726667 0 1
58 1 0.726667 1 0
58 1 0.726667 1 0
58 1 0.726667 1 1
58 1 0.726667 0 0
58 1 0.726667 0 0
58 1 0.726667 0 1
58 1 0.726667 1 0
58 1 0.726667 0 0
58 1 0.726667 0 1
58 1 0.726667 0 0
58 1 0.726667 0 0
58 1 0.726667 0 0
58 1 0.726667 0 0
58 1 0.726667 1 1
58 1 0.726667 0 0
58 1 0.726667 0 0
58 1 0.726667 0 1
58 1 0.726667 1 1
58 1 0.726667 0 0
58 1 0.726667 0 0
58 1 0.726667 0 0
58 1 0.726667 0 0
58 1 0.726667 1 0
58 1 0.726667 0 1
58 1 0.726667 1 0
58 1 0.726667 0 1
58 1 0.726667 1 1
58 1 0.726667 0 0
58 1 0.726667 1 0
58 1 0.726667 0 1
59 1 0.94 1 0
59 1 0.94 1 1
59 1 0.94 1 1
59 1 0.94 1 0
59 1 0.94 0 0
59 1 0.94 1 0
59 1 0.94 1 0
59 1 0.94 1 0
59 1 0.94 0 0
59 1 0.94 0 0
59 1 0.94 0 0
59 1 0.94 0 0
59 1 0.94 0 0
59 1 0.94 1 1
59 1 0.94 0 0
59 1 0.94 0 0
59 1 0.94 1 1
59 1 0.94 0 0
59 1 0.94 0 0
59 1 0.94 1 0
59 1 0.94 1 0
59 1 0.94 1 1
59 1 0.94 0 0
59 1 0.94 1 0
59 1 0.94 1 1
59 1 0.94 1 0
59 1 0.94 0 0
59 1 0.94 0 0
59 1 0.94 1 1
59 1 0.94 0 0
59 1 0.94 0 1
59 1 0.94 0 0
59 1 0.94 1 1
59 1 0.94 0 0
59 1 0.94 1 1
59 1 0.94 1 1
59 1 0.94 0 1
59 1 0.94 1 0
59 1 0.94 0 0
59 1 0.94 1 1
59 1 0.94 0 1
59 1 0.94 1 0
59 1 0.94 1 0
59 1 0.94 1 1
59 1 0.94 1 0
59 1 0.94 1 1
59 1 0.94 0 1
59 1 0.94 1 1
59 1 0.94 0 0
59 1 0.94 0 0
59 1 0.94 0 0
59 1 0.94 0 0
59 1 0.94 1 1
59 1 0.94 1 1
59 1 0.94 0 0
60 1 1.15333 0 0
60 1 1.15333 1 1
60 1 1.15333 0 0
60 1 1.15333 1 1
60 1 1.15333 0 0
60 1 1.15333 0 0
60 1 1.15333 1 1
60 1 1.15333 0 0
60 1 1.15333 1 0
60 1 1.15333 1 1
60 1 1.15333 1 0
60 1 1.15333 1 1
60 1 1.15333 1 1
60 1 1.15333 0 0
60 1 1.15333 1 0
60 1 1.15333 1 1
60 1 1.15333 1 1
60 1 1.15333 1 1
60 1 1.15333 0 1
60 1 1.15333 1 1
60 1 1.15333 0 0
60 1 1.15333 1 1
60 1 1.15333 0 0
60 1 1.15333 1 1
60 1 1.15333 1 1
60 1 1.15333 0 0
60 1 1.15333 0 0
60 1 1.15333 0 0
60 1 1.15333 1 1
60 1 1.15333 1 1
60 1 1.15333 0 0
60 1 1.15333 1 1
60 1 1.15333 0 0
60 1 1.15333 0 1
60 1 1.15333 0 0
60 1 1.15333 0 0
60 1 1.15333 1 0
60 1 1.15333 0 0
60 1 1.15333 1 1
60 1 1.15333 1 1
60 1 1.15333 0 0
60 1 1.15333 0 0
60 1 1.15333 1 1
60 1 1.15333 1 1
60 1 1.15333 0 0
60 1 1.15333 0 0
60 1 1.15333 1 0
60 1 1.15333 0 0
60 1 1.15333 0 0
60 1 1.15333 1 1
60 1 1.15333 0 0
60 1 1.15333 1 1
60 1 1.15333 1 0
60 1 1.15333 1 1
60 1 1.15333 0 0
61 1 1.36667 0 0
61 1 1.36667 1 1
61 1 1.36667 1 1
61 1 1.36667 0 0
61 1 1.36667 0 0
61 1 1.36667 0 0
61 1 1.36667 0 0
61 1 1.36667 1 0
61 1 1.36667 1 1
61 1 1.36667 1 0
61 1 1.36667 0 0
61 1 1.36667 1 0
61 1 1.36667 1 1
61 1 1.36667 0 0
61 1 1.36667 1 1
61 1 1.36667 0 0
61 1 1.36667 1 1
61 1 1.36667 1 1
61 1 1.36667 0 1
61 1 1.36667 1 1
61 1 1.36667 0 0
61 1 1.36667 1 1
61 1 1.36667 1 1
61 1 1.36667 0 1
61 1 1.36667 1 1
61 1 1.36667 0 1
61 1 1.36667 0 1
61 1 1.36667 0 0
61 1 1.36667 0 0
61 1 1.36667 1 1
61 1 1.36667 1 1
61 1 1.36667 0 0
61 1 1.36667 1 1
61 1 1.36667 0 0
61 1 1.36667 1 1
61 1 1.36667 0 0
61 1 1.36667 1 1
61 1 1.36667 1 1
61 1 1.36667 0 0
61 1 1.36667 1 0
61 1 1.36667 0 1
61 1 1.36667 1 1
61 1 1.36667 1 1
61 1 1.36667 0 0
61 1 1.36667 1 1
61 1 1.36667 0 0
61 1 1.36667 0 0
61 1 1.36667 0 1
61 1 1.36667 0 0
61 1 1.36667 1 1
61 1 1.36667 0 0
61 1 1.36667 1 1
61 1 1.36667 1 1
61 1 1.36667 0 1
61 1 1.36667 1 0
62 1 1.58 0 0
62 1 1.58 0 0
62 1 1.58 1 1
62 1 1.58 1 1
62 1 1.58 1 1
62 1 1.58 1 1
62 1 1.58 1 1
62 1 1.58 1 1
62 1 1.58 0 0
62 1 1.58 0 0
62 1 1.58 0 0
62 1 1.58 1 1
62 1 1.58 1 1
62 1 1.58 0 0
62 1 1.58 0 0
62 1 1.58 1 1
62 1 1.58 0 0
62 1 1.58 1 1
62 1 1.58 0 0
62 1 1.58 1 1
62 1 1.58 0 1
62 1 1.58 1 1
62 1 1.58 0 0
62 1 1.58 0 0
62 1 1.58 0 0
62 1 1.58 0 0
62 1 1.58 0 0
62 1 1.58 1 1
62 1 1.58 1 1
62 1 1.58 0 0
62 1 1.58 1 1
62 1 1.58 0 0
62 1 1.58 1 0
62 1 1.58 0 0
62 1 1.58 0 0
62 1 1.58 1 0
62 1 1.58 0 0
62 1 1.58 0 0
62 1 1.58 1 1
62 1 1.58 1 1
62 1 1.58 1 1
62 1 1.58 0 0
62 1 1.58 0 0
62 1 1.58 1 1
62 1 1.58 0 1
62 1 1.58 0 0
62 1 1.58 0 0
62 1 1.58 0 0
62 1 1.58 0 0
62 1 1.58 1 1
62 1 1.58 0 0
62 1 1.58 0 0
62 1 1.58 1 1
62 1 1.58 0 0
62 1 1.58 0 0
63 1 1.79333 1 1
63 1 1.79333 1 1
63 1 1.79333 1 1
63 1 1.79333 1 1
63 1 1.79333 0 0
63 1 1.79333 1 0
63 1 1.79333 0 0
63 1 1.79333 1 1
63 1 1.79333 0 0
63 1 1.79333 1 1
63 1 1.79333 0 0
63 1 1.79333 0 0
63 1 1.79333 0 0
63 1 1.79333 1 1
63 1 1.79333 1 1
63 1 1.79333 1 1
63 1 1.79333 0 0
63 1 1.79333 1 1
63 1 1.79333 0 0
63 1 1.79333 1 1
63 1 1.79333 1 1
63 1 1.79333 0 0
63 1 1.79333 1 1
63 1 1.79333 1 1
63 1 1.79333 1 1
63 1 1.79333 0 0
63 1 1.79333 0 0
63 1 1.79333 0 0
63 1 1.79333 1 1
63 1 1.79333 1 1
63 1 1.79333 0 0
63 1 1.79333 1 1
63 1 1.79333 1 1
63 1 1.79333 0 0
63 1 1.79333 0 0
63 1 1.79333 1 1
63 1 1.79333 0 0
63 1 1.79333 1 1
63 1 1.79333 1 1
63 1 1.79333 0 0
63 1 1.79333 1 1
63 1 1.79333 0 0
63 1 1.79333 1 1
63 1 1.79333 1 0
63 1 1.79333 0 0
63 1 1.79333 0 0
63 1 1.79333 1 1
63 1 1.79333 1 1
63 1 1.79333 0 0
63 1 1.79333 0 0
63 1 1.79333 1 1
63 1 1.79333 1 1
63 1 1.79333 1 1
63 1 1.79333 1 1
63 1 1.79333 1 1
80 1 0.406667 0 1
80 1 0.406667 1 1
80 1 0.406667 1 1
80 1 0.406667 0 0
80 1 0.406667 1 0
80 1 0.406667 0 1
80 1 0.406667 0 1
80 1 0.406667 1 0
80 1 0.406667 1 1
80 1 0.406667 1 1
80 1 0.406667 0 1
80 1 0.406667 0 0
80 1 0.406667 1 0
80 1 0.406667 1 1
80 1 0.406667 1 1
80 1 0.406667 0 1
80 1 0.406667 1 0
80 1 0.406667 0 1
80 1 0.406667 0 1
80 1 0.406667 0 0
80 1 0.406667 1 0
80 1 0.406667 0 1
80 1 0.406667 0 1
80 1 0.406667 0 0
80 1 0.406667 1 0
80 1 0.406667 0 1
80 1 0.406667 1 1
80 1 0.406667 1 1
80 1 0.406667 0 1
80 1 0.406667 1 0
80 1 0.406667 0 1
80 1 0.406667 0 1
80 1 0.406667 1 0
80 1 0.406667 0 0
80 1 0.406667 0 0
80 1 0.406667 1 1
80 1 0.406667 0 1
80 1 0.406667 1 0
80 1 0.406667 0 1
80 1 0.406667 0 1
80 1 0.406667 0 0
80 1 0.406667 1 0
80 1 0.406667 0 1
80 1 0.406667 1 1
80 1 0.406667 1 1
80 1 0.406667 0 0
80 1 0.406667 1 0
80 1 0.406667 1 1
80 1 0.406667 1 1
80 1 0.406667 1 0
80 1 0.406667 1 1
80 1 0.406667 1 1
80 1 0.406667 0 0
80 1 0.406667 0 0
80 1 0.406667 1 0
81 1 0.62 0 0
81 1 0.62 0 1
81 1 0.62 1 0
81 1 0.62 1 0
81 1 0.62 0 1
81 1 0.62 1 0
81 1 0.62 0 1
81 1 0.62 0 1
81 1 0.62 1 0
81 1 0.62 1 0
81 1 0.62 0 0
81 1 0.62 1 1
81 1 0.62 1 0
81 1 0.62 0 1
81 1 0.62 0 0
81 1 0.62 0 1
81 1 0.62 1 0
81 1 0.62 0 1
81 1 0.62 1 0
81 1 0.62 1 1
81 1 0.62 0 1
81 1 0.62 1 0
81 1 0.62 1 1
81 1 0.62 0 0
81 1 0.62 1 1
81 1 0.62 0 0
81 1 0.62 0 1
81 1 0.62 0 0
81 1 0.62 1 1
81 1 0.62 1 1
81 1 0.62 0 0
81 1 0.62 1 1
81 1 0.62 1 0
81 1 0.62 1 1
81 1 0.62 0 1
81 1 0.62 1 0
81 1 0.62 0 1
81 1 0.62 1 1
81 1 0.62 1 1
81 1 0.62 0 0
81 1 0.62 1 1
81 1 0.62 0 1
81 1 0.62 0 0
81 1 0.62 0 1
81 1 0.62 0 0
81 1 0.62 0 1
81 1 0.62 1 1
81 1 0.62 1 1
81 1 0.62 0 0
81 1 0.62 0 1
81 1 0.62 1 0
81 1 0.62 0 1
81 1 0.62 1 1
81 1 0.62 1 1
81 1 0.62 0 1
82 1 0.833333 1 0
82 1 0.833333 1 0
82 1 0.833333 1 1
82 1 0.833333 1 1
82 1 0.833333 0 0
82 1 0.833333 1 1
82 1 0.833333 1 1
82 1 0.833333 0 0
82 1 0.833333 0 1
82 1 0.833333 0 0
82 1 0.833333 0 1
82 1 0.833333 0 0
82 1 0.833333 1 1
82 1 0.833333 1 1
82 1 0.833333 1 1
82 1 0.833333 0 0
82 1 0.833333 0 0
82 1 0.833333 0 1
82 1 0.833333 0 0
82 1 0.833333 1 0
82 1 0.833333 1 0
82 1 0.833333 1 0
82 1 0.833333 1 1
82 1 0.833333 1 1
82 1 0.833333 1 0
82 1 0.833333 0 1
82 1 0.833333 0 0
82 1 0.833333 0 0
82 1 0.833333 1 1
82 1 0.833333 0 0
82 1 0.833333 0 1
82 1 0.833333 1 1
82 1 0.833333 0 0
82 1 0.833333 0 0
82 1 0.833333 1 1
82 1 0.833333 0 0
82 1 0.833333 1 1
82 1 0.833333 0 0
82 1 0.833333 0 0
82 1 0.833333 0 1
82 1 0.833333 0 0
82 1 0.833333 0 1
82 1 0.833333 1 1
82 1 0.833333 1 1
82 1 0.833333 1 0
82 1 0.833333 1 1
82 1 0.833333 1 1
82 1 0.833333 1 0
82 1 0.833333 1 0
82 1 0.833333 1 1
82 1 0.833333 1 1
82 1 0.833333 0 0
82 1 0.833333 0 0
82 1 0.833333 1 1
82 1 0.833333 1 0
83 1 1.04667 1 1
83 1 1.04667 0 1
83 1 1.04667 1 1
83 1 1.04667 1 1
83 1 1.04667 0 0
83 1 1.04667 1 0
83 1 1.04667 1 1
83 1 1.04667 1 1
83 1 1.04667 0 1
83 1 1.04667 0 0
83 1 1.04667 1 1
83 1 1.04667 0 0
83 1 1.04667 0 0
83 1 1.04667 1 1
83 1 1.04667 0 1
83 1 1.04667 0 0
83 1 1.04667 1 0
83 1 1.04667 0 1
83 1 1.04667 0 0
83 1 1.04667 1 1
83 1 1.04667 1 1
83 1 1.04667 1 1
83 1 1.04667 1 0
83 1 1.04667 0 0
83 1 1.04667 1 1
83 1 1.04667 0 0
83 1 1.04667 0 0
83 1 1.04667 1 1
83 1 1.04667 0 1
83 1 1.04667 0 0
83 1 1.04667 1 1
83 1 1.04667 1 1
83 1 1.04667 0 0
83 1 1.04667 1 1
83 1 1.04667 1 0
83 1 1.04667 0 1
83 1 1.04667 0 0
83 1 1.04667 1 0
83 1 1.04667 0 0
83 1 1.04667 0 0
83 1 1.04667 0 0
83 1 1.04667 1 1
83 1 1.04667 0 0
83 1 1.04667 1 1
83 1 1.04667 0 0
83 1 1.04667 1 1
83 1 1.04667 1 0
83 1 1.04667 0 0
83 1 1.04667 0 0
83 1 1.04667 1 0
83 1 1.04667 0 0
83 1 1.04667 0 0
83 1 1.04667 1 1
83 1 1.04667 0 0
83 1 1.04667 0 0
84 1 1.26 0 0
84 1 1.26 1 0
84 1 1.26 1 1
84 1 1.26 0 0
84 1 1.26 1 0
84 1 1.26 0 1
84 1 1.26 0 0
84 1 1.26 1 1
84 1 1.26 1 1
84 1 1.26 0 1
84 1 1.26 1 1
84 1 1.26 0 0
84 1 1.26 0 0
84 1 1.26 1 1
84 1 1.26 0 0
84 1 1.26 1 0
84 1 1.26 1 1
84 1 1.26 0 0
84 1 1.26 1 1
84 1 1.26 1 0
84 1 1.26 0 0
84 1 1.26 0 0
84 1 1.26 0 0
84 1 1.26 1 1
84 1 1.26 1 1
84 1 1.26 0 0
84 1 1.26 0 0
84 1 1.26 1 1
84 1 1.26 0 0
84 1 1.26 1 1
84 1 1.26 0 0
84 1 1.26 1 1
84 1 1.26 1 1
84 1 1.26 0 0
84 1 1.26 0 0
84 1 1.26 0 0
84 1 1.26 0 0
84 1 1.26 0 0
84 1 1.26 1 1
84 1 1.26 0 0
84 1 1.26 1 1
84 1 1.26 0 0
84 1 1.26 1 1
84 1 1.26 0 0
84 1 1.26 1 1
84 1 1.26 0 0
84 1 1.26 0 0
84 1 1.26 0 0
84 1 1.26 0 0
84 1 1.26 1 1
84 1 1.26 1 1
84 1 1.26 0 0
84 1 1.26 0 0
84 1 1.26 1 1
84 1 1.26 0 0
85 1 1.47333 1 1
85 1 1.47333 1 1
85 1 1.47333 1 1
85 1 1.47333 0 1
85 1 1.47333 1 1
85 1 1.47333 1 1
85 1 1.47333 1 0
85 1 1.47333 0 0
85 1 1.47333 1 1
85 1 1.47333 0 0
85 1 1.47333 0 0
85 1 1.47333 0 0
85 1 1.47333 0 0
85 1 1.47333 1 1
85 1 1.47333 0 0
85 1 1.47333 0 0
85 1 1.47333 0 0
85 1 1.47333 1 1
85 1 1.47333 1 1
85 1 1.47333 1 1
85 1 1.47333 1 1
85 1 1.47333 0 0
85 1 1.47333 0 0
85 1 1.47333 0 0
85 1 1.47333 0 0
85 1 1.47333 0 0
85 1 1.47333 1 1
85 1 1.47333 1 1
85 1 1.47333 1 1
85 1 1.47333 0 0
85 1 1.47333 1 1
85 1 1.47333 1 0
85 1 1.47333 1 1
85 1 1.47333 1 1
85 1 1.47333 1 1
85 1 1.47333 1 1
85 1 1.47333 1 1
85 1 1.47333 0 0
85 1 1.47333 1 1
85 1 1.47333 0 0
85 1 1.47333 1 0
85 1 1.47333 1 1
85 1 1.47333 1 0
85 1 1.47333 1 1
85 1 1.47333 0 0
85 1 1.47333 1 1
85 1 1.47333 0 0
85 1 1.47333 1 1
85 1 1.47333 0 0
85 1 1.47333 1 1
85 1 1.47333 0 0
85 1 1.47333 1 1
85 1 1.47333 0 0
85 1 1.47333 1 1
85 1 1.47333 1 1
86 1 1.68667 0 0
86 1 1.68667 0 0
86 1 1.68667 1 1
86 1 1.68667 0 0
86 1 1.68667 1 1
86 1 1.68667 0 0
86 1 1.68667 0 1
86 1 1.68667 0 0
86 1 1.68667 1 1
86 1 1.68667 0 0
86 1 1.68667 0 0
86 1 1.68667 0 0
86 1 1.68667 1 1
86 1 1.68667 0 0
86 1 1.68667 1 1
86 1 1.68667 0 0
86 1 1.68667 1 1
86 1 1.68667 1 1
86 1 1.68667 1 1
86 1 1.68667 1 1
86 1 1.68667 1 1
86 1 1.68667 1 1
86 1 1.68667 0 0
86 1 1.68667 0 0
86 1 1.68667 0 0
86 1 1.68667 1 1
86 1 1.68667 0 0
86 1 1.68667 1 1
86 1 1.68667 0 0
86 1 1.68667 1 1
86 1 1.68667 1 1
86 1 1.68667 0 0
86 1 1.68667 1 1
86 1 1.68667 1 1
86 1 1.68667 1 1
86 1 1.68667 1 1
86 1 1.68667 1 1
86 1 1.68667 1 1
86 1 1.68667 1 1
86 1 1.68667 1 1
86 1 1.68667 1 1
86 1 1.68667 1 1
86 1 1.68667 1 1
86 1 1.68667 0 0
86 1 1.68667 0 0
86 1 1.68667 0 0
86 1 1.68667 0 0
86 1 1.68667 1 1
86 1 1.68667 0 0
86 1 1.68667 0 0
86 1 1.68667 0 1
86 1 1.68667 0 0
86 1 1.68667 1 1
86 1 1.68667 0 0
86 1 1.68667 0 0
87 1 1.9 0 0
87 1 1.9 0 0
87 1 1.9 0 0
87 1 1.9 0 0
87 1 1.9 0 0
87 1 1.9 1 1
87 1 1.9 1 1
87 1 1.9 0 0
87 1 1.9 1 0
87 1 1.9 1 1
87 1 1.9 1 1
87 1 1.9 0 0
87 1 1.9 0 0
87 1 1.9 0 0
87 1 1.9 1 0
87 1 1.9 0 0
87 1 1.9 1 1
87 1 1.9 0 0
87 1 1.9 0 0
87 1 1.9 0 0
87 1 1.9 0 0
87 1 1.9 1 1
87 1 1.9 0 0
87 1 1.9 1 1
87 1 1.9 1 1
87 1 1.9 0 0
87 1 1.9 1 1
87 1 1.9 0 0
87 1 1.9 1 1
87 1 1.9 0 0
87 1 1.9 1 1
87 1 1.9 1 1
87 1 1.9 1 1
87 1 1.9 1 1
87 1 1.9 1 1
87 1 1.9 1 1
87 1 1.9 0 0
87 1 1.9 1 1
87 1 1.9 1 1
87 1 1.9 0 0
87 1 1.9 1 1
87 1 1.9 1 1
87 1 1.9 0 0
87 1 1.9 1 1
87 1 1.9 1 1
87 1 1.9 1 1
87 1 1.9 1 1
87 1 1.9 1 1
87 1 1.9 1 1
87 1 1.9 1 1
87 1 1.9 0 0
87 1 1.9 1 1
87 1 1.9 0 0
87 1 1.9 1 1
87 1 1.9 1 1
104 1 0.3 0 1
104 1 0.3 1 0
104 1 0.3 0 1
104 1 0.3 0 0
104 1 0.3 1 1
104 1 0.3 0 1
104 1 0.3 1 0
104 1 0.3 0 1
104 1 0.3 1 0
104 1 0.3 1 1
104 1 0.3 1 0
104 1 0.3 0 0
104 1 0.3 0 0
104 1 0.3 0 0
104 1 0.3 0 1
104 1 0.3 1 0
104 1 0.3 0 1
104 1 0.3 1 0
104 1 0.3 1 1
104 1 0.3 1 0
104 1 0.3 0 1
104 1 0.3 1 0
104 1 0.3 0 0
104 1 0.3 1 1
104 1 0.3 0 1
104 1 0.3 1 0
104 1 0.3 0 0
104 1 0.3 0 0
104 1 0.3 0 0
104 1 0.3 0 0
104 1 0.3 1 0
104 1 0.3 0 1
104 1 0.3 1 0
104 1 0.3 0 1
104 1 0.3 1 0
104 1 0.3 0 1
104 1 0.3 0 1
104 1 0.3 1 0
104 1 0.3 1 1
104 1 0.3 0 1
104 1 0.3 0 0
104 1 0.3 0 0
104 1 0.3 0 1
104 1 0.3 0 0
104 1 0.3 0 0
104 1 0.3 0 0
104 1 0.3 0 1
104 1 0.3 0 1
104 1 0.3 1 0
104 1 0.3 0 1
104 1 0.3 0 1
104 1 0.3 1 0
104 1 0.3 0 1
104 1 0.3 0 1
104 1 0.3 1 0
105 1 0.513333 1 1
105 1 0.513333 1 1
105 1 0.513333 1 1
105 1 0.513333 0 1
105 1 0.513333 0 0
105 1 0.513333 0 1
105 1 0.513333 0 1
105 1 0.513333 0 1
105 1 0.513333 1 0
105 1 0.513333 1 0
105 1 0.513333 1 0
105 1 0.513333 0 1
105 1 0.513333 0 1
105 1 0.513333 1 0
105 1 0.513333 1 1
105 1 0.513333 1 0
105 1 0.513333 1 1
105 1 0.513333 0 1
105 1 0.513333 1 1
105 1 0.513333 1 0
105 1 0.513333 1 1
105 1 0.513333 1 1
105 1 0.513333 0 1
105 1 0.513333 1 0
105 1 0.513333 0 1
105 1 0.513333 1 0
105 1 0.513333 0 0
105 1 0.513333 0 0
105 1 0.513333 0 0
105 1 0.513333 1 0
105 1 0.513333 1 1
105 1 0.513333 1 1
105 1 0.513333 1 1
105 1 0.513333 0 0
105 1 0.513333 0 1
105 1 0.513333 0 0
105 1 0.513333 1 0
105 1 0.513333 1 0
105 1 0.513333 0 1
105 1 0.513333 1 0
105 1 0.513333 1 1
105 1 0.513333 1 0
105 1 0.513333 0 0
105 1 0.513333 0 1
105 1 0.513333 1 0
105 1 0.513333 1 1
105 1 0.513333 0 0
105 1 0.513333 1 0
105 1 0.513333 0 1
105 1 0.513333 0 1
105 1 0.513333 1 0
105 1 0.513333 1 0
105 1 0.513333 0 0
105 1 0.513333 0 1
105 1 0.513333 1 1
106 1 0.726667 1 1
106 1 0.726667 0 0
106 1 0.726667 1 0
106 1 0.726667 1 1
106 1 0.726667 0 1
106 1 0.726667 1 0
106 1 0.726667 0 1
106 1 0.726667 0 0
106 1 0.726667 0 1
106 1 0.726667 1 0
106 1 0.726667 1 1
106 1 0.726667 0 0
106 1 0.726667 0 0
106 1 0.726667 1 0
106 1 0.726667 1 1
106 1 0.726667 0 0
106 1 0.726667 1 0
106 1 0.726667 1 1
106 1 0.726667 1 1
106 1 0.726667 0 0
106 1 0.726667 1 0
106 1 0.726667 0 1
106 1 0.726667 0 0
106 1 0.726667 1 0
106 1 0.726667 1 1
106 1 0.726667 1 1
106 1 0.726667 0 1
106 1 0.726667 0 0
106 1 0.726667 0 0
106 1 0.726667 1 0
106 1 0.726667 0 1
106 1 0.726667 1 0
106 1 0.726667 1 0
106 1 0.726667 0 1
106 1 0.726667 0 1
106 1 0.726667 1 1
106 1 0.726667 1 0
106 1 0.726667 0 1
106 1 0.726667 1 0
106 1 0.726667 0 1
106 1 0.726667 0 0
106 1 0.726667 1 0
106 1 0.726667 0 0
106 1 0.726667 1 1
106 1 0.726667 0 0
106 1 0.726667 0 0
106 1 0.726667 0 0
106 1 0.726667 1 1
106 1 0.726667 1 1
106 1 0.726667 0 0
106 1 0.726667 0 0
106 1 0.726667 1 0
106 1 0.726667 1 1
106 1 0.726667 1 1
106 1 0.726667 1 0
107 1 0.94 1 1
107 1 0.94 1 1
107 1 0.94 0 0
107 1 0.94 1 1
107 1 0.94 0 1
107 1 0.94 0 0
107 1 0.94 0 0
107 1 0.94 0 0
107 1 0.94 1 1
107 1 0.94 1 1
107 1 0.94 0 0
107 1 0.94 0 0
107 1 0.94 1 0
107 1 0.94 1 1
107 1 0.94 0 0
107 1 0.94 1 1
107 1 0.94 1 1
107 1 0.94 1 0
107 1 0.94 1 1
107 1 0.94 0 1
107 1 0.94 0 0
107 1 0.94 1 0
107 1 0.94 1 1
107 1 0.94 0 0
107 1 0.94 0 0
107 1 0.94 0 0
107 1 0.94 0 0
107 1 0.94 0 0
107 1 0.94 0 0
107 1 0.94 1 0
107 1 0.94 1 1
107 1 0.94 1 1
107 1 0.94 1 1
107 1 0.94 1 1
107 1 0.94 1 1
107 1 0.94 1 0
107 1 0.94 1 1
107 1 0.94 1 1
107 1 0.94 0 0
107 1 0.94 1 0
107 1 0.94 0 0
107 1 0.94 0 1
107 1 0.94 1 1
107 1 0.94 0 0
107 1 0.94 1 1
107 1 0.94 1 0
107 1 0.94 1 1
107 1 0.94 0 0
107 1 0.94 1 1
107 1 0.94 0 0
107 1 0.94 1 1
107 1 0.94 0 0
107 1 0.94 1 1
107 1 0.94 0 0
107 1 0.94 1 1
108 1 1.15333 1 1
108 1 1.15333 0 0
108 1 1.15333 1 1
108 1 1.15333 1 1
108 1 1.15333 0 0
108 1 1.15333 0 0
108 1 1.15333 0 0
108 1 1.15333 1 0
108 1 1.15333 0 0
108 1 1.15333 1 1
108 1 1.15333 1 1
108 1 1.15333 0 0
108 1 1.15333 1 1
108 1 1.15333 0 0
108 1 1.15333 0 0
108 1 1.15333 1 1
108 1 1.15333 1 1
108 1 1.15333 1 1
108 1 1.15333 1 0
108 1 1.15333 1 1
108 1 1.15333 1 1
108 1 1.15333 0 0
108 1 1.15333 1 1
108 1 1.15333 1 1
108 1 1.15333 1 1
108 1 1.15333 0 0
108 1 1.15333 1 1
108 1 1.15333 1 1
108 1 1.15333 1 1
108 1 1.15333 0 0
108 1 1.15333 0 0
108 1 1.15333 1 1
108 1 1.15333 0 0
108 1 1.15333 0 0
108 1 1.15333 0 0
108 1 1.15333 0 0
108 1 1.15333 0 0
108 1 1.15333 1 1
108 1 1.15333 1 1
108 1 1.15333 1 1
108 1 1.15333 1 1
108 1 1.15333 0 0
108 1 1.15333 0 0
108 1 1.15333 1 1
108 1 1.15333 1 1
108 1 1.15333 0 0
108 1 1.15333 1 1
108 1 1.15333 1 1
108 1 1.15333 0 0
108 1 1.15333 0 0
108 1 1.15333 1 1
108 1 1.15333 1 1
108 1 1.15333 1 1
108 1 1.15333 0 0
108 1 1.15333 0 1
109 1 1.36667 1 1
109 1 1.36667 1 1
109 1 1.36667 1 1
109 1 1.36667 1 1
109 1 1.36667 1 1
109 1 1.36667 1 1
109 1 1.36667 1 1
109 1 1.36667 0 0
109 1 1.36667 1 1
109 1 1.36667 1 1
109 1 1.36667 0 0
109 1 1.36667 1 1
109 1 1.36667 0 0
109 1 1.36667 0 0
109 1 1.36667 0 0
109 1 1.36667 1 1
109 1 1.36667 1 1
109 1 1.36667 0 0
109 1 1.36667 1 1
109 1 1.36667 1 1
109 1 1.36667 0 0
109 1 1.36667 0 0
109 1 1.36667 0 0
109 1 1.36667 1 1
109 1 1.36667 0 0
109 1 1.36667 0 0
109 1 1.36667 1 1
109 1 1.36667 0 0
109 1 1.36667 1 1
109 1 1.36667 0 0
109 1 1.36667 0 0
109 1 1.36667 0 0
109 1 1.36667 0 0
109 1 1.36667 0 0
109 1 1.36667 1 1
109 1 1.36667 1 1
109 1 1.36667 0 0
109 1 1.36667 0 0
109 1 1.36667 0 0
109 1 1.36667 0 0
109 1 1.36667 1 1
109 1 1.36667 0 0
109 1 1.36667 1 1
109 1 1.36667 0 0
109 1 1.36667 1 1
109 1 1.36667 0 0
109 1 1.36667 1 1
109 1 1.36667 1 1
109 1 1.36667 1 1
109 1 1.36667 0 0
109 1 1.36667 1 1
109 1 1.36667 0 0
109 1 1.36667 0 0
109 1 1.36667 0 0
109 1 1.36667 1 1
110 1 1.58 1 1
110 1 1.58 0 0
110 1 1.58 1 1
110 1 1.58 0 0
110 1 1.58 1 1
110 1 1.58 0 0
110 1 1.58 0 0
110 1 1.58 1 1
110 1 1.58 1 1
110 1 1.58 0 0
110 1 1.58 0 0
110 1 1.58 0 0
110 1 1.58 0 0
110 1 1.58 1 1
110 1 1.58 1 1
110 1 1.58 0 0
110 1 1.58 0 0
110 1 1.58 0 0
110 1 1.58 0 0
110 1 1.58 0 0
110 1 1.58 1 1
110 1 1.58 1 1
110 1 1.58 1 1
110 1 1.58 0 0
110 1 1.58 1 1
110 1 1.58 1 1
110 1 1.58 1 1
110 1 1.58 0 0
110 1 1.58 0 0
110 1 1.58 0 0
110 1 1.58 0 0
110 1 1.58 0 0
110 1 1.58 0 0
110 1 1.58 0 0
110 1 1.58 1 1
110 1 1.58 0 0
110 1 1.58 1 1
110 1 1.58 1 1
110 1 1.58 1 1
110 1 1.58 1 1
110 1 1.58 1 1
110 1 1.58 1 1
110 1 1.58 1 1
110 1 1.58 0 0
110 1 1.58 0 0
110 1 1.58 0 0
110 1 1.58 0 0
110 1 1.58 0 0
110 1 1.58 1 1
110 1 1.58 1 1
110 1 1.58 0 0
110 1 1.58 1 1
110 1 1.58 0 0
110 1 1.58 0 1
110 1 1.58 1 1
111 1 1.79333 1 1
111 1 1.79333 0 0
111 1 1.79333 1 1
111 1 1.79333 1 1
111 1 1.79333 0 0
111 1 1.79333 0 0
111 1 1.79333 1 1
111 1 1.79333 0 0
111 1 1.79333 0 0
111 1 1.79333 1 1
111 1 1.79333 0 0
111 1 1.79333 0 0
111 1 1.79333 1 1
111 1 1.79333 0 0
111 1 1.79333 0 0
111 1 1.79333 1 1
111 1 1.79333 1 1
111 1 1.79333 0 0
111 1 1.79333 0 0
111 1 1.79333 1 1
111 1 1.79333 1 1
111 1 1.79333 0 0
111 1 1.79333 0 0
111 1 1.79333 1 1
111 1 1.79333 1 1
111 1 1.79333 1 1
111 1 1.79333 1 1
111 1 1.79333 1 1
111 1 1.79333 1 1
111 1 1.79333 1 1
111 1 1.79333 1 1
111 1 1.79333 1 1
111 1 1.79333 0 0
111 1 1.79333 1 1
111 1 1.79333 0 0
111 1 1.79333 1 1
111 1 1.79333 1 1
111 1 1.79333 0 0
111 1 1.79333 1 1
111 1 1.79333 0 0
111 1 1.79333 1 1
111 1 1.79333 1 1
111 1 1.79333 1 1
111 1 1.79333 0 0
111 1 1.79333 1 1
111 1 1.79333 0 0
111 1 1.79333 0 0
111 1 1.79333 0 0
111 1 1.79333 1 1
111 1 1.79333 1 1
111 1 1.79333 1 1
111 1 1.79333 1 1
111 1 1.79333 0 0
111 1 1.79333 0 0
111 1 1.79333 0 0
128 1 0.406667 1 1
128 1 0.406667 0 1
128 1 0.406667 0 1
128 1 0.406667 0 0
128 1 0.406667 0 1
128 1 0.406667 1 0
128 1 0.406667 0 1
128 1 0.406667 0 1
128 1 0.406667 0 1
128 1 0.406667 1 1
128 1 0.406667 1 1
128 1 0.406667 1 0
128 1 0.406667 0 0
128 1 0.406667 1 1
128 1 0.406667 1 1
128 1 0.406667 1 0
128 1 0.406667 0 1
128 1 0.406667 0 1
128 1 0.406667 1 0
128 1 0.406667 1 0
128 1 0.406667 0 1
128 1 0.406667 0 1
128 1 0.406667 1 0
128 1 0.406667 0 1
128 1 0.406667 1 0
128 1 0.406667 0 0
128 1 0.406667 1 1
128 1 0.406667 0 0
128 1 0.406667 1 1
128 1 0.406667 1 0
128 1 0.406667 1 1
128 1 0.406667 1 0
128 1 0.406667 0 0
128 1 0.406667 1 0
128 1 0.406667 0 0
128 1 0.406667 1 1
128 1 0.406667 0 1
128 1 0.406667 0 0
128 1 0.406667 1 1
128 1 0.406667 1 0
128 1 0.406667 1 1
128 1 0.406667 0 0
128 1 0.406667 0 0
128 1 0.406667 0 1
128 1 0.406667 1 0
128 1 0.406667 1 1
128 1 0.406667 1 0
128 1 0.406667 0 0
128 1 0.406667 1 1
128 1 0.406667 0 1
128 1 0.406667 0 0
128 1 0.406667 0 0
128 1 0.406667 0 0
128 1 0.406667 0 0
128 1 0.406667 0 1
129 1 0.62 1 1
129 1 0.62 1 0
129 1 0.62 0 0
129 1 0.62 1 1
129 1 0.62 1 1
129 1 0.62 1 1
129 1 0.62 1 1
129 1 0.62 1 1
129 1 0.62 0 1
129 1 0.62 0 1
129 1 0.62 0 0
129 1 0.62 0 0
129 1 0.62 0 1
129 1 0.62 1 0
129 1 0.62 0 0
129 1 0.62 0 0
129 1 0.62 1 0
129 1 0.62 1 1
129 1 0.62 0 1
129 1 0.62 0 0
129 1 0.62 1 1
129 1 0.62 0 0
129 1 0.62 0 0
129 1 0.62 1 0
129 1 0.62 1 1
129 1 0.62 1 1
129 1 0.62 0 0
129 1 0.62 1 0
129 1 0.62 0 0
129 1 0.62 1 0
129 1 0.62 0 0
129 1 0.62 0 0
129 1 0.62 1 0
129 1 0.62 1 0
129 1 0.62 0 0
129 1 0.62 0 0
129 1 0.62 1 0
129 1 0.62 1 1
129 1 0.62 0 0
129 1 0.62 0 0
129 1 0.62 0 0
129 1 0.62 0 0
129 1 0.62 1 0
129 1 0.62 1 1
129 1 0.62 1 0
129 1 0.62 0 1
129 1 0.62 1 0
129 1 0.62 0 1
129 1 0.62 1 0
129 1 0.62 0 0
129 1 0.62 1 1
129 1 0.62 1 1
129 1 0.62 0 0
129 1 0.62 1 1
129 1 0.62 1 1
130 1 0.833333 1 0
130 1 0.833333 0 0
130 1 0.833333 1 1
130 1 0.833333 1 1
130 1 0.833333 0 0
130 1 0.833333 0 0
130 1 0.833333 0 0
130 1 0.833333 1 1
130 1 0.833333 0 0
130 1 0.833333 0 0
130 1 0.833333 0 0
130 1 0.833333 0 0
130 1 0.833333 1 1
130 1 0.833333 0 0
130 1 0.833333 1 1
130 1 0.833333 0 1
130 1 0.833333 0 0
130 1 0.833333 1 1
130 1 0.833333 1 1
130 1 0.833333 1 1
130 1 0.833333 0 0
130 1 0.833333 1 1
130 1 0.833333 0 0
130 1 0.833333 0 0
130 1 0.833333 0 0
130 1 0.833333 1 1
130 1 0.833333 0 0
130 1 0.833333 0 0
130 1 0.833333 1 0
130 1 0.833333 0 0
130 1 0.833333 1 1
130 1 0.833333 1 0
130 1 0.833333 1 0
130 1 0.833333 1 1
130 1 0.833333 1 0
130 1 0.833333 1 1
130 1 0.833333 1 1
130 1 0.833333 1 1
130 1 0.833333 1 1
130 1 0.833333 1 1
130 1 0.833333 0 1
130 1 0.833333 1 0
130 1 0.833333 0 1
130 1 0.833333 0 0
130 1 0.833333 0 0
130 1 0.833333 1 1
130 1 0.833333 0 1
130 1 0.833333 0 0
130 1 0.833333 0 0
130 1 0.833333 0 0
130 1 0.833333 1 1
130 1 0.833333 0 0
130 1 0.833333 0 0
130 1 0.833333 0 0
130 1 0.833333 1 1
131 1 1.04667 0 0
131 1 1.04667 0 0
131 1 1.04667 0 1
131 1 1.04667 0 0
131 1 1.04667 0 0
131 1 1.04667 1 1
131 1 1.04667 1 1
131 1 1.04667 0 0
131 1 1.04667 1 1
131 1 1.04667 0 0
131 1 1.04667 0 0
131 1 1.04667 1 1
131 1 1.04667 0 0
131 1 1.04667 0 0
131 1 1.04667 0 0
131 1 1.04667 0 1
131 1 1.04667 0 0
131 1 1.04667 1 0
131 1 1.04667 0 0
131 1 1.04667 1 1
131 1 1.04667 1 0
131 1 1.04667 0 0
131 1 1.04667 1 1
131 1 1.04667 0 0
131 1 1.04667 0 0
131 1 1.04667 0 1
131 1 1.04667 0 0
131 1 1.04667 0 0
131 1 1.04667 0 0
131 1 1.04667 0 0
131 1 1.04667 1 1
131 1 1.04667 1 1
131 1 1.04667 1 1
131 1 1.04667 1 1
131 1 1.04667 1 1
131 1 1.04667 1 0
131 1 1.04667 0 0
131 1 1.04667 1 1
131 1 1.04667 1 1
131 1 1.04667 1 0
131 1 1.04667 0 1
131 1 1.04667 1 0
131 1 1.04667 0 0
131 1 1.04667 1 1
131 1 1.04667 1 0
131 1 1.04667 1 1
131 1 1.04667 1 1
131 1 1.04667 1 1
131 1 1.04667 0 0
131 1 1.04667 0 0
131 1 1.04667 1 0
131 1 1.04667 0 0
131 1 1.04667 0 1
131 1 1.04667 1 1
131 1 1.04667 1 1
132 1 1.26 0 0
132 1 1.26 0 0
132 1 1.26 0 0
132 1 1.26 0 0
132 1 1.26 0 1
132 1 1.26 0 0
132 1 1.26 0 0
132 1 1.26 0 0
132 1 1.26 0 0
132 1 1.26 0 0
132 1 1.26 1 1
132 1 1.26 0 0
132 1 1.26 0 1
132 1 1.26 1 0
132 1 1.26 0 0
132 1 1.26 1 1
132 1 1.26 1 1
132 1 1.26 0 1
132 1 1.26 0 0
132 1 1.26 0 0
132 1 1.26 0 0
132 1 1.26 1 1
132 1 1.26 0 0
132 1 1.26 0 0
132 1 1.26 0 0
132 1 1.26 0 1
132 1 1.26 0 0
132 1 1.26 0 0
132 1 1.26 0 1
132 1 1.26 0 0
132 1 1.26 0 0
132 1 1.26 0 0
132 1 1.26 1 1
132 1 1.26 0 0
132 1 1.26 1 1
132 1 1.26 1 1
132 1 1.26 1 1
132 1 1.26 0 0
132 1 1.26 0 0
132 1 1.26 1 1
132 1 1.26 1 0
132 1 1.26 1 1
132 1 1.26 0 0
132 1 1.26 0 0
132 1 1.26 0 0
132 1 1.26 1 1
132 1 1.26 1 0
132 1 1.26 0 1
132 1 1.26 0 0
132 1 1.26 1 1
132 1 1.26 1 1
132 1 1.26 1 0
132 1 1.26 1 1
132 1 1.26 1 1
132 1 1.26 0 0
133 1 1.47333 0 0
133 1 1.47333 0 0
133 1 1.47333 1 1
133 1 1.47333 1 1
133 1 1.47333 0 0
133 1 1.47333 1 0
133 1 1.47333 1 1
133 1 1.47333 1 1
133 1 1.47333 0 0
133 1 1.47333 1 1
133 1 1.47333 0 0
133 1 1.47333 0 0
133 1 1.47333 1 0
133 1 1.47333 0 0
133 1 1.47333 0 0
133 1 1.47333 1 0
133 1 1.47333 0 0
133 1 1.47333 1 1
133 1 1.47333 0 0
133 1 1.47333 0 0
133 1 1.47333 1 1
133 1 1.47333 0 0
133 1 1.47333 1 0
133 1 1.47333 0 0
133 1 1.47333 0 0
133 1 1.47333 1 1
133 1 1.47333 0 0
133 1 1.47333 0 0
133 1 1.47333 0 0
133 1 1.47333 0 0
133 1 1.47333 0 0
133 1 1.47333 0 0
133 1 1.47333 0 0
133 1 1.47333 1 1
133 1 1.47333 1 1
133 1 1.47333 1 1
133 1 1.47333 0 0
133 1 1.47333 0 0
133 1 1.47333 1 1
133 1 1.47333 0 0
133 1 1.47333 0 0
133 1 1.47333 1 1
133 1 1.47333 1 1
133 1 1.47333 0 0
133 1 1.47333 1 1
133 1 1.47333 0 0
133 1 1.47333 0 0
133 1 1.47333 0 0
133 1 1.47333 0 0
133 1 1.47333 0 0
133 1 1.47333 0 0
133 1 1.47333 0 0
133 1 1.47333 1 1
133 1 1.47333 1 1
133 1 1.47333 0 0
134 1 1.68667 1 1
134 1 1.68667 1 1
134 1 1.68667 1 1
134 1 1.68667 0 0
134 1 1.68667 0 0
134 1 1.68667 1 1
134 1 1.68667 0 0
134 1 1.68667 0 0
134 1 1.68667 1 1
134 1 1.68667 0 0
134 1 1.68667 0 0
134 1 1.68667 0 0
134 1 1.68667 1 1
134 1 1.68667 1 1
134 1 1.68667 1 1
134 1 1.68667 0 0
134 1 1.68667 0 0
134 1 1.68667 1 1
134 1 1.68667 0 0
134 1 1.68667 1 1
134 1 1.68667 0 0
134 1 1.68667 0 0
134 1 1.68667 1 1
134 1 1.68667 0 0
134 1 1.68667 0 0
134 1 1.68667 0 0
134 1 1.68667 0 0
134 1 1.68667 0 0
134 1 1.68667 0 0
134 1 1.68667 1 1
134 1 1.68667 0 0
134 1 1.68667 0 0
134 1 1.68667 0 0
134 1 1.68667 1 1
134 1 1.68667 1 1
134 1 1.68667 1 1
134 1 1.68667 0 0
134 1 1.68667 1 1
134 1 1.68667 0 0
134 1 1.68667 1 1
134 1 1.68667 0 0
134 1 1.68667 1 1
134 1 1.68667 1 1
134 1 1.68667 1 1
134 1 1.68667 1 1
134 1 1.68667 1 1
134 1 1.68667 0 0
134 1 1.68667 0 0
134 1 1.68667 1 1
134 1 1.68667 1 1
134 1 1.68667 1 1
134 1 1.68667 0 0
134 1 1.68667 1 1
134 1 1.68667 1 1
134 1 1.68667 0 0
135 1 1.9 0 0
135 1 1.9 1 1
135 1 1.9 1 1
135 1 1.9 0 0
135 1 1.9 0 0
135 1 1.9 1 1
135 1 1.9 0 0
135 1 1.9 1 1
135 1 1.9 1 1
135 1 1.9 0 0
135 1 1.9 1 1
135 1 1.9 1 1
135 1 1.9 0 0
135 1 1.9 1 1
135 1 1.9 1 1
135 1 1.9 1 1
135 1 1.9 1 1
135 1 1.9 1 1
135 1 1.9 0 0
135 1 1.9 1 1
135 1 1.9 1 1
135 1 1.9 0 0
135 1 1.9 1 1
135 1 1.9 1 1
135 1 1.9 0 0
135 1 1.9 1 1
135 1 1.9 0 0
135 1 1.9 1 1
135 1 1.9 0 0
135 1 1.9 0 0
135 1 1.9 0 0
135 1 1.9 1 1
135 1 1.9 0 0
135 1 1.9 0 0
135 1 1.9 1 1
135 1 1.9 0 0
135 1 1.9 1 1
135 1 1.9 1 1
135 1 1.9 0 0
135 1 1.9 0 0
135 1 1.9 1 1
135 1 1.9 1 1
135 1 1.9 0 0
135 1 1.9 1 1
135 1 1.9 0 0
135 1 1.9 0 0
135 1 1.9 0 0
135 1 1.9 0 0
135 1 1.9 1 1
135 1 1.9 1 1
135 1 1.9 0 0
135 1 1.9 1 1
135 1 1.9 1 1
135 1 1.9 1 1
135 1 1.9 0 0
