0 0 1.2 1 0
0 0 1.2 0 0
0 0 1.2 0 1
0 0 1.2 1 0
0 0 1.2 1 0
0 0 1.2 0 0
0 0 1.2 1 0
0 0 1.2 1 1
0 0 1.2 0 1
0 0 1.2 0 0
0 0 1.2 1 0
0 0 1.2 1 1
0 0 1.2 1 1
0 0 1.2 1 1
0 0 1.2 0 0
0 0 1.2 0 0
0 0 1.2 0 0
0 0 1.2 1 0
0 0 1.2 1 1
0 0 1.2 1 1
0 0 1.2 0 0
0 0 1.2 1 0
0 0 1.2 0 1
0 0 1.2 0 0
0 0 1.2 0 0
0 0 1.2 1 1
0 0 1.2 1 0
0 0 1.2 0 1
0 0 1.2 0 0
0 0 1.2 1 1
0 0 1.2 1 0
0 0 1.2 1 1
0 0 1.2 1 0
0 0 1.2 0 0
0 0 1.2 0 0
0 0 1.2 1 1
0 0 1.2 1 0
0 0 1.2 0 0
0 0 1.2 0 1
0 0 1.2 0 0
0 0 1.2 0 0
0 0 1.2 1 1
0 0 1.2 0 0
0 0 1.2 0 0
0 0 1.2 1 0
0 0 1.2 1 1
0 0 1.2 1 1
0 0 1.2 0 0
0 0 1.2 1 0
0 0 1.2 0 1
0 0 1.2 0 0
0 0 1.2 1 0
0 0 1.2 1 0
0 0 1.2 1 1
0 0 1.2 0 1
1 0 1.34286 0 0
1 0 1.34286 0 1
1 0 1.34286 0 0
1 0 1.34286 1 1
1 0 1.34286 0 0
1 0 1.34286 1 1
1 0 1.34286 0 1
1 0 1.34286 1 0
1 0 1.34286 0 0
1 0 1.34286 1 0
1 0 1.34286 0 1
1 0 1.34286 0 1
1 0 1.34286 0 0
1 0 1.34286 0 1
1 0 1.34286 0 0
1 0 1.34286 0 1
1 0 1.34286 1 0
1 0 1.34286 0 0
1 0 1.34286 1 1
1 0 1.34286 1 1
1 0 1.34286 1 1
1 0 1.34286 0 1
1 0 1.34286 1 1
1 0 1.34286 0 0
1 0 1.34286 1 1
1 0 1.34286 0 0
1 0 1.34286 0 1
1 0 1.34286 1 1
1 0 1.34286 1 1
1 0 1.34286 1 1
1 0 1.34286 1 1
1 0 1.34286 0 0
1 0 1.34286 0 0
1 0 1.34286 1 0
1 0 1.34286 1 1
1 0 1.34286 0 1
1 0 1.34286 0 0
1 0 1.34286 0 0
1 0 1.34286 1 0
1 0 1.34286 1 1
1 0 1.34286 1 1
1 0 1.34286 0 0
1 0 1.34286 0 0
1 0 1.34286 0 0
1 0 1.34286 1 0
1 0 1.34286 1 1
1 0 1.34286 0 0
1 0 1.34286 0 1
1 0 1.34286 0 1
1 0 1.34286 1 0
1 0 1.34286 1 0
1 0 1.34286 1 1
1 0 1.34286 0 1
1 0 1.34286 1 0
1 0 1.34286 0 0
2 0 1.48571 0 0
2 0 1.48571 0 0
2 0 1.48571 1 1
2 0 1.48571 1 1
2 0 1.48571 1 1
2 0 1.48571 0 0
2 0 1.48571 1 1
2 0 1.48571 0 0
2 0 1.48571 1 0
2 0 1.48571 0 0
2 0 1.48571 0 0
2 0 1.48571 0 1
2 0 1.48571 0 1
2 0 1.48571 1 1
2 0 1.48571 1 1
2 0 1.48571 0 0
2 0 1.48571 1 0
2 0 1.48571 1 0
2 0 1.48571 0 1
2 0 1.48571 1 1
2 0 1.48571 0 1
2 0 1.48571 0 0
2 0 1.48571 0 0
2 0 1.48571 1 1
2 0 1.48571 0 1
2 0 1.48571 0 0
2 0 1.48571 0 0
2 0 1.48571 1 0
2 0 1.48571 1 0
2 0 1.48571 0 1
2 0 1.48571 0 0
2 0 1.48571 0 0
2 0 1.48571 0 0
2 0 1.48571 0 1
2 0 1.48571 0 0
2 0 1.48571 1 1
2 0 1.48571 0 0
2 0 1.48571 1 1
2 0 1.48571 1 1
2 0 1.48571 1 0
2 0 1.48571 0 1
2 0 1.48571 0 0
2 0 1.48571 1 0
2 0 1.48571 1 0
2 0 1.48571 1 1
2 0 1.48571 0 1
2 0 1.48571 0 0
2 0 1.48571 1 0
2 0 1.48571 0 1
2 0 1.48571 1 0
2 0 1.48571 0 1
2 0 1.48571 1 0
2 0 1.48571 1 0
2 0 1.48571 0 1
2 0 1.48571 0 0
3 0 1.62857 0 0
3 0 1.62857 0 1
3 0 1.62857 0 1
3 0 1.62857 1 1
3 0 1.62857 0 0
3 0 1.62857 1 1
3 0 1.62857 0 0
3 0 1.62857 0 0
3 0 1.62857 0 1
3 0 1.62857 1 1
3 0 1.62857 0 0
3 0 1.62857 0 0
3 0 1.62857 1 0
3 0 1.62857 0 1
3 0 1.62857 0 1
3 0 1.62857 1 1
3 0 1.62857 1 1
3 0 1.62857 1 0
3 0 1.62857 1 1
3 0 1.62857 1 1
3 0 1.62857 1 1
3 0 1.62857 1 0
3 0 1.62857 1 1
3 0 1.62857 1 0
3 0 1.62857 0 0
3 0 1.62857 0 1
3 0 1.62857 0 0
3 0 1.62857 0 1
3 0 1.62857 0 0
3 0 1.62857 1 1
3 0 1.62857 0 0
3 0 1.62857 0 0
3 0 1.62857 1 1
3 0 1.62857 0 0
3 0 1.62857 0 0
3 0 1.62857 1 1
3 0 1.62857 0 1
3 0 1.62857 0 0
3 0 1.62857 0 1
3 0 1.62857 0 0
3 0 1.62857 1 1
3 0 1.62857 0 0
3 0 1.62857 1 1
3 0 1.62857 0 0
3 0 1.62857 1 1
3 0 1.62857 1 1
3 0 1.62857 0 1
3 0 1.62857 1 1
3 0 1.62857 1 1
3 0 1.62857 0 1
3 0 1.62857 1 0
3 0 1.62857 1 1
3 0 1.62857 0 0
3 0 1.62857 0 0
3 0 1.62857 0 0
4 0 1.77143 0 1
4 0 1.77143 1 1
4 0 1.77143 0 0
4 0 1.77143 0 0
4 0 1.77143 0 0
4 0 1.77143 0 0
4 0 1.77143 1 1
4 0 1.77143 1 1
4 0 1.77143 0 0
4 0 1.77143 0 0
4 0 1.77143 0 0
4 0 1.77143 1 1
4 0 1.77143 0 0
4 0 1.77143 0 0
4 0 1.77143 1 1
4 0 1.77143 0 0
4 0 1.77143 0 0
4 0 1.77143 1 1
4 0 1.77143 1 1
4 0 1.77143 0 1
4 0 1.77143 1 1
4 0 1.77143 1 1
4 0 1.77143 1 1
4 0 1.77143 1 0
4 0 1.77143 0 0
4 0 1.77143 1 1
4 0 1.77143 0 0
4 0 1.77143 1 1
4 0 1.77143 0 0
4 0 1.77143 0 0
4 0 1.77143 1 1
4 0 1.77143 0 0
4 0 1.77143 1 1
4 0 1.77143 0 1
4 0 1.77143 1 1
4 0 1.77143 1 1
4 0 1.77143 0 0
4 0 1.77143 0 0
4 0 1.77143 1 1
4 0 1.77143 1 1
4 0 1.77143 0 0
4 0 1.77143 0 0
4 0 1.77143 1 1
4 0 1.77143 1 1
4 0 1.77143 0 1
4 0 1.77143 1 1
4 0 1.77143 0 0
4 0 1.77143 0 0
4 0 1.77143 0 0
4 0 1.77143 1 1
4 0 1.77143 0 0
4 0 1.77143 0 0
4 0 1.77143 1 1
4 0 1.77143 0 1
4 0 1.77143 1 0
5 0 1.91429 0 1
5 0 1.91429 1 1
5 0 1.91429 0 0
5 0 1.91429 0 0
5 0 1.91429 1 1
5 0 1.91429 0 0
5 0 1.91429 0 0
5 0 1.91429 0 0
5 0 1.91429 1 1
5 0 1.91429 1 1
5 0 1.91429 0 0
5 0 1.91429 1 1
5 0 1.91429 1 1
5 0 1.91429 1 1
5 0 1.91429 0 0
5 0 1.91429 1 1
5 0 1.91429 1 1
5 0 1.91429 1 1
5 0 1.91429 0 0
5 0 1.91429 1 1
5 0 1.91429 0 0
5 0 1.91429 0 0
5 0 1.91429 0 0
5 0 1.91429 0 0
5 0 1.91429 0 0
5 0 1.91429 1 1
5 0 1.91429 1 1
5 0 1.91429 0 0
5 0 1.91429 0 0
5 0 1.91429 0 0
5 0 1.91429 0 0
5 0 1.91429 0 0
5 0 1.91429 1 1
5 0 1.91429 1 1
5 0 1.91429 1 1
5 0 1.91429 0 0
5 0 1.91429 0 0
5 0 1.91429 1 1
5 0 1.91429 0 0
5 0 1.91429 1 1
5 0 1.91429 0 0
5 0 1.91429 0 0
5 0 1.91429 1 1
5 0 1.91429 0 0
5 0 1.91429 1 1
5 0 1.91429 1 1
5 0 1.91429 1 1
5 0 1.91429 1 1
5 0 1.91429 0 0
5 0 1.91429 1 1
5 0 1.91429 1 1
5 0 1.91429 1 1
5 0 1.91429 1 1
5 0 1.91429 0 0
5 0 1.91429 1 1
6 0 2.05714 1 1
6 0 2.05714 0 0
6 0 2.05714 1 1
6 0 2.05714 0 0
6 0 2.05714 0 0
6 0 2.05714 0 0
6 0 2.05714 0 0
6 0 2.05714 0 0
6 0 2.05714 0 0
6 0 2.05714 0 0
6 0 2.05714 1 1
6 0 2.05714 1 1
6 0 2.05714 1 1
6 0 2.05714 0 0
6 0 2.05714 1 1
6 0 2.05714 0 0
6 0 2.05714 0 0
6 0 2.05714 1 1
6 0 2.05714 0 0
6 0 2.05714 0 0
6 0 2.05714 0 0
6 0 2.05714 0 0
6 0 2.05714 1 1
6 0 2.05714 1 1
6 0 2.05714 1 1
6 0 2.05714 0 0
6 0 2.05714 1 1
6 0 2.05714 1 1
6 0 2.05714 0 0
6 0 2.05714 1 1
6 0 2.05714 1 1
6 0 2.05714 0 0
6 0 2.05714 1 1
6 0 2.05714 1 1
6 0 2.05714 1 1
6 0 2.05714 1 1
6 0 2.05714 1 1
6 0 2.05714 1 1
6 0 2.05714 1 1
6 0 2.05714 1 1
6 0 2.05714 1 1
6 0 2.05714 1 1
6 0 2.05714 1 1
6 0 2.05714 1 1
6 0 2.05714 0 0
6 0 2.05714 1 1
6 0 2.05714 0 0
6 0 2.05714 1 1
6 0 2.05714 0 0
6 0 2.05714 0 0
6 0 2.05714 0 0
6 0 2.05714 1 1
6 0 2.05714 1 1
6 0 2.05714 1 1
6 0 2.05714 1 1
7 0 2.2 1 1
7 0 2.2 1 1
7 0 2.2 0 1
7 0 2.2 0 0
7 0 2.2 0 0
7 0 2.2 0 0
7 0 2.2 0 0
7 0 2.2 1 1
7 0 2.2 0 0
7 0 2.2 1 1
7 0 2.2 0 0
7 0 2.2 1 1
7 0 2.2 0 0
7 0 2.2 0 0
7 0 2.2 0 0
7 0 2.2 1 1
7 0 2.2 0 0
7 0 2.2 0 0
7 0 2.2 0 0
7 0 2.2 0 0
7 0 2.2 0 0
7 0 2.2 1 1
7 0 2.2 0 0
7 0 2.2 0 0
7 0 2.2 1 1
7 0 2.2 0 0
7 0 2.2 1 1
7 0 2.2 1 1
7 0 2.2 0 0
7 0 2.2 1 1
7 0 2.2 0 0
7 0 2.2 0 0
7 0 2.2 0 0
7 0 2.2 0 0
7 0 2.2 1 1
7 0 2.2 0 0
7 0 2.2 0 0
7 0 2.2 0 0
7 0 2.2 0 0
7 0 2.2 1 1
7 0 2.2 1 1
7 0 2.2 1 1
7 0 2.2 0 0
7 0 2.2 1 1
7 0 2.2 0 0
7 0 2.2 1 1
7 0 2.2 0 0
7 0 2.2 1 1
7 0 2.2 1 1
7 0 2.2 1 1
7 0 2.2 0 0
7 0 2.2 1 1
7 0 2.2 1 1
7 0 2.2 1 1
7 0 2.2 0 0
24 0 1.3 0 0
24 0 1.3 0 0
24 0 1.3 1 1
24 0 1.3 1 1
24 0 1.3 1 1
24 0 1.3 0 0
24 0 1.3 0 0
24 0 1.3 0 0
24 0 1.3 0 0
24 0 1.3 0 0
24 0 1.3 0 0
24 0 1.3 0 0
24 0 1.3 1 1
24 0 1.3 1 1
24 0 1.3 0 0
24 0 1.3 1 1
24 0 1.3 1 1
24 0 1.3 0 0
24 0 1.3 1 0
24 0 1.3 0 0
24 0 1.3 0 0
24 0 1.3 0 1
24 0 1.3 0 0
24 0 1.3 0 0
24 0 1.3 1 1
24 0 1.3 0 0
24 0 1.3 1 0
24 0 1.3 1 1
24 0 1.3 0 0
24 0 1.3 0 0
24 0 1.3 0 0
24 0 1.3 1 1
24 0 1.3 0 0
24 0 1.3 1 1
24 0 1.3 0 0
24 0 1.3 1 0
24 0 1.3 0 0
24 0 1.3 1 1
24 0 1.3 0 0
24 0 1.3 1 0
24 0 1.3 1 0
24 0 1.3 1 1
24 0 1.3 1 1
24 0 1.3 0 0
24 0 1.3 0 0
24 0 1.3 0 1
24 0 1.3 1 0
24 0 1.3 1 0
24 0 1.3 0 0
24 0 1.3 1 1
24 0 1.3 1 0
24 0 1.3 1 1
24 0 1.3 1 1
24 0 1.3 1 0
24 0 1.3 1 0
25 0 1.4 1 0
25 0 1.4 0 1
25 0 1.4 1 1
25 0 1.4 0 0
25 0 1.4 1 1
25 0 1.4 0 0
25 0 1.4 1 0
25 0 1.4 0 1
25 0 1.4 1 0
25 0 1.4 1 1
25 0 1.4 0 1
25 0 1.4 1 0
25 0 1.4 1 1
25 0 1.4 1 0
25 0 1.4 1 1
25 0 1.4 0 0
25 0 1.4 0 0
25 0 1.4 0 0
25 0 1.4 0 0
25 0 1.4 1 1
25 0 1.4 1 1
25 0 1.4 0 1
25 0 1.4 1 0
25 0 1.4 0 1
25 0 1.4 0 0
25 0 1.4 0 0
25 0 1.4 0 0
25 0 1.4 0 1
25 0 1.4 0 0
25 0 1.4 0 1
25 0 1.4 0 0
25 0 1.4 0 0
25 0 1.4 1 1
25 0 1.4 0 0
25 0 1.4 0 0
25 0 1.4 0 0
25 0 1.4 1 0
25 0 1.4 0 1
25 0 1.4 1 1
25 0 1.4 1 0
25 0 1.4 0 0
25 0 1.4 1 1
25 0 1.4 1 1
25 0 1.4 1 1
25 0 1.4 1 1
25 0 1.4 1 1
25 0 1.4 0 0
25 0 1.4 1 1
25 0 1.4 1 1
25 0 1.4 1 0
25 0 1.4 0 0
25 0 1.4 0 0
25 0 1.4 1 1
25 0 1.4 1 1
25 0 1.4 1 1
26 0 1.5 0 0
26 0 1.5 1 1
26 0 1.5 0 0
26 0 1.5 1 0
26 0 1.5 1 1
26 0 1.5 1 0
26 0 1.5 1 1
26 0 1.5 0 0
26 0 1.5 1 1
26 0 1.5 0 0
26 0 1.5 1 1
26 0 1.5 1 1
26 0 1.5 1 1
26 0 1.5 1 0
26 0 1.5 1 1
26 0 1.5 0 0
26 0 1.5 1 0
26 0 1.5 0 0
26 0 1.5 1 1
26 0 1.5 1 1
26 0 1.5 0 0
26 0 1.5 1 1
26 0 1.5 1 1
26 0 1.5 0 0
26 0 1.5 1 0
26 0 1.5 0 1
26 0 1.5 0 0
26 0 1.5 1 1
26 0 1.5 1 1
26 0 1.5 0 0
26 0 1.5 1 0
26 0 1.5 0 0
26 0 1.5 0 0
26 0 1.5 0 0
26 0 1.5 0 0
26 0 1.5 0 1
26 0 1.5 1 1
26 0 1.5 1 1
26 0 1.5 0 0
26 0 1.5 0 0
26 0 1.5 1 1
26 0 1.5 1 1
26 0 1.5 0 0
26 0 1.5 1 1
26 0 1.5 0 1
26 0 1.5 1 0
26 0 1.5 0 0
26 0 1.5 1 1
26 0 1.5 0 1
26 0 1.5 1 1
26 0 1.5 1 1
26 0 1.5 1 0
26 0 1.5 0 0
26 0 1.5 1 1
26 0 1.5 1 1
27 0 1.6 1 1
27 0 1.6 1 1
27 0 1.6 1 1
27 0 1.6 0 0
27 0 1.6 0 0
27 0 1.6 1 1
27 0 1.6 1 1
27 0 1.6 1 1
27 0 1.6 1 1
27 0 1.6 0 1
27 0 1.6 1 1
27 0 1.6 1 1
27 0 1.6 0 0
27 0 1.6 1 1
27 0 1.6 1 1
27 0 1.6 0 0
27 0 1.6 1 1
27 0 1.6 0 0
27 0 1.6 1 1
27 0 1.6 1 1
27 0 1.6 0 0
27 0 1.6 1 1
27 0 1.6 0 0
27 0 1.6 1 1
27 0 1.6 1 1
27 0 1.6 1 1
27 0 1.6 1 1
27 0 1.6 1 1
27 0 1.6 1 1
27 0 1.6 1 1
27 0 1.6 0 0
27 0 1.6 0 0
27 0 1.6 0 0
27 0 1.6 1 0
27 0 1.6 0 0
27 0 1.6 1 1
27 0 1.6 1 1
27 0 1.6 1 1
27 0 1.6 1 1
27 0 1.6 1 1
27 0 1.6 1 1
27 0 1.6 1 1
27 0 1.6 1 1
27 0 1.6 1 1
27 0 1.6 1 1
27 0 1.6 1 0
27 0 1.6 1 1
27 0 1.6 1 1
27 0 1.6 0 0
27 0 1.6 0 0
27 0 1.6 0 0
27 0 1.6 0 0
27 0 1.6 0 0
27 0 1.6 1 1
27 0 1.6 1 1
28 0 1.7 0 0
28 0 1.7 1 1
28 0 1.7 1 1
28 0 1.7 1 1
28 0 1.7 1 1
28 0 1.7 0 0
28 0 1.7 1 1
28 0 1.7 0 0
28 0 1.7 1 1
28 0 1.7 0 0
28 0 1.7 0 0
28 0 1.7 0 0
28 0 1.7 1 1
28 0 1.7 0 0
28 0 1.7 0 0
28 0 1.7 0 0
28 0 1.7 1 1
28 0 1.7 0 0
28 0 1.7 1 1
28 0 1.7 1 1
28 0 1.7 1 1
28 0 1.7 0 1
28 0 1.7 0 0
28 0 1.7 0 0
28 0 1.7 0 0
28 0 1.7 1 1
28 0 1.7 1 1
28 0 1.7 1 1
28 0 1.7 1 1
28 0 1.7 0 0
28 0 1.7 1 1
28 0 1.7 0 0
28 0 1.7 0 0
28 0 1.7 0 0
28 0 1.7 1 1
28 0 1.7 0 0
28 0 1.7 0 0
28 0 1.7 0 0
28 0 1.7 0 0
28 0 1.7 1 1
28 0 1.7 1 1
28 0 1.7 0 0
28 0 1.7 0 0
28 0 1.7 0 0
28 0 1.7 1 1
28 0 1.7 1 1
28 0 1.7 1 1
28 0 1.7 0 0
28 0 1.7 0 0
28 0 1.7 1 1
28 0 1.7 0 0
28 0 1.7 1 1
28 0 1.7 1 1
28 0 1.7 0 0
28 0 1.7 0 0
29 0 1.8 1 1
29 0 1.8 0 0
29 0 1.8 0 0
29 0 1.8 1 1
29 0 1.8 1 1
29 0 1.8 1 1
29 0 1.8 0 0
29 0 1.8 1 1
29 0 1.8 1 1
29 0 1.8 0 0
29 0 1.8 1 1
29 0 1.8 0 0
29 0 1.8 0 0
29 0 1.8 1 1
29 0 1.8 0 0
29 0 1.8 0 0
29 0 1.8 1 1
29 0 1.8 1 1
29 0 1.8 0 0
29 0 1.8 1 1
29 0 1.8 0 0
29 0 1.8 1 1
29 0 1.8 0 0
29 0 1.8 1 1
29 0 1.8 1 1
29 0 1.8 1 1
29 0 1.8 0 0
29 0 1.8 0 0
29 0 1.8 1 1
29 0 1.8 0 0
29 0 1.8 1 1
29 0 1.8 0 0
29 0 1.8 0 0
29 0 1.8 0 0
29 0 1.8 1 1
29 0 1.8 0 0
29 0 1.8 1 1
29 0 1.8 0 0
29 0 1.8 0 0
29 0 1.8 1 1
29 0 1.8 1 1
29 0 1.8 1 1
29 0 1.8 0 0
29 0 1.8 0 0
29 0 1.8 0 0
29 0 1.8 0 0
29 0 1.8 0 0
29 0 1.8 0 0
29 0 1.8 1 0
29 0 1.8 0 0
29 0 1.8 1 1
29 0 1.8 1 1
29 0 1.8 1 1
29 0 1.8 0 0
29 0 1.8 0 0
30 0 1.9 1 1
30 0 1.9 0 0
30 0 1.9 1 1
30 0 1.9 0 0
30 0 1.9 0 0
30 0 1.9 1 1
30 0 1.9 1 1
30 0 1.9 1 1
30 0 1.9 1 1
30 0 1.9 1 1
30 0 1.9 0 0
30 0 1.9 1 1
30 0 1.9 0 0
30 0 1.9 1 1
30 0 1.9 1 1
30 0 1.9 0 0
30 0 1.9 0 0
30 0 1.9 1 1
30 0 1.9 1 1
30 0 1.9 1 1
30 0 1.9 1 1
30 0 1.9 1 1
30 0 1.9 1 1
30 0 1.9 0 0
30 0 1.9 1 1
30 0 1.9 0 0
30 0 1.9 0 0
30 0 1.9 0 0
30 0 1.9 1 1
30 0 1.9 1 1
30 0 1.9 0 0
30 0 1.9 1 1
30 0 1.9 1 1
30 0 1.9 0 0
30 0 1.9 1 1
30 0 1.9 0 0
30 0 1.9 1 1
30 0 1.9 0 0
30 0 1.9 1 1
30 0 1.9 1 1
30 0 1.9 0 0
30 0 1.9 0 0
30 0 1.9 1 1
30 0 1.9 1 1
30 0 1.9 1 1
30 0 1.9 0 0
30 0 1.9 1 1
30 0 1.9 1 1
30 0 1.9 0 0
30 0 1.9 0 0
30 0 1.9 0 0
30 0 1.9 0 0
30 0 1.9 1 1
30 0 1.9 1 1
30 0 1.9 0 0
31 0 2 1 1
31 0 2 0 0
31 0 2 0 0
31 0 2 1 1
31 0 2 0 0
31 0 2 0 0
31 0 2 1 1
31 0 2 0 0
31 0 2 0 0
31 0 2 0 0
31 0 2 1 1
31 0 2 1 1
31 0 2 1 1
31 0 2 0 0
31 0 2 0 0
31 0 2 1 1
31 0 2 0 0
31 0 2 1 1
31 0 2 0 0
31 0 2 0 0
31 0 2 1 1
31 0 2 0 0
31 0 2 0 0
31 0 2 0 0
31 0 2 0 0
31 0 2 0 0
31 0 2 0 0
31 0 2 1 1
31 0 2 0 0
31 0 2 0 0
31 0 2 0 0
31 0 2 1 1
31 0 2 1 1
31 0 2 1 1
31 0 2 0 0
31 0 2 1 1
31 0 2 0 0
31 0 2 1 1
31 0 2 0 0
31 0 2 1 1
31 0 2 1 1
31 0 2 1 1
31 0 2 1 1
31 0 2 1 1
31 0 2 0 0
31 0 2 0 0
31 0 2 1 1
31 0 2 1 1
31 0 2 1 1
31 0 2 0 0
31 0 2 1 1
31 0 2 1 1
31 0 2 0 0
31 0 2 0 0
31 0 2 1 1
80 1 0.4 0 0
80 1 0.4 1 0
80 1 0.4 1 1
80 1 0.4 0 1
80 1 0.4 1 1
80 1 0.4 0 1
80 1 0.4 1 0
80 1 0.4 1 0
80 1 0.4 0 0
80 1 0.4 0 0
80 1 0.4 1 1
80 1 0.4 0 1
80 1 0.4 0 1
80 1 0.4 1 0
80 1 0.4 1 1
80 1 0.4 0 1
80 1 0.4 1 0
80 1 0.4 1 1
80 1 0.4 0 0
80 1 0.4 0 0
80 1 0.4 0 0
80 1 0.4 0 0
80 1 0.4 1 1
80 1 0.4 0 1
80 1 0.4 1 0
80 1 0.4 0 0
80 1 0.4 0 0
80 1 0.4 0 0
80 1 0.4 0 1
80 1 0.4 1 0
80 1 0.4 1 1
80 1 0.4 1 1
80 1 0.4 1 0
80 1 0.4 1 0
80 1 0.4 1 0
80 1 0.4 1 0
80 1 0.4 1 1
80 1 0.4 0 1
80 1 0.4 0 0
80 1 0.4 1 0
80 1 0.4 1 1
80 1 0.4 0 1
80 1 0.4 0 0
80 1 0.4 0 0
80 1 0.4 0 0
80 1 0.4 0 0
80 1 0.4 0 1
80 1 0.4 1 1
80 1 0.4 0 1
80 1 0.4 0 1
80 1 0.4 0 0
80 1 0.4 1 0
80 1 0.4 1 1
80 1 0.4 0 1
80 1 0.4 0 0
81 1 0.628571 1 0
81 1 0.628571 0 1
81 1 0.628571 0 0
81 1 0.628571 1 0
81 1 0.628571 1 0
81 1 0.628571 1 1
81 1 0.628571 1 1
81 1 0.628571 1 1
81 1 0.628571 0 0
81 1 0.628571 0 0
81 1 0.628571 1 0
81 1 0.628571 0 1
81 1 0.628571 0 0
81 1 0.628571 0 0
81 1 0.628571 0 0
81 1 0.628571 1 1
81 1 0.628571 1 1
81 1 0.628571 0 1
81 1 0.628571 1 0
81 1 0.628571 0 0
81 1 0.628571 1 1
81 1 0.628571 0 0
81 1 0.628571 1 0
81 1 0.628571 1 1
81 1 0.628571 0 1
81 1 0.628571 1 0
81 1 0.628571 1 0
81 1 0.628571 1 0
81 1 0.628571 0 0
81 1 0.628571 1 1
81 1 0.628571 1 0
81 1 0.628571 1 1
81 1 0.628571 1 0
81 1 0.628571 1 1
81 1 0.628571 0 1
81 1 0.628571 0 0
81 1 0.628571 0 0
81 1 0.628571 0 0
81 1 0.628571 1 0
81 1 0.628571 0 1
81 1 0.628571 0 0
81 1 0.628571 1 0
81 1 0.628571 0 0
81 1 0.628571 0 0
81 1 0.628571 1 1
81 1 0.628571 0 0
81 1 0.628571 0 1
81 1 0.628571 0 1
81 1 0.628571 0 0
81 1 0.628571 0 1
81 1 0.628571 1 0
81 1 0.628571 0 1
81 1 0.628571 1 0
81 1 0.628571 1 1
81 1 0.628571 1 0
82 1 0.857143 0 0
82 1 0.857143 0 0
82 1 0.857143 1 0
82 1 0.857143 0 1
82 1 0.857143 1 0
82 1 0.857143 0 0
82 1 0.857143 0 0
82 1 0.857143 0 1
82 1 0.857143 0 0
82 1 0.857143 0 0
82 1 0.857143 1 1
82 1 0.857143 0 0
82 1 0.857143 0 1
82 1 0.857143 0 0
82 1 0.857143 1 0
82 1 0.857143 0 1
82 1 0.857143 1 1
82 1 0.857143 0 0
82 1 0.857143 1 0
82 1 0.857143 1 1
82 1 0.857143 0 1
82 1 0.857143 0 0
82 1 0.857143 0 0
82 1 0.857143 0 0
82 1 0.857143 1 1
82 1 0.857143 0 0
82 1 0.857143 0 0
82 1 0.857143 1 0
82 1 0.857143 1 1
82 1 0.857143 1 1
82 1 0.857143 1 1
82 1 0.857143 1 1
82 1 0.857143 1 0
82 1 0.857143 1 1
82 1 0.857143 1 1
82 1 0.857143 1 1
82 1 0.857143 0 1
82 1 0.857143 1 0
82 1 0.857143 0 0
82 1 0.857143 1 0
82 1 0.857143 0 1
82 1 0.857143 0 0
82 1 0.857143 0 0
82 1 0.857143 0 1
82 1 0.857143 0 0
82 1 0.857143 1 1
82 1 0.857143 1 1
82 1 0.857143 0 1
82 1 0.857143 0 0
82 1 0.857143 1 1
82 1 0.857143 1 0
82 1 0.857143 1 0
82 1 0.857143 0 0
82 1 0.857143 0 1
82 1 0.857143 0 0
83 1 1.08571 0 0
83 1 1.08571 1 1
83 1 1.08571 1 1
83 1 1.08571 1 1
83 1 1.08571 1 1
83 1 1.08571 1 1
83 1 1.08571 0 1
83 1 1.08571 0 0
83 1 1.08571 0 0
83 1 1.08571 0 0
83 1 1.08571 1 0
83 1 1.08571 0 0
83 1 1.08571 1 1
83 1 1.08571 1 1
83 1 1.08571 0 0
83 1 1.08571 0 0
83 1 1.08571 1 0
83 1 1.08571 0 0
83 1 1.08571 1 1
83 1 1.08571 0 0
83 1 1.08571 0 0
83 1 1.08571 1 1
83 1 1.08571 1 1
83 1 1.08571 1 0
83 1 1.08571 1 0
83 1 1.08571 1 0
83 1 1.08571 1 1
83 1 1.08571 1 1
83 1 1.08571 0 0
83 1 1.08571 0 0
83 1 1.08571 1 1
83 1 1.08571 0 0
83 1 1.08571 0 0
83 1 1.08571 0 0
83 1 1.08571 1 1
83 1 1.08571 0 0
83 1 1.08571 0 0
83 1 1.08571 1 1
83 1 1.08571 1 1
83 1 1.08571 1 1
83 1 1.08571 1 0
83 1 1.08571 0 0
83 1 1.08571 1 0
83 1 1.08571 0 0
83 1 1.08571 1 1
83 1 1.08571 1 1
83 1 1.08571 1 1
83 1 1.08571 0 0
83 1 1.08571 0 0
83 1 1.08571 1 1
83 1 1.08571 0 0
83 1 1.08571 0 0
83 1 1.08571 1 1
83 1 1.08571 0 0
83 1 1.08571 0 0
84 1 1.31429 1 1
84 1 1.31429 1 1
84 1 1.31429 0 0
84 1 1.31429 0 0
84 1 1.31429 1 1
84 1 1.31429 1 1
84 1 1.31429 1 1
84 1 1.31429 0 0
84 1 1.31429 1 1
84 1 1.31429 0 0
84 1 1.31429 0 0
84 1 1.31429 0 0
84 1 1.31429 1 1
84 1 1.31429 0 0
84 1 1.31429 0 0
84 1 1.31429 0 0
84 1 1.31429 1 1
84 1 1.31429 1 1
84 1 1.31429 0 0
84 1 1.31429 0 0
84 1 1.31429 0 0
84 1 1.31429 1 1
84 1 1.31429 0 0
84 1 1.31429 0 0
84 1 1.31429 0 0
84 1 1.31429 1 1
84 1 1.31429 0 0
84 1 1.31429 1 1
84 1 1.31429 0 0
84 1 1.31429 0 0
84 1 1.31429 1 1
84 1 1.31429 0 0
84 1 1.31429 1 1
84 1 1.31429 0 0
84 1 1.31429 0 0
84 1 1.31429 0 0
84 1 1.31429 1 1
84 1 1.31429 1 1
84 1 1.31429 0 0
84 1 1.31429 1 1
84 1 1.31429 0 0
84 1 1.31429 1 1
84 1 1.31429 1 1
84 1 1.31429 0 0
84 1 1.31429 1 1
84 1 1.31429 0 0
84 1 1.31429 1 1
84 1 1.31429 0 0
84 1 1.31429 0 0
84 1 1.31429 1 1
84 1 1.31429 0 0
84 1 1.31429 0 0
84 1 1.31429 1 1
84 1 1.31429 0 0
84 1 1.31429 0 0
85 1 1.54286 0 0
85 1 1.54286 0 0
85 1 1.54286 1 1
85 1 1.54286 1 1
85 1 1.54286 1 1
85 1 1.54286 0 0
85 1 1.54286 1 1
85 1 1.54286 0 0
85 1 1.54286 1 1
85 1 1.54286 1 1
85 1 1.54286 1 1
85 1 1.54286 0 0
85 1 1.54286 1 1
85 1 1.54286 0 0
85 1 1.54286 1 1
85 1 1.54286 1 1
85 1 1.54286 1 1
85 1 1.54286 0 0
85 1 1.54286 1 1
85 1 1.54286 1 1
85 1 1.54286 0 0
85 1 1.54286 0 0
85 1 1.54286 1 1
85 1 1.54286 1 1
85 1 1.54286 1 1
85 1 1.54286 0 0
85 1 1.54286 0 0
85 1 1.54286 0 0
85 1 1.54286 1 1
85 1 1.54286 1 1
85 1 1.54286 0 0
85 1 1.54286 1 1
85 1 1.54286 1 1
85 1 1.54286 1 1
85 1 1.54286 1 1
85 1 1.54286 1 1
85 1 1.54286 1 1
85 1 1.54286 1 1
85 1 1.54286 1 1
85 1 1.54286 1 1
85 1 1.54286 0 0
85 1 1.54286 0 0
85 1 1.54286 1 1
85 1 1.54286 1 1
85 1 1.54286 1 1
85 1 1.54286 1 1
85 1 1.54286 0 0
85 1 1.54286 1 1
85 1 1.54286 0 0
85 1 1.54286 0 0
85 1 1.54286 1 1
85 1 1.54286 0 0
85 1 1.54286 1 1
85 1 1.54286 1 1
85 1 1.54286 1 1
86 1 1.77143 1 1
86 1 1.77143 1 1
86 1 1.77143 0 0
86 1 1.77143 1 1
86 1 1.77143 0 0
86 1 1.77143 0 0
86 1 1.77143 0 0
86 1 1.77143 0 0
86 1 1.77143 1 1
86 1 1.77143 0 0
86 1 1.77143 1 1
86 1 1.77143 0 0
86 1 1.77143 1 1
86 1 1.77143 0 0
86 1 1.77143 1 1
86 1 1.77143 0 0
86 1 1.77143 0 0
86 1 1.77143 0 0
86 1 1.77143 1 1
86 1 1.77143 0 0
86 1 1.77143 0 0
86 1 1.77143 1 1
86 1 1.77143 0 0
86 1 1.77143 1 1
86 1 1.77143 1 1
86 1 1.77143 0 0
86 1 1.77143 0 0
86 1 1.77143 1 1
86 1 1.77143 1 1
86 1 1.77143 0 0
86 1 1.77143 0 0
86 1 1.77143 0 0
86 1 1.77143 0 0
86 1 1.77143 0 0
86 1 1.77143 0 0
86 1 1.77143 1 1
86 1 1.77143 0 0
86 1 1.77143 0 0
86 1 1.77143 1 1
86 1 1.77143 1 1
86 1 1.77143 0 0
86 1 1.77143 0 0
86 1 1.77143 1 1
86 1 1.77143 0 0
86 1 1.77143 0 0
86 1 1.77143 0 0
86 1 1.77143 0 0
86 1 1.77143 0 0
86 1 1.77143 0 0
86 1 1.77143 1 1
86 1 1.77143 0 0
86 1 1.77143 1 1
86 1 1.77143 1 1
86 1 1.77143 0 0
86 1 1.77143 1 1
87 1 2 0 0
87 1 2 0 0
87 1 2 0 0
87 1 2 1 1
87 1 2 0 0
87 1 2 1 1
87 1 2 1 1
87 1 2 1 1
87 1 2 1 1
87 1 2 0 0
87 1 2 0 0
87 1 2 0 0
87 1 2 0 0
87 1 2 0 0
87 1 2 1 1
87 1 2 0 0
87 1 2 1 1
87 1 2 1 1
87 1 2 0 0
87 1 2 0 0
87 1 2 1 1
87 1 2 1 1
87 1 2 0 0
87 1 2 1 1
87 1 2 1 1
87 1 2 1 1
87 1 2 1 1
87 1 2 0 0
87 1 2 0 0
87 1 2 1 1
87 1 2 0 0
87 1 2 1 1
87 1 2 0 0
87 1 2 0 0
87 1 2 0 0
87 1 2 1 1
87 1 2 1 1
87 1 2 0 0
87 1 2 1 1
87 1 2 1 1
87 1 2 0 0
87 1 2 1 1
87 1 2 0 0
87 1 2 1 1
87 1 2 1 1
87 1 2 0 0
87 1 2 1 1
87 1 2 1 1
87 1 2 1 1
87 1 2 0 0
87 1 2 0 0
87 1 2 0 0
87 1 2 1 1
87 1 2 1 1
87 1 2 0 0
104 1 0.4 1 0
104 1 0.4 1 0
104 1 0.4 0 1
104 1 0.4 1 1
104 1 0.4 0 0
104 1 0.4 1 1
104 1 0.4 0 1
104 1 0.4 1 0
104 1 0.4 1 0
104 1 0.4 1 0
104 1 0.4 0 1
104 1 0.4 1 0
104 1 0.4 0 1
104 1 0.4 0 1
104 1 0.4 0 0
104 1 0.4 0 0
104 1 0.4 1 1
104 1 0.4 1 1
104 1 0.4 0 1
104 1 0.4 1 0
104 1 0.4 0 0
104 1 0.4 0 1
104 1 0.4 1 0
104 1 0.4 1 1
104 1 0.4 0 1
104 1 0.4 0 1
104 1 0.4 1 0
104 1 0.4 1 1
104 1 0.4 1 1
104 1 0.4 1 0
104 1 0.4 0 0
104 1 0.4 1 1
104 1 0.4 1 0
104 1 0.4 1 1
104 1 0.4 0 1
104 1 0.4 0 0
104 1 0.4 0 0
104 1 0.4 1 0
104 1 0.4 1 1
104 1 0.4 1 1
104 1 0.4 0 0
104 1 0.4 0 0
104 1 0.4 1 1
104 1 0.4 1 0
104 1 0.4 0 1
104 1 0.4 1 1
104 1 0.4 1 0
104 1 0.4 0 1
104 1 0.4 0 1
104 1 0.4 1 1
104 1 0.4 1 1
104 1 0.4 1 1
104 1 0.4 1 0
104 1 0.4 0 0
104 1 0.4 1 1
105 1 0.557143 1 0
105 1 0.557143 0 0
105 1 0.557143 0 1
105 1 0.557143 0 1
105 1 0.557143 0 1
105 1 0.557143 1 0
105 1 0.557143 1 0
105 1 0.557143 0 1
105 1 0.557143 0 0
105 1 0.557143 1 0
105 1 0.557143 0 1
105 1 0.557143 1 1
105 1 0.557143 0 1
105 1 0.557143 0 1
105 1 0.557143 1 1
105 1 0.557143 0 0
105 1 0.557143 1 1
105 1 0.557143 0 0
105 1 0.557143 0 1
105 1 0.557143 1 0
105 1 0.557143 1 1
105 1 0.557143 0 0
105 1 0.557143 0 1
105 1 0.557143 0 0
105 1 0.557143 1 1
105 1 0.557143 1 1
105 1 0.557143 0 1
105 1 0.557143 1 0
105 1 0.557143 1 1
105 1 0.557143 0 1
105 1 0.557143 1 0
105 1 0.557143 0 1
105 1 0.557143 0 1
105 1 0.557143 0 1
105 1 0.557143 0 1
105 1 0.557143 0 0
105 1 0.557143 1 0
105 1 0.557143 0 1
105 1 0.557143 0 0
105 1 0.557143 0 0
105 1 0.557143 0 0
105 1 0.557143 0 1
105 1 0.557143 1 1
105 1 0.557143 0 1
105 1 0.557143 1 0
105 1 0.557143 0 1
105 1 0.557143 0 0
105 1 0.557143 0 0
105 1 0.557143 1 1
105 1 0.557143 1 1
105 1 0.557143 0 1
105 1 0.557143 0 0
105 1 0.557143 1 0
105 1 0.557143 1 1
105 1 0.557143 0 1
106 1 0.714286 0 0
106 1 0.714286 0 0
106 1 0.714286 0 1
106 1 0.714286 0 1
106 1 0.714286 1 1
106 1 0.714286 0 0
106 1 0.714286 0 0
106 1 0.714286 1 1
106 1 0.714286 1 1
106 1 0.714286 1 1
106 1 0.714286 1 0
106 1 0.714286 1 0
106 1 0.714286 0 1
106 1 0.714286 1 1
106 1 0.714286 1 1
106 1 0.714286 1 1
106 1 0.714286 0 0
106 1 0.714286 1 1
106 1 0.714286 1 1
106 1 0.714286 1 0
106 1 0.714286 1 1
106 1 0.714286 1 1
106 1 0.714286 0 0
106 1 0.714286 1 0
106 1 0.714286 0 1
106 1 0.714286 1 1
106 1 0.714286 0 0
106 1 0.714286 0 0
106 1 0.714286 1 1
106 1 0.714286 1 1
106 1 0.714286 0 0
106 1 0.714286 0 1
106 1 0.714286 0 1
106 1 0.714286 1 0
106 1 0.714286 1 1
106 1 0.714286 1 1
106 1 0.714286 0 1
106 1 0.714286 1 1
106 1 0.714286 0 0
106 1 0.714286 1 1
106 1 0.714286 1 1
106 1 0.714286 1 1
106 1 0.714286 1 1
106 1 0.714286 0 1
106 1 0.714286 1 0
106 1 0.714286 0 1
106 1 0.714286 0 1
106 1 0.714286 0 1
106 1 0.714286 1 1
106 1 0.714286 0 1
106 1 0.714286 1 1
106 1 0.714286 0 1
106 1 0.714286 1 1
106 1 0.714286 0 0
106 1 0.714286 0 1
107 1 0.871429 0 0
107 1 0.871429 0 0
107 1 0.871429 0 0
107 1 0.871429 1 1
107 1 0.871429 1 1
107 1 0.871429 1 1
107 1 0.871429 1 0
107 1 0.871429 1 1
107 1 0.871429 0 0
107 1 0.871429 0 0
107 1 0.871429 1 1
107 1 0.871429 0 0
107 1 0.871429 1 1
107 1 0.871429 0 0
107 1 0.871429 0 0
107 1 0.871429 1 0
107 1 0.871429 1 1
107 1 0.871429 1 1
107 1 0.871429 0 0
107 1 0.871429 0 0
107 1 0.871429 1 1
107 1 0.871429 1 1
107 1 0.871429 0 0
107 1 0.871429 1 1
107 1 0.871429 0 0
107 1 0.871429 1 0
107 1 0.871429 1 1
107 1 0.871429 1 1
107 1 0.871429 1 0
107 1 0.871429 0 0
107 1 0.871429 1 1
107 1 0.871429 0 0
107 1 0.871429 0 0
107 1 0.871429 1 1
107 1 0.871429 0 0
107 1 0.871429 0 0
107 1 0.871429 1 1
107 1 0.871429 0 0
107 1 0.871429 0 0
107 1 0.871429 1 1
107 1 0.871429 0 0
107 1 0.871429 0 1
107 1 0.871429 0 0
107 1 0.871429 1 1
107 1 0.871429 0 0
107 1 0.871429 0 1
107 1 0.871429 0 0
107 1 0.871429 1 0
107 1 0.871429 1 1
107 1 0.871429 1 1
107 1 0.871429 1 1
107 1 0.871429 0 0
107 1 0.871429 0 0
107 1 0.871429 1 1
107 1 0.871429 1 1
108 1 1.02857 1 1
108 1 1.02857 1 1
108 1 1.02857 1 1
108 1 1.02857 0 0
108 1 1.02857 1 1
108 1 1.02857 0 1
108 1 1.02857 0 0
108 1 1.02857 0 1
108 1 1.02857 1 0
108 1 1.02857 1 1
108 1 1.02857 1 1
108 1 1.02857 0 0
108 1 1.02857 0 0
108 1 1.02857 1 1
108 1 1.02857 0 0
108 1 1.02857 0 0
108 1 1.02857 1 1
108 1 1.02857 1 1
108 1 1.02857 0 0
108 1 1.02857 0 0
108 1 1.02857 0 0
108 1 1.02857 1 1
108 1 1.02857 1 1
108 1 1.02857 1 1
108 1 1.02857 1 1
108 1 1.02857 0 0
108 1 1.02857 1 1
108 1 1.02857 0 0
108 1 1.02857 1 1
108 1 1.02857 1 1
108 1 1.02857 0 0
108 1 1.02857 1 1
108 1 1.02857 0 1
108 1 1.02857 0 0
108 1 1.02857 1 1
108 1 1.02857 1 1
108 1 1.02857 1 1
108 1 1.02857 1 1
108 1 1.02857 1 1
108 1 1.02857 1 1
108 1 1.02857 1 1
108 1 1.02857 1 1
108 1 1.02857 1 1
108 1 1.02857 1 1
108 1 1.02857 1 1
108 1 1.02857 0 0
108 1 1.02857 0 0
108 1 1.02857 1 1
108 1 1.02857 1 1
108 1 1.02857 1 1
108 1 1.02857 0 0
108 1 1.02857 0 0
108 1 1.02857 1 1
108 1 1.02857 0 0
108 1 1.02857 1 1
109 1 1.18571 0 0
109 1 1.18571 1 1
109 1 1.18571 1 1
109 1 1.18571 0 0
109 1 1.18571 1 1
109 1 1.18571 1 1
109 1 1.18571 1 1
109 1 1.18571 0 0
109 1 1.18571 1 1
109 1 1.18571 1 1
109 1 1.18571 0 0
109 1 1.18571 0 0
109 1 1.18571 1 1
109 1 1.18571 0 0
109 1 1.18571 1 1
109 1 1.18571 0 0
109 1 1.18571 1 1
109 1 1.18571 1 1
109 1 1.18571 1 1
109 1 1.18571 0 0
109 1 1.18571 1 1
109 1 1.18571 1 1
109 1 1.18571 1 1
109 1 1.18571 0 0
109 1 1.18571 1 1
109 1 1.18571 0 0
109 1 1.18571 0 0
109 1 1.18571 1 1
109 1 1.18571 0 0
109 1 1.18571 1 1
109 1 1.18571 1 1
109 1 1.18571 1 1
109 1 1.18571 1 1
109 1 1.18571 0 0
109 1 1.18571 1 1
109 1 1.18571 0 0
109 1 1.18571 0 0
109 1 1.18571 1 1
109 1 1.18571 0 0
109 1 1.18571 1 1
109 1 1.18571 1 1
109 1 1.18571 1 1
109 1 1.18571 0 0
109 1 1.18571 1 1
109 1 1.18571 1 1
109 1 1.18571 0 0
109 1 1.18571 1 1
109 1 1.18571 1 1
109 1 1.18571 1 1
109 1 1.18571 1 1
109 1 1.18571 0 0
109 1 1.18571 0 0
109 1 1.18571 0 0
109 1 1.18571 0 0
109 1 1.18571 1 1
110 1 1.34286 1 1
110 1 1.34286 1 1
110 1 1.34286 1 1
110 1 1.34286 1 1
110 1 1.34286 0 0
110 1 1.34286 0 0
110 1 1.34286 1 1
110 1 1.34286 1 1
110 1 1.34286 1 1
110 1 1.34286 0 0
110 1 1.34286 0 0
110 1 1.34286 1 1
110 1 1.34286 0 0
110 1 1.34286 0 0
110 1 1.34286 1 1
110 1 1.34286 0 0
110 1 1.34286 1 1
110 1 1.34286 0 0
110 1 1.34286 1 1
110 1 1.34286 1 1
110 1 1.34286 0 0
110 1 1.34286 1 1
110 1 1.34286 0 0
110 1 1.34286 0 0
110 1 1.34286 0 0
110 1 1.34286 1 1
110 1 1.34286 0 0
110 1 1.34286 1 1
110 1 1.34286 0 0
110 1 1.34286 0 0
110 1 1.34286 0 0
110 1 1.34286 1 1
110 1 1.34286 1 1
110 1 1.34286 1 1
110 1 1.34286 0 0
110 1 1.34286 1 1
110 1 1.34286 1 1
110 1 1.34286 1 1
110 1 1.34286 0 0
110 1 1.34286 0 0
110 1 1.34286 0 0
110 1 1.34286 1 1
110 1 1.34286 1 1
110 1 1.34286 1 1
110 1 1.34286 1 1
110 1 1.34286 1 1
110 1 1.34286 1 1
110 1 1.34286 1 1
110 1 1.34286 0 0
110 1 1.34286 0 0
110 1 1.34286 1 1
110 1 1.34286 1 1
110 1 1.34286 1 1
110 1 1.34286 1 1
110 1 1.34286 0 0
111 1 1.5 1 1
111 1 1.5 0 0
111 1 1.5 0 0
111 1 1.5 0 0
111 1 1.5 0 0
111 1 1.5 0 0
111 1 1.5 1 1
111 1 1.5 1 1
111 1 1.5 0 0
111 1 1.5 0 0
111 1 1.5 1 1
111 1 1.5 1 1
111 1 1.5 0 0
111 1 1.5 0 0
111 1 1.5 0 0
111 1 1.5 1 1
111 1 1.5 1 1
111 1 1.5 1 1
111 1 1.5 0 0
111 1 1.5 1 1
111 1 1.5 0 0
111 1 1.5 1 1
111 1 1.5 1 1
111 1 1.5 1 1
111 1 1.5 0 0
111 1 1.5 0 0
111 1 1.5 0 0
111 1 1.5 0 0
111 1 1.5 0 0
111 1 1.5 0 0
111 1 1.5 1 1
111 1 1.5 1 1
111 1 1.5 1 1
111 1 1.5 1 1
111 1 1.5 1 1
111 1 1.5 1 1
111 1 1.5 1 1
111 1 1.5 0 0
111 1 1.5 0 0
111 1 1.5 1 1
111 1 1.5 0 0
111 1 1.5 1 1
111 1 1.5 1 1
111 1 1.5 0 0
111 1 1.5 0 0
111 1 1.5 1 1
111 1 1.5 0 0
111 1 1.5 0 0
111 1 1.5 1 1
111 1 1.5 0 0
111 1 1.5 0 0
111 1 1.5 1 1
111 1 1.5 1 1
111 1 1.5 1 1
111 1 1.5 1 1
160 2 1 1 0
160 2 1 0 1
160 2 1 0 1
160 2 1 1 0
160 2 1 1 0
160 2 1 1 1
160 2 1 1 1
160 2 1 0 0
160 2 1 1 1
160 2 1 1 1
160 2 1 1 0
160 2 1 0 0
160 2 1 0 1
160 2 1 0 1
160 2 1 1 0
160 2 1 1 1
160 2 1 1 0
160 2 1 0 0
160 2 1 0 1
160 2 1 1 0
160 2 1 1 1
160 2 1 0 1
160 2 1 1 0
160 2 1 1 0
160 2 1 0 1
160 2 1 0 0
160 2 1 1 0
160 2 1 1 1
160 2 1 1 0
160 2 1 1 1
160 2 1 0 0
160 2 1 1 0
160 2 1 1 1
160 2 1 1 0
160 2 1 1 1
160 2 1 1 0
160 2 1 0 1
160 2 1 0 0
160 2 1 1 1
160 2 1 1 0
160 2 1 1 1
160 2 1 0 0
160 2 1 0 0
160 2 1 1 1
160 2 1 1 1
160 2 1 0 0
160 2 1 1 1
160 2 1 1 0
160 2 1 0 1
160 2 1 0 0
160 2 1 0 1
160 2 1 0 0
160 2 1 0 0
160 2 1 1 1
160 2 1 0 0
161 2 1.1 0 0
161 2 1.1 1 0
161 2 1.1 1 1
161 2 1.1 0 1
161 2 1.1 1 0
161 2 1.1 1 1
161 2 1.1 0 0
161 2 1.1 1 1
161 2 1.1 0 0
161 2 1.1 0 0
161 2 1.1 0 0
161 2 1.1 0 1
161 2 1.1 0 0
161 2 1.1 1 0
161 2 1.1 0 1
161 2 1.1 0 0
161 2 1.1 0 1
161 2 1.1 0 1
161 2 1.1 0 0
161 2 1.1 1 0
161 2 1.1 0 0
161 2 1.1 1 0
161 2 1.1 0 1
161 2 1.1 0 0
161 2 1.1 0 0
161 2 1.1 1 1
161 2 1.1 1 0
161 2 1.1 0 0
161 2 1.1 0 0
161 2 1.1 1 1
161 2 1.1 1 1
161 2 1.1 0 0
161 2 1.1 1 0
161 2 1.1 1 1
161 2 1.1 0 1
161 2 1.1 1 0
161 2 1.1 0 1
161 2 1.1 1 0
161 2 1.1 0 0
161 2 1.1 1 0
161 2 1.1 1 1
161 2 1.1 1 0
161 2 1.1 0 1
161 2 1.1 1 0
161 2 1.1 0 1
161 2 1.1 0 0
161 2 1.1 0 0
161 2 1.1 0 0
161 2 1.1 1 1
161 2 1.1 1 0
161 2 1.1 0 0
161 2 1.1 1 0
161 2 1.1 0 0
161 2 1.1 0 1
161 2 1.1 1 0
162 2 1.2 1 1
162 2 1.2 0 1
162 2 1.2 1 1
162 2 1.2 0 1
162 2 1.2 0 0
162 2 1.2 1 1
162 2 1.2 1 0
162 2 1.2 0 0
162 2 1.2 0 0
162 2 1.2 0 0
162 2 1.2 1 1
162 2 1.2 1 1
162 2 1.2 1 0
162 2 1.2 0 0
162 2 1.2 1 1
162 2 1.2 0 0
162 2 1.2 1 1
162 2 1.2 1 1
162 2 1.2 1 1
162 2 1.2 1 1
162 2 1.2 0 1
162 2 1.2 1 1
162 2 1.2 0 0
162 2 1.2 0 0
162 2 1.2 0 0
162 2 1.2 1 1
162 2 1.2 0 0
162 2 1.2 1 1
162 2 1.2 0 0
162 2 1.2 1 0
162 2 1.2 0 0
162 2 1.2 0 0
162 2 1.2 1 1
162 2 1.2 0 0
162 2 1.2 0 0
162 2 1.2 0 0
162 2 1.2 0 0
162 2 1.2 1 1
162 2 1.2 1 0
162 2 1.2 0 0
162 2 1.2 0 0
162 2 1.2 1 1
162 2 1.2 0 0
162 2 1.2 1 1
162 2 1.2 0 0
162 2 1.2 0 0
162 2 1.2 1 1
162 2 1.2 0 0
162 2 1.2 1 1
162 2 1.2 0 0
162 2 1.2 0 1
162 2 1.2 1 1
162 2 1.2 1 1
162 2 1.2 0 0
162 2 1.2 0 0
163 2 1.3 1 1
163 2 1.3 0 0
163 2 1.3 1 1
163 2 1.3 1 0
163 2 1.3 1 1
163 2 1.3 1 0
163 2 1.3 0 0
163 2 1.3 1 1
163 2 1.3 0 0
163 2 1.3 0 0
163 2 1.3 1 0
163 2 1.3 0 0
163 2 1.3 0 0
163 2 1.3 1 1
163 2 1.3 0 0
163 2 1.3 0 0
163 2 1.3 1 1
163 2 1.3 0 0
163 2 1.3 0 0
163 2 1.3 0 0
163 2 1.3 1 1
163 2 1.3 0 0
163 2 1.3 0 0
163 2 1.3 0 0
163 2 1.3 1 1
163 2 1.3 1 1
163 2 1.3 1 1
163 2 1.3 1 0
163 2 1.3 0 0
163 2 1.3 0 0
163 2 1.3 1 1
163 2 1.3 1 1
163 2 1.3 0 0
163 2 1.3 0 1
163 2 1.3 0 0
163 2 1.3 0 0
163 2 1.3 1 1
163 2 1.3 0 0
163 2 1.3 0 1
163 2 1.3 1 0
163 2 1.3 1 1
163 2 1.3 1 1
163 2 1.3 1 1
163 2 1.3 1 1
163 2 1.3 0 0
163 2 1.3 1 1
163 2 1.3 1 0
163 2 1.3 1 1
163 2 1.3 0 0
163 2 1.3 1 1
163 2 1.3 1 0
163 2 1.3 1 1
163 2 1.3 1 1
163 2 1.3 1 1
163 2 1.3 0 0
164 2 1.4 1 1
164 2 1.4 1 1
164 2 1.4 0 0
164 2 1.4 1 1
164 2 1.4 0 0
164 2 1.4 1 1
164 2 1.4 1 1
164 2 1.4 0 0
164 2 1.4 1 1
164 2 1.4 0 0
164 2 1.4 0 0
164 2 1.4 1 1
164 2 1.4 1 1
164 2 1.4 1 1
164 2 1.4 1 1
164 2 1.4 1 1
164 2 1.4 1 1
164 2 1.4 1 1
164 2 1.4 1 1
164 2 1.4 1 1
164 2 1.4 1 1
164 2 1.4 1 1
164 2 1.4 0 0
164 2 1.4 0 0
164 2 1.4 1 1
164 2 1.4 1 0
164 2 1.4 1 1
164 2 1.4 0 0
164 2 1.4 0 0
164 2 1.4 1 1
164 2 1.4 0 0
164 2 1.4 1 1
164 2 1.4 0 0
164 2 1.4 0 0
164 2 1.4 0 0
164 2 1.4 1 1
164 2 1.4 1 1
164 2 1.4 1 1
164 2 1.4 1 1
164 2 1.4 1 1
164 2 1.4 0 0
164 2 1.4 0 0
164 2 1.4 1 0
164 2 1.4 0 0
164 2 1.4 1 1
164 2 1.4 0 0
164 2 1.4 0 0
164 2 1.4 1 1
164 2 1.4 1 1
164 2 1.4 1 0
164 2 1.4 0 0
164 2 1.4 0 0
164 2 1.4 1 0
164 2 1.4 1 1
164 2 1.4 0 0
165 2 1.5 0 0
165 2 1.5 1 1
165 2 1.5 0 0
165 2 1.5 0 0
165 2 1.5 1 1
165 2 1.5 0 0
165 2 1.5 1 1
165 2 1.5 1 1
165 2 1.5 1 1
165 2 1.5 1 1
165 2 1.5 0 0
165 2 1.5 1 1
165 2 1.5 0 0
165 2 1.5 0 0
165 2 1.5 1 1
165 2 1.5 0 0
165 2 1.5 1 1
165 2 1.5 1 1
165 2 1.5 1 0
165 2 1.5 0 0
165 2 1.5 1 1
165 2 1.5 1 1
165 2 1.5 0 0
165 2 1.5 1 1
165 2 1.5 1 1
165 2 1.5 1 1
165 2 1.5 1 1
165 2 1.5 0 0
165 2 1.5 0 0
165 2 1.5 0 0
165 2 1.5 0 0
165 2 1.5 1 1
165 2 1.5 1 1
165 2 1.5 1 0
165 2 1.5 1 1
165 2 1.5 0 0
165 2 1.5 1 1
165 2 1.5 0 0
165 2 1.5 0 0
165 2 1.5 0 0
165 2 1.5 1 1
165 2 1.5 1 0
165 2 1.5 1 1
165 2 1.5 0 0
165 2 1.5 0 0
165 2 1.5 1 1
165 2 1.5 0 0
165 2 1.5 0 0
165 2 1.5 1 0
165 2 1.5 1 1
165 2 1.5 0 0
165 2 1.5 0 0
165 2 1.5 0 0
165 2 1.5 1 1
165 2 1.5 1 1
166 2 1.6 0 0
166 2 1.6 0 0
166 2 1.6 1 1
166 2 1.6 0 0
166 2 1.6 1 1
166 2 1.6 0 0
166 2 1.6 0 0
166 2 1.6 0 0
166 2 1.6 1 1
166 2 1.6 1 1
166 2 1.6 1 1
166 2 1.6 0 0
166 2 1.6 1 1
166 2 1.6 1 1
166 2 1.6 1 1
166 2 1.6 0 0
166 2 1.6 0 0
166 2 1.6 0 0
166 2 1.6 1 1
166 2 1.6 1 1
166 2 1.6 1 1
166 2 1.6 1 1
166 2 1.6 1 1
166 2 1.6 1 1
166 2 1.6 1 1
166 2 1.6 0 0
166 2 1.6 0 0
166 2 1.6 1 1
166 2 1.6 1 1
166 2 1.6 1 1
166 2 1.6 1 1
166 2 1.6 0 0
166 2 1.6 0 0
166 2 1.6 1 1
166 2 1.6 1 1
166 2 1.6 0 0
166 2 1.6 1 1
166 2 1.6 1 1
166 2 1.6 1 1
166 2 1.6 0 0
166 2 1.6 1 1
166 2 1.6 1 1
166 2 1.6 0 0
166 2 1.6 0 0
166 2 1.6 1 1
166 2 1.6 0 0
166 2 1.6 1 1
166 2 1.6 0 0
166 2 1.6 1 1
166 2 1.6 1 1
166 2 1.6 1 1
166 2 1.6 0 0
166 2 1.6 1 1
166 2 1.6 1 1
166 2 1.6 1 1
167 2 1.7 1 1
167 2 1.7 0 0
167 2 1.7 0 0
167 2 1.7 0 0
167 2 1.7 0 0
167 2 1.7 0 0
167 2 1.7 0 0
167 2 1.7 1 1
167 2 1.7 1 1
167 2 1.7 1 1
167 2 1.7 1 1
167 2 1.7 1 1
167 2 1.7 1 1
167 2 1.7 1 1
167 2 1.7 0 0
167 2 1.7 0 0
167 2 1.7 1 1
167 2 1.7 0 0
167 2 1.7 1 1
167 2 1.7 1 1
167 2 1.7 0 0
167 2 1.7 0 0
167 2 1.7 1 1
167 2 1.7 0 0
167 2 1.7 0 0
167 2 1.7 1 1
167 2 1.7 0 0
167 2 1.7 0 0
167 2 1.7 1 1
167 2 1.7 1 1
167 2 1.7 1 1
167 2 1.7 1 1
167 2 1.7 1 1
167 2 1.7 1 1
167 2 1.7 1 1
167 2 1.7 1 1
167 2 1.7 0 0
167 2 1.7 0 0
167 2 1.7 1 1
167 2 1.7 1 1
167 2 1.7 1 1
167 2 1.7 0 0
167 2 1.7 0 0
167 2 1.7 1 1
167 2 1.7 0 0
167 2 1.7 0 0
167 2 1.7 1 1
167 2 1.7 0 0
167 2 1.7 1 1
167 2 1.7 0 0
167 2 1.7 1 1
167 2 1.7 1 1
167 2 1.7 0 0
167 2 1.7 1 1
167 2 1.7 0 0
184 2 0.8 0 0
184 2 0.8 1 1
184 2 0.8 0 1
184 2 0.8 1 1
184 2 0.8 1 0
184 2 0.8 0 1
184 2 0.8 0 0
184 2 0.8 1 1
184 2 0.8 0 1
184 2 0.8 0 0
184 2 0.8 1 0
184 2 0.8 1 1
184 2 0.8 0 0
184 2 0.8 1 1
184 2 0.8 1 1
184 2 0.8 0 1
184 2 0.8 0 0
184 2 0.8 0 0
184 2 0.8 0 0
184 2 0.8 1 0
184 2 0.8 0 1
184 2 0.8 1 0
184 2 0.8 0 1
184 2 0.8 0 1
184 2 0.8 0 0
184 2 0.8 0 1
184 2 0.8 1 0
184 2 0.8 1 1
184 2 0.8 1 1
184 2 0.8 1 0
184 2 0.8 1 1
184 2 0.8 1 1
184 2 0.8 1 1
184 2 0.8 1 1
184 2 0.8 0 0
184 2 0.8 0 0
184 2 0.8 1 1
184 2 0.8 1 1
184 2 0.8 0 1
184 2 0.8 0 0
184 2 0.8 0 0
184 2 0.8 0 1
184 2 0.8 0 0
184 2 0.8 0 1
184 2 0.8 1 1
184 2 0.8 0 0
184 2 0.8 0 0
184 2 0.8 0 1
184 2 0.8 1 1
184 2 0.8 1 1
184 2 0.8 0 1
184 2 0.8 0 0
184 2 0.8 0 0
184 2 0.8 1 1
184 2 0.8 1 0
185 2 0.928571 1 0
185 2 0.928571 1 1
185 2 0.928571 1 1
185 2 0.928571 1 0
185 2 0.928571 1 0
185 2 0.928571 0 1
185 2 0.928571 0 0
185 2 0.928571 1 0
185 2 0.928571 0 1
185 2 0.928571 0 0
185 2 0.928571 0 1
185 2 0.928571 0 0
185 2 0.928571 1 1
185 2 0.928571 1 1
185 2 0.928571 0 1
185 2 0.928571 1 0
185 2 0.928571 0 1
185 2 0.928571 1 1
185 2 0.928571 0 0
185 2 0.928571 1 1
185 2 0.928571 1 0
185 2 0.928571 0 1
185 2 0.928571 1 1
185 2 0.928571 1 1
185 2 0.928571 1 0
185 2 0.928571 0 1
185 2 0.928571 1 1
185 2 0.928571 1 0
185 2 0.928571 1 1
185 2 0.928571 1 0
185 2 0.928571 1 1
185 2 0.928571 0 0
185 2 0.928571 0 1
185 2 0.928571 0 0
185 2 0.928571 0 1
185 2 0.928571 1 1
185 2 0.928571 0 1
185 2 0.928571 0 0
185 2 0.928571 1 1
185 2 0.928571 0 1
185 2 0.928571 0 0
185 2 0.928571 1 1
185 2 0.928571 0 0
185 2 0.928571 0 1
185 2 0.928571 0 0
185 2 0.928571 0 1
185 2 0.928571 0 0
185 2 0.928571 1 0
185 2 0.928571 0 0
185 2 0.928571 1 1
185 2 0.928571 1 1
185 2 0.928571 1 1
185 2 0.928571 0 0
185 2 0.928571 1 1
185 2 0.928571 1 1
186 2 1.05714 0 0
186 2 1.05714 1 1
186 2 1.05714 0 1
186 2 1.05714 0 0
186 2 1.05714 0 0
186 2 1.05714 0 0
186 2 1.05714 0 1
186 2 1.05714 1 1
186 2 1.05714 0 0
186 2 1.05714 0 0
186 2 1.05714 0 0
186 2 1.05714 1 1
186 2 1.05714 0 0
186 2 1.05714 1 1
186 2 1.05714 0 0
186 2 1.05714 1 1
186 2 1.05714 1 0
186 2 1.05714 0 0
186 2 1.05714 0 0
186 2 1.05714 0 0
186 2 1.05714 0 0
186 2 1.05714 1 1
186 2 1.05714 0 0
186 2 1.05714 0 1
186 2 1.05714 1 1
186 2 1.05714 1 1
186 2 1.05714 1 0
186 2 1.05714 1 0
186 2 1.05714 1 0
186 2 1.05714 1 0
186 2 1.05714 1 1
186 2 1.05714 1 1
186 2 1.05714 1 1
186 2 1.05714 0 1
186 2 1.05714 1 1
186 2 1.05714 0 0
186 2 1.05714 1 1
186 2 1.05714 0 0
186 2 1.05714 0 0
186 2 1.05714 0 0
186 2 1.05714 0 0
186 2 1.05714 0 0
186 2 1.05714 1 1
186 2 1.05714 1 1
186 2 1.05714 0 0
186 2 1.05714 0 0
186 2 1.05714 1 1
186 2 1.05714 1 1
186 2 1.05714 1 1
186 2 1.05714 0 1
186 2 1.05714 0 0
186 2 1.05714 0 0
186 2 1.05714 1 1
186 2 1.05714 0 0
186 2 1.05714 0 1
187 2 1.18571 1 1
187 2 1.18571 1 1
187 2 1.18571 1 1
187 2 1.18571 0 0
187 2 1.18571 0 0
187 2 1.18571 0 0
187 2 1.18571 0 0
187 2 1.18571 1 1
187 2 1.18571 0 0
187 2 1.18571 1 1
187 2 1.18571 1 1
187 2 1.18571 0 0
187 2 1.18571 0 0
187 2 1.18571 1 1
187 2 1.18571 0 0
187 2 1.18571 1 1
187 2 1.18571 0 0
187 2 1.18571 0 0
187 2 1.18571 1 1
187 2 1.18571 1 1
187 2 1.18571 1 0
187 2 1.18571 1 1
187 2 1.18571 1 1
187 2 1.18571 1 1
187 2 1.18571 1 1
187 2 1.18571 0 0
187 2 1.18571 0 0
187 2 1.18571 1 1
187 2 1.18571 0 0
187 2 1.18571 0 0
187 2 1.18571 0 0
187 2 1.18571 1 1
187 2 1.18571 0 0
187 2 1.18571 0 0
187 2 1.18571 1 0
187 2 1.18571 1 1
187 2 1.18571 1 1
187 2 1.18571 1 1
187 2 1.18571 0 0
187 2 1.18571 1 1
187 2 1.18571 0 0
187 2 1.18571 1 0
187 2 1.18571 1 1
187 2 1.18571 1 1
187 2 1.18571 0 1
187 2 1.18571 0 0
187 2 1.18571 1 1
187 2 1.18571 0 0
187 2 1.18571 0 0
187 2 1.18571 1 1
187 2 1.18571 0 0
187 2 1.18571 0 0
187 2 1.18571 0 0
187 2 1.18571 0 0
187 2 1.18571 1 1
188 2 1.31429 0 0
188 2 1.31429 1 1
188 2 1.31429 1 1
188 2 1.31429 1 1
188 2 1.31429 0 1
188 2 1.31429 1 1
188 2 1.31429 0 1
188 2 1.31429 0 0
188 2 1.31429 0 0
188 2 1.31429 1 1
188 2 1.31429 0 0
188 2 1.31429 0 0
188 2 1.31429 0 0
188 2 1.31429 1 1
188 2 1.31429 1 1
188 2 1.31429 0 1
188 2 1.31429 0 0
188 2 1.31429 0 0
188 2 1.31429 1 1
188 2 1.31429 0 0
188 2 1.31429 0 0
188 2 1.31429 0 0
188 2 1.31429 1 1
188 2 1.31429 0 0
188 2 1.31429 1 1
188 2 1.31429 0 0
188 2 1.31429 0 0
188 2 1.31429 1 1
188 2 1.31429 0 0
188 2 1.31429 1 1
188 2 1.31429 0 0
188 2 1.31429 0 0
188 2 1.31429 0 0
188 2 1.31429 1 1
188 2 1.31429 1 1
188 2 1.31429 0 0
188 2 1.31429 1 1
188 2 1.31429 0 0
188 2 1.31429 1 1
188 2 1.31429 1 1
188 2 1.31429 0 0
188 2 1.31429 1 1
188 2 1.31429 0 0
188 2 1.31429 1 1
188 2 1.31429 0 0
188 2 1.31429 0 0
188 2 1.31429 1 1
188 2 1.31429 0 0
188 2 1.31429 0 0
188 2 1.31429 1 1
188 2 1.31429 0 0
188 2 1.31429 0 0
188 2 1.31429 0 0
188 2 1.31429 1 1
188 2 1.31429 1 0
189 2 1.44286 1 1
189 2 1.44286 1 1
189 2 1.44286 0 0
189 2 1.44286 1 1
189 2 1.44286 0 0
189 2 1.44286 1 1
189 2 1.44286 1 1
189 2 1.44286 1 1
189 2 1.44286 0 0
189 2 1.44286 1 1
189 2 1.44286 0 0
189 2 1.44286 1 1
189 2 1.44286 1 1
189 2 1.44286 1 1
189 2 1.44286 0 0
189 2 1.44286 1 1
189 2 1.44286 1 1
189 2 1.44286 0 0
189 2 1.44286 0 0
189 2 1.44286 1 1
189 2 1.44286 1 1
189 2 1.44286 1 1
189 2 1.44286 0 0
189 2 1.44286 0 0
189 2 1.44286 0 0
189 2 1.44286 1 1
189 2 1.44286 1 1
189 2 1.44286 0 0
189 2 1.44286 1 1
189 2 1.44286 1 1
189 2 1.44286 1 1
189 2 1.44286 1 1
189 2 1.44286 1 1
189 2 1.44286 1 1
189 2 1.44286 1 1
189 2 1.44286 1 1
189 2 1.44286 1 1
189 2 1.44286 0 0
189 2 1.44286 0 0
189 2 1.44286 1 1
189 2 1.44286 1 1
189 2 1.44286 1 1
189 2 1.44286 1 1
189 2 1.44286 0 0
189 2 1.44286 1 1
189 2 1.44286 0 0
189 2 1.44286 0 0
189 2 1.44286 1 1
189 2 1.44286 0 0
189 2 1.44286 1 1
189 2 1.44286 1 1
189 2 1.44286 1 1
189 2 1.44286 1 1
189 2 1.44286 1 1
189 2 1.44286 0 0
190 2 1.57143 1 1
190 2 1.57143 0 0
190 2 1.57143 0 0
190 2 1.57143 0 0
190 2 1.57143 0 0
190 2 1.57143 1 1
190 2 1.57143 0 0
190 2 1.57143 1 1
190 2 1.57143 0 0
190 2 1.57143 1 1
190 2 1.57143 0 0
190 2 1.57143 1 1
190 2 1.57143 0 0
190 2 1.57143 0 0
190 2 1.57143 0 0
190 2 1.57143 1 1
190 2 1.57143 0 0
190 2 1.57143 0 0
190 2 1.57143 1 1
190 2 1.57143 0 0
190 2 1.57143 1 1
190 2 1.57143 1 1
190 2 1.57143 0 0
190 2 1.57143 0 0
190 2 1.57143 1 1
190 2 1.57143 1 1
190 2 1.57143 0 0
190 2 1.57143 0 0
190 2 1.57143 0 0
190 2 1.57143 0 0
190 2 1.57143 0 0
190 2 1.57143 0 0
190 2 1.57143 1 1
190 2 1.57143 0 0
190 2 1.57143 0 0
190 2 1.57143 1 1
190 2 1.57143 1 1
190 2 1.57143 0 0
190 2 1.57143 0 0
190 2 1.57143 1 1
190 2 1.57143 0 0
190 2 1.57143 0 0
190 2 1.57143 0 0
190 2 1.57143 0 0
190 2 1.57143 0 0
190 2 1.57143 0 0
190 2 1.57143 1 1
190 2 1.57143 0 0
190 2 1.57143 1 1
190 2 1.57143 1 1
190 2 1.57143 0 0
190 2 1.57143 1 1
190 2 1.57143 0 0
190 2 1.57143 0 0
190 2 1.57143 1 1
191 2 1.7 1 1
191 2 1.7 0 0
191 2 1.7 1 1
191 2 1.7 1 1
191 2 1.7 1 1
191 2 1.7 1 1
191 2 1.7 0 0
191 2 1.7 0 0
191 2 1.7 0 0
191 2 1.7 0 0
191 2 1.7 0 0
191 2 1.7 1 1
191 2 1.7 0 0
191 2 1.7 1 1
191 2 1.7 1 1
191 2 1.7 0 0
191 2 1.7 0 0
191 2 1.7 1 1
191 2 1.7 1 1
191 2 1.7 0 0
191 2 1.7 1 1
191 2 1.7 1 1
191 2 1.7 1 1
191 2 1.7 1 1
191 2 1.7 0 0
191 2 1.7 0 0
191 2 1.7 1 1
191 2 1.7 0 0
191 2 1.7 1 1
191 2 1.7 0 0
191 2 1.7 0 0
191 2 1.7 0 0
191 2 1.7 1 1
191 2 1.7 1 1
191 2 1.7 0 0
191 2 1.7 1 1
191 2 1.7 1 1
191 2 1.7 0 0
191 2 1.7 1 1
191 2 1.7 0 0
191 2 1.7 1 1
191 2 1.7 1 1
191 2 1.7 0 0
191 2 1.7 1 1
191 2 1.7 1 1
191 2 1.7 1 1
191 2 1.7 0 0
191 2 1.7 0 0
191 2 1.7 0 0
191 2 1.7 1 1
191 2 1.7 1 1
191 2 1.7 0 0
191 2 1.7 1 1
191 2 1.7 1 1
191 2 1.7 0 0
247 3 3 1 1
247 3 3 1 0
247 3 3 0 0
247 3 3 1 0
247 3 3 1 1
247 3 3 1 1
247 3 3 0 0
247 3 3 0 0
247 3 3 0 1
247 3 3 1 1
247 3 3 1 1
247 3 3 1 1
247 3 3 0 0
247 3 3 0 0
247 3 3 1 0
247 3 3 1 0
247 3 3 0 1
247 3 3 1 1
247 3 3 1 1
247 3 3 0 0
247 3 3 0 0
247 3 3 1 1
247 3 3 1 1
247 3 3 1 1
247 3 3 1 1
247 3 3 0 0
247 3 3 1 1
247 3 3 1 1
247 3 3 1 0
247 3 3 1 0
247 3 3 1 1
247 3 3 0 0
247 3 3 0 0
247 3 3 1 1
247 3 3 1 0
247 3 3 1 1
247 3 3 0 0
247 3 3 0 0
247 3 3 1 1
247 3 3 1 0
247 3 3 0 0
247 3 3 1 1
247 3 3 1 1
247 3 3 0 0
247 3 3 0 1
247 3 3 0 0
247 3 3 0 0
247 3 3 0 0
247 3 3 1 1
247 3 3 0 0
247 3 3 0 1
247 3 3 1 1
247 3 3 0 0
247 3 3 1 0
247 3 3 0 1
248 3 3.57143 1 0
248 3 3.57143 0 0
248 3 3.57143 1 1
248 3 3.57143 0 0
248 3 3.57143 0 1
248 3 3.57143 0 0
248 3 3.57143 0 0
248 3 3.57143 0 0
248 3 3.57143 1 1
248 3 3.57143 0 0
248 3 3.57143 0 0
248 3 3.57143 0 1
248 3 3.57143 0 0
248 3 3.57143 0 0
248 3 3.57143 1 1
248 3 3.57143 0 0
248 3 3.57143 1 1
248 3 3.57143 0 0
248 3 3.57143 0 0
248 3 3.57143 0 0
248 3 3.57143 1 1
248 3 3.57143 1 1
248 3 3.57143 0 1
248 3 3.57143 0 1
248 3 3.57143 1 0
248 3 3.57143 1 1
248 3 3.57143 0 0
248 3 3.57143 1 0
248 3 3.57143 1 0
248 3 3.57143 0 1
248 3 3.57143 1 0
248 3 3.57143 0 1
248 3 3.57143 1 0
248 3 3.57143 0 0
248 3 3.57143 1 1
248 3 3.57143 1 0
248 3 3.57143 1 1
248 3 3.57143 0 0
248 3 3.57143 1 1
248 3 3.57143 0 0
248 3 3.57143 0 0
248 3 3.57143 0 0
248 3 3.57143 0 0
248 3 3.57143 1 1
248 3 3.57143 1 1
248 3 3.57143 0 1
248 3 3.57143 1 0
248 3 3.57143 0 0
248 3 3.57143 0 0
248 3 3.57143 1 0
248 3 3.57143 1 0
248 3 3.57143 0 0
248 3 3.57143 0 1
248 3 3.57143 1 1
248 3 3.57143 1 1
249 3 4.14286 1 0
249 3 4.14286 1 1
249 3 4.14286 0 0
249 3 4.14286 0 0
249 3 4.14286 0 1
249 3 4.14286 1 1
249 3 4.14286 1 1
249 3 4.14286 1 0
249 3 4.14286 0 0
249 3 4.14286 1 1
249 3 4.14286 0 0
249 3 4.14286 1 1
249 3 4.14286 1 1
249 3 4.14286 1 0
249 3 4.14286 1 1
249 3 4.14286 0 0
249 3 4.14286 1 1
249 3 4.14286 0 0
249 3 4.14286 0 0
249 3 4.14286 0 0
249 3 4.14286 1 1
249 3 4.14286 0 0
249 3 4.14286 1 0
249 3 4.14286 0 0
249 3 4.14286 1 1
249 3 4.14286 0 0
249 3 4.14286 0 0
249 3 4.14286 1 1
249 3 4.14286 0 0
249 3 4.14286 0 0
249 3 4.14286 0 0
249 3 4.14286 0 0
249 3 4.14286 1 0
249 3 4.14286 1 1
249 3 4.14286 0 0
249 3 4.14286 0 0
249 3 4.14286 1 1
249 3 4.14286 0 0
249 3 4.14286 1 1
249 3 4.14286 0 0
249 3 4.14286 0 0
249 3 4.14286 1 1
249 3 4.14286 0 0
249 3 4.14286 1 1
249 3 4.14286 0 0
249 3 4.14286 0 0
249 3 4.14286 1 0
249 3 4.14286 1 0
249 3 4.14286 0 0
249 3 4.14286 0 0
249 3 4.14286 0 0
249 3 4.14286 1 1
249 3 4.14286 1 1
249 3 4.14286 0 0
249 3 4.14286 1 1
250 3 4.71429 1 1
250 3 4.71429 0 0
250 3 4.71429 1 1
250 3 4.71429 0 0
250 3 4.71429 0 0
250 3 4.71429 1 1
250 3 4.71429 0 0
250 3 4.71429 0 0
250 3 4.71429 1 1
250 3 4.71429 0 0
250 3 4.71429 0 0
250 3 4.71429 1 1
250 3 4.71429 0 0
250 3 4.71429 0 0
250 3 4.71429 0 0
250 3 4.71429 1 1
250 3 4.71429 0 0
250 3 4.71429 0 0
250 3 4.71429 0 0
250 3 4.71429 1 0
250 3 4.71429 1 1
250 3 4.71429 1 1
250 3 4.71429 1 1
250 3 4.71429 0 0
250 3 4.71429 0 0
250 3 4.71429 1 1
250 3 4.71429 1 1
250 3 4.71429 0 0
250 3 4.71429 0 0
250 3 4.71429 0 0
250 3 4.71429 0 0
250 3 4.71429 1 1
250 3 4.71429 0 0
250 3 4.71429 0 0
250 3 4.71429 1 1
250 3 4.71429 1 1
250 3 4.71429 1 1
250 3 4.71429 1 0
250 3 4.71429 1 1
250 3 4.71429 0 0
250 3 4.71429 1 1
250 3 4.71429 1 1
250 3 4.71429 1 0
250 3 4.71429 0 0
250 3 4.71429 1 1
250 3 4.71429 1 1
250 3 4.71429 1 1
250 3 4.71429 1 0
250 3 4.71429 1 1
250 3 4.71429 0 0
250 3 4.71429 1 1
250 3 4.71429 0 0
250 3 4.71429 1 1
250 3 4.71429 0 0
250 3 4.71429 0 0
251 3 5.28571 1 1
251 3 5.28571 1 1
251 3 5.28571 0 0
251 3 5.28571 1 1
251 3 5.28571 0 0
251 3 5.28571 0 0
251 3 5.28571 1 1
251 3 5.28571 1 1
251 3 5.28571 1 1
251 3 5.28571 1 1
251 3 5.28571 1 1
251 3 5.28571 1 1
251 3 5.28571 1 1
251 3 5.28571 1 1
251 3 5.28571 1 1
251 3 5.28571 1 1
251 3 5.28571 1 1
251 3 5.28571 0 0
251 3 5.28571 0 0
251 3 5.28571 1 1
251 3 5.28571 1 1
251 3 5.28571 1 1
251 3 5.28571 0 0
251 3 5.28571 0 0
251 3 5.28571 1 1
251 3 5.28571 0 0
251 3 5.28571 1 1
251 3 5.28571 0 0
251 3 5.28571 0 0
251 3 5.28571 0 0
251 3 5.28571 1 1
251 3 5.28571 1 1
251 3 5.28571 1 1
251 3 5.28571 1 1
251 3 5.28571 1 1
251 3 5.28571 0 0
251 3 5.28571 0 0
251 3 5.28571 1 1
251 3 5.28571 0 0
251 3 5.28571 1 1
251 3 5.28571 0 0
251 3 5.28571 0 0
251 3 5.28571 1 1
251 3 5.28571 1 0
251 3 5.28571 1 1
251 3 5.28571 0 0
251 3 5.28571 0 0
251 3 5.28571 1 1
251 3 5.28571 1 1
251 3 5.28571 0 0
251 3 5.28571 1 1
251 3 5.28571 0 0
251 3 5.28571 1 1
251 3 5.28571 1 1
251 3 5.28571 1 1
252 3 5.85714 0 0
252 3 5.85714 1 1
252 3 5.85714 1 1
252 3 5.85714 1 1
252 3 5.85714 1 1
252 3 5.85714 0 0
252 3 5.85714 1 1
252 3 5.85714 0 0
252 3 5.85714 0 0
252 3 5.85714 1 1
252 3 5.85714 0 0
252 3 5.85714 1 1
252 3 5.85714 1 1
252 3 5.85714 1 1
252 3 5.85714 0 0
252 3 5.85714 1 1
252 3 5.85714 1 1
252 3 5.85714 0 0
252 3 5.85714 1 1
252 3 5.85714 1 1
252 3 5.85714 1 1
252 3 5.85714 1 1
252 3 5.85714 0 0
252 3 5.85714 0 0
252 3 5.85714 0 0
252 3 5.85714 0 0
252 3 5.85714 1 1
252 3 5.85714 1 1
252 3 5.85714 1 1
252 3 5.85714 1 1
252 3 5.85714 0 0
252 3 5.85714 1 1
252 3 5.85714 0 0
252 3 5.85714 0 0
252 3 5.85714 0 0
252 3 5.85714 1 1
252 3 5.85714 1 1
252 3 5.85714 1 1
252 3 5.85714 0 0
252 3 5.85714 0 0
252 3 5.85714 1 1
252 3 5.85714 0 0
252 3 5.85714 0 0
252 3 5.85714 1 1
252 3 5.85714 1 1
252 3 5.85714 0 0
252 3 5.85714 0 0
252 3 5.85714 0 0
252 3 5.85714 1 1
252 3 5.85714 1 1
252 3 5.85714 1 1
252 3 5.85714 1 1
252 3 5.85714 0 0
252 3 5.85714 1 1
252 3 5.85714 0 0
253 3 6.42857 0 0
253 3 6.42857 0 0
253 3 6.42857 0 0
253 3 6.42857 1 1
253 3 6.42857 1 1
253 3 6.42857 1 1
253 3 6.42857 0 0
253 3 6.42857 1 1
253 3 6.42857 1 1
253 3 6.42857 1 1
253 3 6.42857 0 0
253 3 6.42857 0 0
253 3 6.42857 0 0
253 3 6.42857 1 1
253 3 6.42857 1 1
253 3 6.42857 1 1
253 3 6.42857 1 1
253 3 6.42857 1 1
253 3 6.42857 1 1
253 3 6.42857 1 1
253 3 6.42857 0 0
253 3 6.42857 0 0
253 3 6.42857 1 1
253 3 6.42857 1 1
253 3 6.42857 1 1
253 3 6.42857 1 1
253 3 6.42857 0 0
253 3 6.42857 0 0
253 3 6.42857 1 1
253 3 6.42857 1 1
253 3 6.42857 0 0
253 3 6.42857 1 1
253 3 6.42857 1 1
253 3 6.42857 1 1
253 3 6.42857 0 0
253 3 6.42857 1 1
253 3 6.42857 1 1
253 3 6.42857 0 0
253 3 6.42857 0 0
253 3 6.42857 1 1
253 3 6.42857 0 0
253 3 6.42857 1 1
253 3 6.42857 0 0
253 3 6.42857 1 1
253 3 6.42857 1 1
253 3 6.42857 1 1
253 3 6.42857 0 0
253 3 6.42857 1 1
253 3 6.42857 1 1
253 3 6.42857 1 1
253 3 6.42857 0 0
253 3 6.42857 1 1
253 3 6.42857 0 0
253 3 6.42857 0 0
253 3 6.42857 1 1
254 3 7 0 0
254 3 7 0 0
254 3 7 1 1
254 3 7 1 1
254 3 7 1 1
254 3 7 1 1
254 3 7 1 1
254 3 7 1 1
254 3 7 1 1
254 3 7 0 0
254 3 7 0 0
254 3 7 1 1
254 3 7 0 0
254 3 7 1 1
254 3 7 1 1
254 3 7 0 0
254 3 7 0 0
254 3 7 1 1
254 3 7 0 0
254 3 7 0 0
254 3 7 1 1
254 3 7 0 0
254 3 7 0 0
254 3 7 1 1
254 3 7 1 1
254 3 7 1 1
254 3 7 1 1
254 3 7 1 1
254 3 7 1 1
254 3 7 1 1
254 3 7 1 1
254 3 7 0 0
254 3 7 0 0
254 3 7 1 1
254 3 7 1 1
254 3 7 1 1
254 3 7 0 0
254 3 7 0 0
254 3 7 1 1
254 3 7 0 0
254 3 7 0 0
254 3 7 1 1
254 3 7 0 0
254 3 7 1 1
254 3 7 0 0
254 3 7 1 1
254 3 7 1 1
254 3 7 0 0
254 3 7 1 1
254 3 7 0 0
254 3 7 0 0
254 3 7 0 0
254 3 7 1 1
254 3 7 0 0
254 3 7 1 1
271 3 2 1 0
271 3 2 1 1
271 3 2 0 1
271 3 2 1 0
271 3 2 1 0
271 3 2 0 0
271 3 2 1 1
271 3 2 0 0
271 3 2 0 0
271 3 2 0 1
271 3 2 0 0
271 3 2 0 1
271 3 2 1 1
271 3 2 0 0
271 3 2 0 0
271 3 2 0 1
271 3 2 0 1
271 3 2 0 1
271 3 2 1 0
271 3 2 0 0
271 3 2 1 1
271 3 2 0 1
271 3 2 0 1
271 3 2 0 1
271 3 2 1 1
271 3 2 1 1
271 3 2 0 0
271 3 2 0 0
271 3 2 1 1
271 3 2 1 0
271 3 2 0 0
271 3 2 1 1
271 3 2 1 0
271 3 2 0 0
271 3 2 1 1
271 3 2 0 0
271 3 2 1 1
271 3 2 0 0
271 3 2 1 1
271 3 2 1 0
271 3 2 1 0
271 3 2 0 1
271 3 2 1 1
271 3 2 0 1
271 3 2 0 1
271 3 2 0 0
271 3 2 0 0
271 3 2 1 1
271 3 2 1 1
271 3 2 0 1
271 3 2 1 1
271 3 2 0 0
271 3 2 0 0
271 3 2 1 1
271 3 2 1 1
272 3 2.57143 0 0
272 3 2.57143 1 0
272 3 2.57143 0 1
272 3 2.57143 0 1
272 3 2.57143 1 1
272 3 2.57143 1 0
272 3 2.57143 0 0
272 3 2.57143 0 0
272 3 2.57143 0 0
272 3 2.57143 1 0
272 3 2.57143 1 1
272 3 2.57143 1 1
272 3 2.57143 0 1
272 3 2.57143 1 0
272 3 2.57143 0 1
272 3 2.57143 1 0
272 3 2.57143 1 1
272 3 2.57143 1 0
272 3 2.57143 1 1
272 3 2.57143 0 1
272 3 2.57143 1 1
272 3 2.57143 0 1
272 3 2.57143 0 0
272 3 2.57143 0 0
272 3 2.57143 1 0
272 3 2.57143 0 0
272 3 2.57143 1 0
272 3 2.57143 0 0
272 3 2.57143 1 1
272 3 2.57143 0 1
272 3 2.57143 0 0
272 3 2.57143 1 0
272 3 2.57143 0 0
272 3 2.57143 0 1
272 3 2.57143 0 0
272 3 2.57143 0 0
272 3 2.57143 1 1
272 3 2.57143 1 0
272 3 2.57143 0 0
272 3 2.57143 0 0
272 3 2.57143 1 1
272 3 2.57143 0 1
272 3 2.57143 1 1
272 3 2.57143 0 0
272 3 2.57143 0 0
272 3 2.57143 1 1
272 3 2.57143 0 1
272 3 2.57143 1 1
272 3 2.57143 0 0
272 3 2.57143 0 0
272 3 2.57143 1 0
272 3 2.57143 1 0
272 3 2.57143 0 0
272 3 2.57143 0 0
272 3 2.57143 0 0
273 3 3.14286 0 0
273 3 3.14286 1 1
273 3 3.14286 1 1
273 3 3.14286 1 0
273 3 3.14286 1 1
273 3 3.14286 0 0
273 3 3.14286 1 0
273 3 3.14286 0 0
273 3 3.14286 0 1
273 3 3.14286 1 1
273 3 3.14286 0 0
273 3 3.14286 0 0
273 3 3.14286 1 1
273 3 3.14286 0 0
273 3 3.14286 0 0
273 3 3.14286 1 0
273 3 3.14286 0 0
273 3 3.14286 0 0
273 3 3.14286 0 0
273 3 3.14286 1 1
273 3 3.14286 0 0
273 3 3.14286 0 0
273 3 3.14286 0 0
273 3 3.14286 1 1
273 3 3.14286 1 1
273 3 3.14286 1 1
273 3 3.14286 1 1
273 3 3.14286 0 0
273 3 3.14286 0 0
273 3 3.14286 1 0
273 3 3.14286 1 0
273 3 3.14286 0 1
273 3 3.14286 0 0
273 3 3.14286 0 0
273 3 3.14286 0 0
273 3 3.14286 1 1
273 3 3.14286 0 0
273 3 3.14286 0 0
273 3 3.14286 1 0
273 3 3.14286 1 1
273 3 3.14286 1 0
273 3 3.14286 1 1
273 3 3.14286 1 1
273 3 3.14286 0 1
273 3 3.14286 1 1
273 3 3.14286 1 1
273 3 3.14286 1 0
273 3 3.14286 0 0
273 3 3.14286 1 0
273 3 3.14286 1 1
273 3 3.14286 1 0
273 3 3.14286 1 1
273 3 3.14286 1 1
273 3 3.14286 0 0
273 3 3.14286 1 0
274 3 3.71429 1 0
274 3 3.71429 0 0
274 3 3.71429 1 0
274 3 3.71429 0 0
274 3 3.71429 1 1
274 3 3.71429 1 1
274 3 3.71429 0 0
274 3 3.71429 1 1
274 3 3.71429 0 0
274 3 3.71429 0 0
274 3 3.71429 1 1
274 3 3.71429 1 1
274 3 3.71429 1 1
274 3 3.71429 1 0
274 3 3.71429 1 1
274 3 3.71429 1 1
274 3 3.71429 1 1
274 3 3.71429 1 0
274 3 3.71429 1 0
274 3 3.71429 1 1
274 3 3.71429 1 0
274 3 3.71429 0 0
274 3 3.71429 0 0
274 3 3.71429 1 1
274 3 3.71429 1 0
274 3 3.71429 1 1
274 3 3.71429 0 1
274 3 3.71429 0 0
274 3 3.71429 1 0
274 3 3.71429 0 0
274 3 3.71429 1 0
274 3 3.71429 0 0
274 3 3.71429 0 1
274 3 3.71429 0 0
274 3 3.71429 1 1
274 3 3.71429 1 0
274 3 3.71429 1 1
274 3 3.71429 1 0
274 3 3.71429 1 1
274 3 3.71429 0 0
274 3 3.71429 0 0
274 3 3.71429 1 0
274 3 3.71429 0 0
274 3 3.71429 1 1
274 3 3.71429 0 0
274 3 3.71429 0 0
274 3 3.71429 1 0
274 3 3.71429 1 1
274 3 3.71429 1 0
274 3 3.71429 0 0
274 3 3.71429 0 1
274 3 3.71429 1 0
274 3 3.71429 1 0
274 3 3.71429 0 1
274 3 3.71429 1 0
275 3 4.28571 1 1
275 3 4.28571 0 0
275 3 4.28571 0 0
275 3 4.28571 1 0
275 3 4.28571 0 0
275 3 4.28571 1 1
275 3 4.28571 1 1
275 3 4.28571 1 1
275 3 4.28571 1 1
275 3 4.28571 0 0
275 3 4.28571 1 1
275 3 4.28571 0 0
275 3 4.28571 0 0
275 3 4.28571 1 0
275 3 4.28571 0 0
275 3 4.28571 1 1
275 3 4.28571 1 1
275 3 4.28571 1 1
275 3 4.28571 0 0
275 3 4.28571 1 1
275 3 4.28571 1 1
275 3 4.28571 0 0
275 3 4.28571 1 0
275 3 4.28571 1 1
275 3 4.28571 1 1
275 3 4.28571 1 1
275 3 4.28571 0 0
275 3 4.28571 0 0
275 3 4.28571 0 0
275 3 4.28571 0 0
275 3 4.28571 1 0
275 3 4.28571 1 1
275 3 4.28571 1 1
275 3 4.28571 1 0
275 3 4.28571 0 0
275 3 4.28571 1 1
275 3 4.28571 0 0
275 3 4.28571 0 1
275 3 4.28571 0 0
275 3 4.28571 1 0
275 3 4.28571 1 1
275 3 4.28571 1 0
275 3 4.28571 0 0
275 3 4.28571 0 1
275 3 4.28571 1 1
275 3 4.28571 0 0
275 3 4.28571 0 0
275 3 4.28571 1 1
275 3 4.28571 1 1
275 3 4.28571 0 0
275 3 4.28571 0 0
275 3 4.28571 0 0
275 3 4.28571 1 0
275 3 4.28571 1 1
275 3 4.28571 1 1
276 3 4.85714 0 0
276 3 4.85714 1 1
276 3 4.85714 0 0
276 3 4.85714 1 1
276 3 4.85714 0 0
276 3 4.85714 0 0
276 3 4.85714 0 0
276 3 4.85714 1 1
276 3 4.85714 1 1
276 3 4.85714 1 1
276 3 4.85714 0 0
276 3 4.85714 1 1
276 3 4.85714 1 1
276 3 4.85714 1 1
276 3 4.85714 0 0
276 3 4.85714 0 0
276 3 4.85714 0 0
276 3 4.85714 1 1
276 3 4.85714 1 1
276 3 4.85714 1 1
276 3 4.85714 1 1
276 3 4.85714 1 1
276 3 4.85714 1 1
276 3 4.85714 1 1
276 3 4.85714 0 0
276 3 4.85714 0 0
276 3 4.85714 1 1
276 3 4.85714 1 1
276 3 4.85714 1 1
276 3 4.85714 1 1
276 3 4.85714 0 0
276 3 4.85714 0 0
276 3 4.85714 1 1
276 3 4.85714 1 1
276 3 4.85714 0 0
276 3 4.85714 1 0
276 3 4.85714 1 1
276 3 4.85714 1 1
276 3 4.85714 0 0
276 3 4.85714 1 1
276 3 4.85714 1 1
276 3 4.85714 0 0
276 3 4.85714 0 0
276 3 4.85714 1 1
276 3 4.85714 0 0
276 3 4.85714 1 1
276 3 4.85714 0 0
276 3 4.85714 1 1
276 3 4.85714 1 1
276 3 4.85714 1 1
276 3 4.85714 0 0
276 3 4.85714 1 1
276 3 4.85714 1 1
276 3 4.85714 1 1
276 3 4.85714 0 0
277 3 5.42857 0 0
277 3 5.42857 0 0
277 3 5.42857 0 0
277 3 5.42857 0 0
277 3 5.42857 0 0
277 3 5.42857 0 0
277 3 5.42857 1 1
277 3 5.42857 1 1
277 3 5.42857 1 1
277 3 5.42857 1 1
277 3 5.42857 1 1
277 3 5.42857 1 1
277 3 5.42857 1 1
277 3 5.42857 0 0
277 3 5.42857 0 0
277 3 5.42857 1 1
277 3 5.42857 0 0
277 3 5.42857 1 1
277 3 5.42857 1 1
277 3 5.42857 0 0
277 3 5.42857 0 0
277 3 5.42857 1 0
277 3 5.42857 0 0
277 3 5.42857 0 0
277 3 5.42857 1 1
277 3 5.42857 0 0
277 3 5.42857 0 0
277 3 5.42857 1 1
277 3 5.42857 1 1
277 3 5.42857 1 1
277 3 5.42857 1 1
277 3 5.42857 1 1
277 3 5.42857 1 1
277 3 5.42857 1 1
277 3 5.42857 1 1
277 3 5.42857 0 0
277 3 5.42857 0 0
277 3 5.42857 1 1
277 3 5.42857 1 1
277 3 5.42857 1 1
277 3 5.42857 0 0
277 3 5.42857 0 0
277 3 5.42857 1 1
277 3 5.42857 0 0
277 3 5.42857 0 0
277 3 5.42857 1 1
277 3 5.42857 0 0
277 3 5.42857 1 1
277 3 5.42857 0 0
277 3 5.42857 1 1
277 3 5.42857 1 1
277 3 5.42857 0 0
277 3 5.42857 1 1
277 3 5.42857 0 0
277 3 5.42857 0 0
278 3 6 1 1
278 3 6 0 0
278 3 6 1 1
278 3 6 0 0
278 3 6 1 1
278 3 6 0 0
278 3 6 0 0
278 3 6 1 1
278 3 6 0 0
278 3 6 1 1
278 3 6 1 1
278 3 6 1 1
278 3 6 1 1
278 3 6 0 0
278 3 6 0 0
278 3 6 1 1
278 3 6 0 0
278 3 6 0 0
278 3 6 0 0
278 3 6 1 1
278 3 6 1 1
278 3 6 0 0
278 3 6 1 1
278 3 6 1 1
278 3 6 0 0
278 3 6 1 1
278 3 6 0 0
278 3 6 0 0
278 3 6 0 0
278 3 6 0 0
278 3 6 1 1
278 3 6 1 1
278 3 6 0 0
278 3 6 0 0
278 3 6 0 0
278 3 6 0 0
278 3 6 0 0
278 3 6 1 1
278 3 6 1 1
278 3 6 0 0
278 3 6 0 0
278 3 6 1 1
278 3 6 1 1
278 3 6 0 0
278 3 6 0 0
278 3 6 0 0
278 3 6 1 1
278 3 6 1 1
278 3 6 1 1
278 3 6 0 0
278 3 6 1 1
278 3 6 0 0
278 3 6 1 1
278 3 6 1 1
278 3 6 1 1
327 4 5 1 0
327 4 5 0 0
327 4 5 1 1
327 4 5 1 0
327 4 5 1 0
327 4 5 0 1
327 4 5 1 0
327 4 5 1 0
327 4 5 0 0
327 4 5 1 1
327 4 5 0 1
327 4 5 1 0
327 4 5 1 1
327 4 5 0 0
327 4 5 0 0
327 4 5 1 0
327 4 5 0 1
327 4 5 0 0
327 4 5 1 0
327 4 5 1 1
327 4 5 0 1
327 4 5 1 1
327 4 5 1 1
327 4 5 0 0
327 4 5 0 0
327 4 5 0 0
327 4 5 0 0
327 4 5 1 0
327 4 5 0 1
327 4 5 1 1
327 4 5 0 1
327 4 5 0 0
327 4 5 0 0
327 4 5 0 0
327 4 5 1 0
327 4 5 1 1
327 4 5 1 1
327 4 5 1 1
327 4 5 1 1
327 4 5 1 1
327 4 5 1 1
327 4 5 1 1
327 4 5 0 1
327 4 5 0 0
327 4 5 1 0
327 4 5 1 0
327 4 5 0 0
327 4 5 0 0
327 4 5 0 0
327 4 5 0 1
327 4 5 0 1
327 4 5 0 0
327 4 5 1 0
327 4 5 0 1
327 4 5 0 1
328 4 6.42857 1 1
328 4 6.42857 1 1
328 4 6.42857 0 0
328 4 6.42857 0 0
328 4 6.42857 0 0
328 4 6.42857 1 0
328 4 6.42857 0 1
328 4 6.42857 0 1
328 4 6.42857 1 0
328 4 6.42857 1 0
328 4 6.42857 1 1
328 4 6.42857 1 0
328 4 6.42857 1 1
328 4 6.42857 0 0
328 4 6.42857 0 0
328 4 6.42857 1 1
328 4 6.42857 0 1
328 4 6.42857 0 0
328 4 6.42857 0 0
328 4 6.42857 0 0
328 4 6.42857 1 1
328 4 6.42857 1 1
328 4 6.42857 0 1
328 4 6.42857 1 0
328 4 6.42857 0 0
328 4 6.42857 1 0
328 4 6.42857 0 1
328 4 6.42857 1 0
328 4 6.42857 1 0
328 4 6.42857 0 0
328 4 6.42857 1 1
328 4 6.42857 1 0
328 4 6.42857 1 0
328 4 6.42857 0 0
328 4 6.42857 1 1
328 4 6.42857 1 0
328 4 6.42857 1 0
328 4 6.42857 1 1
328 4 6.42857 1 0
328 4 6.42857 0 0
328 4 6.42857 0 0
328 4 6.42857 0 0
328 4 6.42857 0 0
328 4 6.42857 1 0
328 4 6.42857 0 0
328 4 6.42857 0 0
328 4 6.42857 1 1
328 4 6.42857 0 1
328 4 6.42857 0 0
328 4 6.42857 1 0
328 4 6.42857 0 1
328 4 6.42857 0 1
328 4 6.42857 0 0
328 4 6.42857 0 0
328 4 6.42857 0 1
329 4 7.85714 0 0
329 4 7.85714 0 0
329 4 7.85714 1 1
329 4 7.85714 0 0
329 4 7.85714 0 0
329 4 7.85714 0 0
329 4 7.85714 0 0
329 4 7.85714 1 1
329 4 7.85714 0 0
329 4 7.85714 1 0
329 4 7.85714 0 0
329 4 7.85714 0 1
329 4 7.85714 0 0
329 4 7.85714 0 0
329 4 7.85714 0 0
329 4 7.85714 1 0
329 4 7.85714 0 0
329 4 7.85714 0 1
329 4 7.85714 0 1
329 4 7.85714 1 1
329 4 7.85714 0 0
329 4 7.85714 1 0
329 4 7.85714 0 0
329 4 7.85714 1 1
329 4 7.85714 1 1
329 4 7.85714 0 0
329 4 7.85714 0 0
329 4 7.85714 0 1
329 4 7.85714 0 0
329 4 7.85714 1 1
329 4 7.85714 0 1
329 4 7.85714 0 0
329 4 7.85714 1 0
329 4 7.85714 1 1
329 4 7.85714 1 1
329 4 7.85714 1 1
329 4 7.85714 1 0
329 4 7.85714 1 1
329 4 7.85714 1 1
329 4 7.85714 1 1
329 4 7.85714 1 0
329 4 7.85714 0 1
329 4 7.85714 1 1
329 4 7.85714 0 0
329 4 7.85714 1 1
329 4 7.85714 0 0
329 4 7.85714 0 0
329 4 7.85714 0 1
329 4 7.85714 0 0
329 4 7.85714 0 0
329 4 7.85714 1 1
329 4 7.85714 1 1
329 4 7.85714 0 0
329 4 7.85714 0 0
329 4 7.85714 1 0
330 4 9.28571 0 0
330 4 9.28571 0 0
330 4 9.28571 1 1
330 4 9.28571 0 0
330 4 9.28571 0 0
330 4 9.28571 0 0
330 4 9.28571 1 1
330 4 9.28571 1 1
330 4 9.28571 1 1
330 4 9.28571 1 0
330 4 9.28571 1 1
330 4 9.28571 0 0
330 4 9.28571 0 1
330 4 9.28571 0 0
330 4 9.28571 0 1
330 4 9.28571 1 0
330 4 9.28571 0 0
330 4 9.28571 1 1
330 4 9.28571 1 1
330 4 9.28571 0 0
330 4 9.28571 0 0
330 4 9.28571 1 0
330 4 9.28571 0 0
330 4 9.28571 1 1
330 4 9.28571 0 0
330 4 9.28571 0 0
330 4 9.28571 1 1
330 4 9.28571 1 0
330 4 9.28571 1 1
330 4 9.28571 1 1
330 4 9.28571 1 1
330 4 9.28571 1 1
330 4 9.28571 1 1
330 4 9.28571 0 0
330 4 9.28571 0 0
330 4 9.28571 1 1
330 4 9.28571 0 0
330 4 9.28571 0 0
330 4 9.28571 0 0
330 4 9.28571 1 1
330 4 9.28571 0 0
330 4 9.28571 0 0
330 4 9.28571 1 0
330 4 9.28571 1 1
330 4 9.28571 1 1
330 4 9.28571 1 1
330 4 9.28571 0 0
330 4 9.28571 1 0
330 4 9.28571 0 0
330 4 9.28571 1 0
330 4 9.28571 1 0
330 4 9.28571 1 1
330 4 9.28571 0 1
330 4 9.28571 0 0
330 4 9.28571 1 1
331 4 10.7143 0 0
331 4 10.7143 1 1
331 4 10.7143 0 0
331 4 10.7143 1 0
331 4 10.7143 1 1
331 4 10.7143 1 1
331 4 10.7143 1 0
331 4 10.7143 1 1
331 4 10.7143 0 0
331 4 10.7143 0 0
331 4 10.7143 1 1
331 4 10.7143 1 1
331 4 10.7143 1 1
331 4 10.7143 0 0
331 4 10.7143 1 1
331 4 10.7143 0 0
331 4 10.7143 0 0
331 4 10.7143 0 0
331 4 10.7143 1 1
331 4 10.7143 0 0
331 4 10.7143 0 0
331 4 10.7143 1 1
331 4 10.7143 1 0
331 4 10.7143 0 1
331 4 10.7143 0 0
331 4 10.7143 0 0
331 4 10.7143 1 1
331 4 10.7143 0 0
331 4 10.7143 0 0
331 4 10.7143 0 0
331 4 10.7143 1 0
331 4 10.7143 0 1
331 4 10.7143 1 0
331 4 10.7143 0 0
331 4 10.7143 0 0
331 4 10.7143 1 0
331 4 10.7143 0 0
331 4 10.7143 1 0
331 4 10.7143 0 0
331 4 10.7143 0 0
331 4 10.7143 0 0
331 4 10.7143 1 1
331 4 10.7143 1 0
331 4 10.7143 0 0
331 4 10.7143 1 0
331 4 10.7143 0 1
331 4 10.7143 1 0
331 4 10.7143 1 0
331 4 10.7143 0 0
331 4 10.7143 1 1
331 4 10.7143 0 0
331 4 10.7143 1 0
331 4 10.7143 0 0
331 4 10.7143 0 0
331 4 10.7143 1 1
332 4 11 0 0
332 4 11 1 1
332 4 11 1 1
332 4 11 1 1
332 4 11 0 0
332 4 11 1 1
332 4 11 0 0
332 4 11 0 0
332 4 11 0 0
332 4 11 0 0
332 4 11 1 0
332 4 11 1 1
332 4 11 0 0
332 4 11 1 1
332 4 11 0 0
332 4 11 0 0
332 4 11 1 1
332 4 11 1 0
332 4 11 0 0
332 4 11 0 0
332 4 11 1 1
332 4 11 1 0
332 4 11 1 1
332 4 11 1 1
332 4 11 0 0
332 4 11 1 1
332 4 11 1 0
332 4 11 1 1
332 4 11 0 0
332 4 11 0 0
332 4 11 0 0
332 4 11 1 0
332 4 11 1 1
332 4 11 1 1
332 4 11 0 0
332 4 11 0 0
332 4 11 1 1
332 4 11 1 1
332 4 11 0 0
332 4 11 1 1
332 4 11 1 1
332 4 11 0 0
332 4 11 0 0
332 4 11 1 1
332 4 11 1 1
332 4 11 1 1
332 4 11 1 1
332 4 11 0 0
332 4 11 1 1
332 4 11 1 0
332 4 11 1 1
332 4 11 1 1
332 4 11 1 1
332 4 11 0 1
332 4 11 0 0
333 4 12.1429 1 1
333 4 12.1429 0 0
333 4 12.1429 1 1
333 4 12.1429 1 1
333 4 12.1429 0 0
333 4 12.1429 1 1
333 4 12.1429 0 0
333 4 12.1429 0 0
333 4 12.1429 1 1
333 4 12.1429 1 1
333 4 12.1429 1 1
333 4 12.1429 0 0
333 4 12.1429 1 0
333 4 12.1429 0 0
333 4 12.1429 1 1
333 4 12.1429 1 1
333 4 12.1429 1 1
333 4 12.1429 0 0
333 4 12.1429 1 0
333 4 12.1429 0 0
333 4 12.1429 1 1
333 4 12.1429 1 0
333 4 12.1429 1 1
333 4 12.1429 0 0
333 4 12.1429 1 0
333 4 12.1429 1 1
333 4 12.1429 0 0
333 4 12.1429 0 0
333 4 12.1429 1 1
333 4 12.1429 1 1
333 4 12.1429 1 1
333 4 12.1429 0 0
333 4 12.1429 0 0
333 4 12.1429 0 0
333 4 12.1429 1 1
333 4 12.1429 1 1
333 4 12.1429 0 0
333 4 12.1429 1 1
333 4 12.1429 1 1
333 4 12.1429 1 0
333 4 12.1429 1 1
333 4 12.1429 1 1
333 4 12.1429 1 1
333 4 12.1429 1 1
333 4 12.1429 1 1
333 4 12.1429 1 1
333 4 12.1429 0 0
333 4 12.1429 0 0
333 4 12.1429 1 0
333 4 12.1429 1 1
333 4 12.1429 1 1
333 4 12.1429 1 0
333 4 12.1429 0 0
333 4 12.1429 1 0
333 4 12.1429 0 0
334 4 13.1429 1 1
334 4 13.1429 0 0
334 4 13.1429 0 0
334 4 13.1429 1 1
334 4 13.1429 0 0
334 4 13.1429 1 1
334 4 13.1429 0 0
334 4 13.1429 0 0
334 4 13.1429 1 1
334 4 13.1429 0 0
334 4 13.1429 1 1
334 4 13.1429 0 0
334 4 13.1429 0 0
334 4 13.1429 1 1
334 4 13.1429 1 1
334 4 13.1429 0 0
334 4 13.1429 0 0
334 4 13.1429 0 0
334 4 13.1429 1 1
334 4 13.1429 1 1
334 4 13.1429 0 0
334 4 13.1429 1 1
334 4 13.1429 1 1
334 4 13.1429 0 0
334 4 13.1429 1 1
334 4 13.1429 0 0
334 4 13.1429 0 0
334 4 13.1429 0 1
334 4 13.1429 0 0
334 4 13.1429 0 0
334 4 13.1429 1 1
334 4 13.1429 0 0
334 4 13.1429 0 0
334 4 13.1429 0 0
334 4 13.1429 0 0
334 4 13.1429 0 0
334 4 13.1429 1 1
334 4 13.1429 0 0
334 4 13.1429 1 1
334 4 13.1429 0 0
334 4 13.1429 0 0
334 4 13.1429 0 0
334 4 13.1429 1 1
334 4 13.1429 1 1
334 4 13.1429 0 0
334 4 13.1429 0 0
334 4 13.1429 1 1
334 4 13.1429 1 1
334 4 13.1429 0 0
334 4 13.1429 1 1
334 4 13.1429 1 1
334 4 13.1429 0 0
334 4 13.1429 1 1
334 4 13.1429 0 0
334 4 13.1429 1 1
335 4 13.5714 0 0
335 4 13.5714 0 0
335 4 13.5714 0 0
335 4 13.5714 1 0
335 4 13.5714 1 1
335 4 13.5714 0 0
335 4 13.5714 1 1
335 4 13.5714 1 1
335 4 13.5714 0 0
335 4 13.5714 1 1
335 4 13.5714 0 0
335 4 13.5714 0 0
335 4 13.5714 0 0
335 4 13.5714 0 0
335 4 13.5714 1 1
335 4 13.5714 0 0
335 4 13.5714 1 1
335 4 13.5714 0 0
335 4 13.5714 1 1
335 4 13.5714 0 0
335 4 13.5714 1 1
335 4 13.5714 0 0
335 4 13.5714 0 0
335 4 13.5714 0 0
335 4 13.5714 1 1
335 4 13.5714 0 0
335 4 13.5714 0 0
335 4 13.5714 1 1
335 4 13.5714 0 0
335 4 13.5714 1 1
335 4 13.5714 1 1
335 4 13.5714 0 0
335 4 13.5714 0 0
335 4 13.5714 1 1
335 4 13.5714 1 1
335 4 13.5714 0 0
335 4 13.5714 0 0
335 4 13.5714 0 0
335 4 13.5714 0 0
335 4 13.5714 0 0
335 4 13.5714 0 0
335 4 13.5714 1 1
335 4 13.5714 0 0
335 4 13.5714 0 0
335 4 13.5714 1 1
335 4 13.5714 1 1
335 4 13.5714 0 0
335 4 13.5714 0 0
335 4 13.5714 1 0
335 4 13.5714 0 0
335 4 13.5714 0 0
335 4 13.5714 0 0
335 4 13.5714 0 0
335 4 13.5714 0 0
335 4 13.5714 0 0
336 4 15 0 0
336 4 15 0 0
336 4 15 1 1
336 4 15 0 0
336 4 15 0 0
336 4 15 0 0
336 4 15 0 0
336 4 15 0 0
336 4 15 0 0
336 4 15 1 1
336 4 15 0 0
336 4 15 1 1
336 4 15 1 1
336 4 15 1 1
336 4 15 1 1
336 4 15 0 0
336 4 15 0 0
336 4 15 0 0
336 4 15 0 0
336 4 15 0 0
336 4 15 1 1
336 4 15 0 0
336 4 15 1 1
336 4 15 1 1
336 4 15 0 0
336 4 15 0 0
336 4 15 1 1
336 4 15 1 1
336 4 15 0 0
336 4 15 1 1
336 4 15 1 1
336 4 15 1 1
336 4 15 1 1
336 4 15 0 0
336 4 15 0 0
336 4 15 1 1
336 4 15 0 0
336 4 15 1 0
336 4 15 0 0
336 4 15 0 0
336 4 15 0 0
336 4 15 1 1
336 4 15 1 1
336 4 15 0 0
336 4 15 1 1
336 4 15 1 1
336 4 15 0 0
336 4 15 1 1
336 4 15 0 0
336 4 15 1 1
336 4 15 1 1
336 4 15 0 0
336 4 15 1 1
336 4 15 1 1
336 4 15 1 0
337 4 15.2857 0 0
337 4 15.2857 1 1
337 4 15.2857 1 1
337 4 15.2857 1 1
337 4 15.2857 1 1
337 4 15.2857 1 1
337 4 15.2857 0 0
337 4 15.2857 1 1
337 4 15.2857 1 1
337 4 15.2857 1 1
337 4 15.2857 0 0
337 4 15.2857 1 1
337 4 15.2857 1 1
337 4 15.2857 1 1
337 4 15.2857 1 1
337 4 15.2857 1 1
337 4 15.2857 0 1
337 4 15.2857 1 1
337 4 15.2857 0 0
337 4 15.2857 1 1
337 4 15.2857 0 0
337 4 15.2857 0 0
337 4 15.2857 1 1
337 4 15.2857 1 1
337 4 15.2857 0 0
337 4 15.2857 0 0
337 4 15.2857 0 0
337 4 15.2857 1 1
337 4 15.2857 1 1
337 4 15.2857 1 1
337 4 15.2857 0 0
337 4 15.2857 1 1
337 4 15.2857 0 0
337 4 15.2857 1 1
337 4 15.2857 1 1
337 4 15.2857 1 1
337 4 15.2857 1 1
337 4 15.2857 0 0
337 4 15.2857 1 1
337 4 15.2857 0 0
337 4 15.2857 0 0
337 4 15.2857 0 0
337 4 15.2857 1 1
337 4 15.2857 0 0
337 4 15.2857 1 1
337 4 15.2857 0 0
337 4 15.2857 1 1
337 4 15.2857 0 0
337 4 15.2857 0 0
337 4 15.2857 1 1
337 4 15.2857 0 0
337 4 15.2857 0 0
337 4 15.2857 0 0
337 4 15.2857 0 0
337 4 15.2857 1 1
338 4 17.4286 1 1
338 4 17.4286 1 1
338 4 17.4286 0 0
338 4 17.4286 0 0
338 4 17.4286 1 1
338 4 17.4286 0 0
338 4 17.4286 1 1
338 4 17.4286 0 0
338 4 17.4286 0 0
338 4 17.4286 1 1
338 4 17.4286 1 1
338 4 17.4286 1 1
338 4 17.4286 0 0
338 4 17.4286 0 0
338 4 17.4286 1 1
338 4 17.4286 1 1
338 4 17.4286 0 0
338 4 17.4286 1 1
338 4 17.4286 0 0
338 4 17.4286 1 1
338 4 17.4286 1 1
338 4 17.4286 1 1
338 4 17.4286 1 1
338 4 17.4286 0 0
338 4 17.4286 1 1
338 4 17.4286 0 0
338 4 17.4286 0 0
338 4 17.4286 1 1
338 4 17.4286 0 0
338 4 17.4286 0 0
338 4 17.4286 1 1
338 4 17.4286 0 0
338 4 17.4286 0 0
338 4 17.4286 1 1
338 4 17.4286 0 0
338 4 17.4286 0 0
338 4 17.4286 0 0
338 4 17.4286 1 1
338 4 17.4286 0 0
338 4 17.4286 0 0
338 4 17.4286 0 0
338 4 17.4286 1 1
338 4 17.4286 1 1
338 4 17.4286 1 1
338 4 17.4286 1 1
338 4 17.4286 0 0
338 4 17.4286 0 0
338 4 17.4286 1 1
338 4 17.4286 1 1
338 4 17.4286 0 0
338 4 17.4286 0 0
338 4 17.4286 0 0
338 4 17.4286 0 0
338 4 17.4286 1 1
338 4 17.4286 0 0
339 4 19.5714 0 0
339 4 19.5714 0 0
339 4 19.5714 1 1
339 4 19.5714 1 1
339 4 19.5714 1 1
339 4 19.5714 0 0
339 4 19.5714 0 0
339 4 19.5714 1 1
339 4 19.5714 0 0
339 4 19.5714 0 0
339 4 19.5714 1 1
339 4 19.5714 1 1
339 4 19.5714 0 0
339 4 19.5714 0 0
339 4 19.5714 0 0
339 4 19.5714 1 1
339 4 19.5714 1 1
339 4 19.5714 1 1
339 4 19.5714 1 1
339 4 19.5714 0 0
339 4 19.5714 1 1
339 4 19.5714 0 0
339 4 19.5714 1 1
339 4 19.5714 1 1
339 4 19.5714 0 0
339 4 19.5714 1 1
339 4 19.5714 0 0
339 4 19.5714 0 0
339 4 19.5714 1 1
339 4 19.5714 1 1
339 4 19.5714 1 1
339 4 19.5714 1 1
339 4 19.5714 1 1
339 4 19.5714 1 1
339 4 19.5714 1 1
339 4 19.5714 1 1
339 4 19.5714 1 1
339 4 19.5714 1 1
339 4 19.5714 1 1
339 4 19.5714 0 0
339 4 19.5714 0 0
339 4 19.5714 1 1
339 4 19.5714 1 1
339 4 19.5714 1 1
339 4 19.5714 0 0
339 4 19.5714 0 0
339 4 19.5714 1 1
339 4 19.5714 0 0
339 4 19.5714 1 1
339 4 19.5714 0 0
339 4 19.5714 0 0
339 4 19.5714 0 0
339 4 19.5714 1 1
339 4 19.5714 1 1
339 4 19.5714 1 1
340 4 21.7143 1 1
340 4 21.7143 0 0
340 4 21.7143 1 1
340 4 21.7143 1 1
340 4 21.7143 0 0
340 4 21.7143 0 0
340 4 21.7143 1 1
340 4 21.7143 0 0
340 4 21.7143 1 1
340 4 21.7143 0 0
340 4 21.7143 1 1
340 4 21.7143 1 1
340 4 21.7143 1 1
340 4 21.7143 0 0
340 4 21.7143 1 1
340 4 21.7143 1 1
340 4 21.7143 1 1
340 4 21.7143 0 0
340 4 21.7143 1 1
340 4 21.7143 0 0
340 4 21.7143 0 0
340 4 21.7143 1 1
340 4 21.7143 0 0
340 4 21.7143 1 1
340 4 21.7143 1 1
340 4 21.7143 1 1
340 4 21.7143 1 1
340 4 21.7143 0 0
340 4 21.7143 1 1
340 4 21.7143 0 0
340 4 21.7143 0 0
340 4 21.7143 1 1
340 4 21.7143 0 0
340 4 21.7143 1 1
340 4 21.7143 1 1
340 4 21.7143 1 1
340 4 21.7143 0 0
340 4 21.7143 1 1
340 4 21.7143 1 1
340 4 21.7143 0 0
340 4 21.7143 1 1
340 4 21.7143 1 1
340 4 21.7143 1 1
340 4 21.7143 1 1
340 4 21.7143 0 0
340 4 21.7143 0 0
340 4 21.7143 0 0
340 4 21.7143 0 0
340 4 21.7143 1 1
340 4 21.7143 1 1
340 4 21.7143 1 1
340 4 21.7143 1 0
340 4 21.7143 0 0
340 4 21.7143 1 1
340 4 21.7143 0 0
341 4 23.8571 1 1
341 4 23.8571 1 1
341 4 23.8571 1 1
341 4 23.8571 0 0
341 4 23.8571 0 0
341 4 23.8571 1 1
341 4 23.8571 0 0
341 4 23.8571 0 0
341 4 23.8571 1 1
341 4 23.8571 0 0
341 4 23.8571 1 1
341 4 23.8571 0 0
341 4 23.8571 1 1
341 4 23.8571 1 1
341 4 23.8571 0 0
341 4 23.8571 1 1
341 4 23.8571 0 0
341 4 23.8571 0 0
341 4 23.8571 0 0
341 4 23.8571 1 1
341 4 23.8571 0 0
341 4 23.8571 1 1
341 4 23.8571 0 0
341 4 23.8571 0 0
341 4 23.8571 0 0
341 4 23.8571 1 1
341 4 23.8571 1 1
341 4 23.8571 1 1
341 4 23.8571 0 0
341 4 23.8571 1 1
341 4 23.8571 1 1
341 4 23.8571 1 1
341 4 23.8571 0 0
341 4 23.8571 0 0
341 4 23.8571 0 0
341 4 23.8571 1 1
341 4 23.8571 1 1
341 4 23.8571 1 1
341 4 23.8571 1 1
341 4 23.8571 1 1
341 4 23.8571 1 1
341 4 23.8571 1 1
341 4 23.8571 0 0
341 4 23.8571 0 0
341 4 23.8571 1 1
341 4 23.8571 1 1
341 4 23.8571 1 1
341 4 23.8571 1 1
341 4 23.8571 0 0
341 4 23.8571 0 0
341 4 23.8571 1 1
341 4 23.8571 1 1
341 4 23.8571 0 0
341 4 23.8571 1 1
341 4 23.8571 1 1
342 4 26 1 1
342 4 26 1 1
342 4 26 0 0
342 4 26 0 0
342 4 26 1 1
342 4 26 1 1
342 4 26 0 0
342 4 26 0 0
342 4 26 0 0
342 4 26 1 1
342 4 26 1 1
342 4 26 1 1
342 4 26 0 0
342 4 26 1 1
342 4 26 0 0
342 4 26 1 1
342 4 26 1 1
342 4 26 1 1
342 4 26 0 0
342 4 26 0 0
342 4 26 0 0
342 4 26 0 0
342 4 26 0 0
342 4 26 0 0
342 4 26 1 1
342 4 26 1 1
342 4 26 1 1
342 4 26 1 1
342 4 26 1 1
342 4 26 1 1
342 4 26 1 1
342 4 26 0 0
342 4 26 0 0
342 4 26 1 1
342 4 26 0 0
342 4 26 1 1
342 4 26 1 1
342 4 26 0 0
342 4 26 0 0
342 4 26 1 1
342 4 26 0 0
342 4 26 0 0
342 4 26 1 1
342 4 26 0 0
342 4 26 0 0
342 4 26 1 1
342 4 26 1 1
342 4 26 1 1
342 4 26 1 1
342 4 26 1 1
342 4 26 1 1
342 4 26 1 1
342 4 26 1 1
342 4 26 0 0
342 4 26 0 0
359 4 4 0 0
359 4 4 1 1
359 4 4 0 0
359 4 4 1 1
359 4 4 1 0
359 4 4 1 0
359 4 4 0 0
359 4 4 1 1
359 4 4 1 1
359 4 4 0 0
359 4 4 1 1
359 4 4 0 1
359 4 4 1 1
359 4 4 1 0
359 4 4 0 1
359 4 4 0 0
359 4 4 1 1
359 4 4 0 0
359 4 4 0 1
359 4 4 1 1
359 4 4 1 0
359 4 4 0 0
359 4 4 1 0
359 4 4 1 0
359 4 4 0 1
359 4 4 0 0
359 4 4 0 1
359 4 4 0 1
359 4 4 1 1
359 4 4 0 0
359 4 4 1 0
359 4 4 0 1
359 4 4 0 1
359 4 4 0 0
359 4 4 0 1
359 4 4 1 0
359 4 4 1 0
359 4 4 1 0
359 4 4 1 1
359 4 4 1 1
359 4 4 1 0
359 4 4 1 0
359 4 4 1 0
359 4 4 0 0
359 4 4 0 0
359 4 4 1 0
359 4 4 1 1
359 4 4 0 1
359 4 4 0 0
359 4 4 0 0
359 4 4 0 1
359 4 4 0 0
359 4 4 0 0
359 4 4 1 1
359 4 4 0 1
360 4 6 1 1
360 4 6 1 1
360 4 6 1 0
360 4 6 0 0
360 4 6 0 1
360 4 6 0 0
360 4 6 1 1
360 4 6 0 0
360 4 6 0 0
360 4 6 1 0
360 4 6 1 0
360 4 6 1 0
360 4 6 1 1
360 4 6 1 1
360 4 6 0 1
360 4 6 0 1
360 4 6 1 0
360 4 6 0 1
360 4 6 0 1
360 4 6 0 0
360 4 6 0 1
360 4 6 1 1
360 4 6 1 1
360 4 6 0 1
360 4 6 1 0
360 4 6 0 0
360 4 6 1 1
360 4 6 0 0
360 4 6 1 1
360 4 6 1 1
360 4 6 0 1
360 4 6 1 0
360 4 6 1 0
360 4 6 1 0
360 4 6 0 0
360 4 6 1 1
360 4 6 1 0
360 4 6 1 0
360 4 6 1 0
360 4 6 1 0
360 4 6 0 0
360 4 6 0 1
360 4 6 0 1
360 4 6 0 0
360 4 6 1 1
360 4 6 0 0
360 4 6 0 0
360 4 6 1 0
360 4 6 0 1
360 4 6 0 0
360 4 6 1 1
360 4 6 0 0
360 4 6 0 0
360 4 6 0 1
360 4 6 0 1
361 4 8 1 1
361 4 8 0 0
361 4 8 0 0
361 4 8 1 1
361 4 8 0 0
361 4 8 0 0
361 4 8 0 0
361 4 8 0 1
361 4 8 1 1
361 4 8 0 0
361 4 8 1 1
361 4 8 0 1
361 4 8 0 0
361 4 8 0 0
361 4 8 0 0
361 4 8 0 1
361 4 8 1 1
361 4 8 0 1
361 4 8 0 0
361 4 8 0 0
361 4 8 1 0
361 4 8 0 0
361 4 8 1 1
361 4 8 0 0
361 4 8 1 1
361 4 8 1 0
361 4 8 0 0
361 4 8 0 0
361 4 8 0 0
361 4 8 0 0
361 4 8 1 0
361 4 8 0 0
361 4 8 0 0
361 4 8 1 1
361 4 8 1 0
361 4 8 1 0
361 4 8 1 0
361 4 8 1 1
361 4 8 1 1
361 4 8 1 1
361 4 8 1 1
361 4 8 1 0
361 4 8 0 0
361 4 8 1 0
361 4 8 0 1
361 4 8 1 1
361 4 8 0 1
361 4 8 0 0
361 4 8 0 1
361 4 8 0 0
361 4 8 0 0
361 4 8 1 1
361 4 8 1 0
361 4 8 0 0
361 4 8 0 0
362 4 10 1 1
362 4 10 0 1
362 4 10 0 0
362 4 10 1 1
362 4 10 0 0
362 4 10 0 0
362 4 10 0 0
362 4 10 1 1
362 4 10 1 1
362 4 10 1 0
362 4 10 1 0
362 4 10 1 1
362 4 10 0 0
362 4 10 0 0
362 4 10 0 0
362 4 10 0 1
362 4 10 1 1
362 4 10 0 0
362 4 10 1 1
362 4 10 1 1
362 4 10 0 0
362 4 10 0 0
362 4 10 1 0
362 4 10 0 1
362 4 10 1 1
362 4 10 0 0
362 4 10 0 0
362 4 10 1 1
362 4 10 1 0
362 4 10 1 1
362 4 10 1 0
362 4 10 1 1
362 4 10 1 1
362 4 10 1 1
362 4 10 0 0
362 4 10 0 0
362 4 10 1 0
362 4 10 0 1
362 4 10 0 0
362 4 10 0 1
362 4 10 1 1
362 4 10 0 0
362 4 10 0 0
362 4 10 1 0
362 4 10 1 1
362 4 10 1 1
362 4 10 1 1
362 4 10 0 0
362 4 10 1 1
362 4 10 0 0
362 4 10 1 0
362 4 10 1 1
362 4 10 1 1
362 4 10 0 0
362 4 10 0 0
363 4 12 0 0
363 4 12 1 1
363 4 12 0 0
363 4 12 1 1
363 4 12 1 1
363 4 12 1 1
363 4 12 1 1
363 4 12 1 0
363 4 12 0 0
363 4 12 0 0
363 4 12 1 0
363 4 12 1 0
363 4 12 1 1
363 4 12 0 0
363 4 12 1 0
363 4 12 0 0
363 4 12 0 1
363 4 12 0 0
363 4 12 1 0
363 4 12 0 1
363 4 12 0 0
363 4 12 0 0
363 4 12 1 0
363 4 12 1 1
363 4 12 0 0
363 4 12 0 0
363 4 12 0 0
363 4 12 1 1
363 4 12 0 0
363 4 12 0 0
363 4 12 0 0
363 4 12 1 1
363 4 12 0 0
363 4 12 1 0
363 4 12 0 0
363 4 12 0 0
363 4 12 1 1
363 4 12 0 1
363 4 12 1 0
363 4 12 0 0
363 4 12 0 0
363 4 12 0 0
363 4 12 1 0
363 4 12 1 1
363 4 12 0 0
363 4 12 1 0
363 4 12 0 0
363 4 12 1 1
363 4 12 1 1
363 4 12 0 0
363 4 12 1 0
363 4 12 0 0
363 4 12 1 1
363 4 12 0 0
363 4 12 0 0
364 4 14 1 1
364 4 14 0 0
364 4 14 1 1
364 4 14 1 1
364 4 14 0 0
364 4 14 1 1
364 4 14 0 0
364 4 14 0 0
364 4 14 1 1
364 4 14 1 1
364 4 14 1 1
364 4 14 0 0
364 4 14 1 1
364 4 14 0 0
364 4 14 1 1
364 4 14 1 1
364 4 14 1 1
364 4 14 0 0
364 4 14 1 1
364 4 14 0 0
364 4 14 1 0
364 4 14 1 1
364 4 14 1 1
364 4 14 0 0
364 4 14 1 1
364 4 14 1 1
364 4 14 0 0
364 4 14 0 0
364 4 14 1 1
364 4 14 1 1
364 4 14 1 1
364 4 14 0 0
364 4 14 0 0
364 4 14 0 0
364 4 14 1 1
364 4 14 1 1
364 4 14 0 0
364 4 14 1 1
364 4 14 1 1
364 4 14 1 1
364 4 14 1 1
364 4 14 1 1
364 4 14 1 1
364 4 14 1 1
364 4 14 1 1
364 4 14 1 1
364 4 14 0 0
364 4 14 0 0
364 4 14 1 1
364 4 14 1 1
364 4 14 1 1
364 4 14 1 1
364 4 14 0 0
364 4 14 1 1
364 4 14 0 0
365 4 16 0 0
365 4 16 0 0
365 4 16 0 0
365 4 16 1 1
365 4 16 1 1
365 4 16 0 0
365 4 16 1 1
365 4 16 1 1
365 4 16 0 0
365 4 16 1 1
365 4 16 0 0
365 4 16 0 0
365 4 16 0 0
365 4 16 0 0
365 4 16 1 1
365 4 16 0 0
365 4 16 1 1
365 4 16 0 0
365 4 16 1 1
365 4 16 0 0
365 4 16 1 1
365 4 16 0 0
365 4 16 0 0
365 4 16 0 0
365 4 16 1 1
365 4 16 0 0
365 4 16 0 0
365 4 16 1 1
365 4 16 0 0
365 4 16 1 1
365 4 16 1 1
365 4 16 0 0
365 4 16 0 0
365 4 16 1 1
365 4 16 1 0
365 4 16 0 0
365 4 16 0 0
365 4 16 0 0
365 4 16 0 0
365 4 16 0 0
365 4 16 0 0
365 4 16 1 1
365 4 16 0 0
365 4 16 0 0
365 4 16 1 1
365 4 16 1 1
365 4 16 0 0
365 4 16 0 0
365 4 16 1 1
365 4 16 0 0
365 4 16 0 0
365 4 16 0 0
365 4 16 0 0
365 4 16 0 0
365 4 16 0 0
366 4 18 0 0
366 4 18 0 0
366 4 18 1 1
366 4 18 0 0
366 4 18 0 0
366 4 18 0 0
366 4 18 0 0
366 4 18 0 0
366 4 18 0 0
366 4 18 1 1
366 4 18 0 0
366 4 18 1 1
366 4 18 1 1
366 4 18 1 1
366 4 18 1 1
366 4 18 0 0
366 4 18 0 0
366 4 18 0 0
366 4 18 0 0
366 4 18 0 0
366 4 18 1 1
366 4 18 0 0
366 4 18 1 1
366 4 18 1 1
366 4 18 0 0
366 4 18 0 0
366 4 18 1 1
366 4 18 1 1
366 4 18 0 0
366 4 18 1 1
366 4 18 1 1
366 4 18 1 1
366 4 18 1 1
366 4 18 0 0
366 4 18 0 0
366 4 18 1 1
366 4 18 0 0
366 4 18 1 1
366 4 18 0 0
366 4 18 0 0
366 4 18 0 0
366 4 18 1 1
366 4 18 1 1
366 4 18 0 0
366 4 18 1 1
366 4 18 1 1
366 4 18 0 0
366 4 18 1 1
366 4 18 0 0
366 4 18 1 1
366 4 18 1 1
366 4 18 0 0
366 4 18 1 1
366 4 18 1 1
366 4 18 1 1
