0 0 0.506667 1 1
0 0 0.506667 0 0
0 0 0.506667 0 1
0 0 0.506667 0 1
0 0 0.506667 1 1
0 0 0.506667 0 1
0 0 0.506667 0 0
0 0 0.506667 0 1
0 0 0.506667 1 1
0 0 0.506667 1 1
0 0 0.506667 1 1
0 0 0.506667 1 0
0 0 0.506667 0 0
0 0 0.506667 0 0
0 0 0.506667 0 1
0 0 0.506667 1 0
0 0 0.506667 1 0
0 0 0.506667 0 1
0 0 0.506667 0 1
0 0 0.506667 0 0
0 0 0.506667 1 0
0 0 0.506667 1 0
0 0 0.506667 1 1
0 0 0.506667 0 1
0 0 0.506667 0 1
0 0 0.506667 0 1
0 0 0.506667 0 0
0 0 0.506667 0 1
0 0 0.506667 1 0
0 0 0.506667 0 0
0 0 0.506667 1 0
0 0 0.506667 1 1
0 0 0.506667 1 0
0 0 0.506667 1 0
0 0 0.506667 1 1
0 0 0.506667 0 1
0 0 0.506667 1 0
0 0 0.506667 1 0
0 0 0.506667 1 1
0 0 0.506667 0 0
0 0 0.506667 0 1
0 0 0.506667 0 0
0 0 0.506667 0 1
0 0 0.506667 0 1
0 0 0.506667 0 0
0 0 0.506667 0 1
0 0 0.506667 0 0
0 0 0.506667 1 0
0 0 0.506667 1 0
0 0 0.506667 1 1
0 0 0.506667 1 1
0 0 0.506667 1 0
0 0 0.506667 0 0
0 0 0.506667 1 1
0 0 0.506667 0 0
1 0 0.72 1 1
1 0 0.72 1 0
1 0 0.72 0 0
1 0 0.72 1 1
1 0 0.72 1 1
1 0 0.72 1 1
1 0 0.72 0 0
1 0 0.72 0 1
1 0 0.72 0 1
1 0 0.72 1 0
1 0 0.72 1 1
1 0 0.72 1 0
1 0 0.72 1 0
1 0 0.72 0 1
1 0 0.72 0 1
1 0 0.72 0 1
1 0 0.72 0 0
1 0 0.72 1 1
1 0 0.72 0 1
1 0 0.72 0 1
1 0 0.72 1 0
1 0 0.72 1 1
1 0 0.72 1 0
1 0 0.72 1 1
1 0 0.72 0 1
1 0 0.72 0 1
1 0 0.72 1 0
1 0 0.72 1 0
1 0 0.72 0 1
1 0 0.72 0 0
1 0 0.72 1 1
1 0 0.72 0 1
1 0 0.72 1 0
1 0 0.72 1 1
1 0 0.72 0 1
1 0 0.72 0 0
1 0 0.72 1 0
1 0 0.72 0 0
1 0 0.72 0 1
1 0 0.72 0 0
1 0 0.72 0 0
1 0 0.72 1 1
1 0 0.72 1 0
1 0 0.72 0 1
1 0 0.72 1 1
1 0 0.72 1 0
1 0 0.72 1 0
1 0 0.72 0 1
1 0 0.72 0 0
1 0 0.72 0 1
1 0 0.72 1 1
1 0 0.72 1 1
1 0 0.72 1 0
1 0 0.72 0 0
1 0 0.72 0 0
2 0 0.933333 1 0
2 0 0.933333 0 1
2 0 0.933333 0 0
2 0 0.933333 1 1
2 0 0.933333 1 1
2 0 0.933333 1 0
2 0 0.933333 1 1
2 0 0.933333 1 0
2 0 0.933333 1 1
2 0 0.933333 0 1
2 0 0.933333 0 0
2 0 0.933333 1 1
2 0 0.933333 1 0
2 0 0.933333 1 1
2 0 0.933333 1 1
2 0 0.933333 1 0
2 0 0.933333 1 1
2 0 0.933333 0 1
2 0 0.933333 0 0
2 0 0.933333 1 1
2 0 0.933333 0 1
2 0 0.933333 1 1
2 0 0.933333 0 0
2 0 0.933333 0 0
2 0 0.933333 1 1
2 0 0.933333 0 0
2 0 0.933333 1 1
2 0 0.933333 0 0
2 0 0.933333 0 0
2 0 0.933333 1 1
2 0 0.933333 0 1
2 0 0.933333 0 1
2 0 0.933333 1 0
2 0 0.933333 0 1
2 0 0.933333 1 0
2 0 0.933333 1 1
2 0 0.933333 1 1
2 0 0.933333 0 1
2 0 0.933333 1 1
2 0 0.933333 0 1
2 0 0.933333 1 1
2 0 0.933333 1 1
2 0 0.933333 1 0
2 0 0.933333 0 1
2 0 0.933333 1 1
2 0 0.933333 1 1
2 0 0.933333 1 1
2 0 0.933333 1 1
2 0 0.933333 0 1
2 0 0.933333 0 1
2 0 0.933333 1 1
2 0 0.933333 1 1
2 0 0.933333 0 0
2 0 0.933333 1 1
2 0 0.933333 1 1
3 0 1.14667 0 1
3 0 1.14667 1 1
3 0 1.14667 0 0
3 0 1.14667 0 0
3 0 1.14667 1 1
3 0 1.14667 1 1
3 0 1.14667 0 0
3 0 1.14667 1 1
3 0 1.14667 1 0
3 0 1.14667 1 1
3 0 1.14667 0 0
3 0 1.14667 0 0
3 0 1.14667 0 0
3 0 1.14667 0 0
3 0 1.14667 1 1
3 0 1.14667 0 0
3 0 1.14667 1 0
3 0 1.14667 0 0
3 0 1.14667 0 0
3 0 1.14667 1 1
3 0 1.14667 1 1
3 0 1.14667 0 0
3 0 1.14667 1 1
3 0 1.14667 0 0
3 0 1.14667 1 1
3 0 1.14667 0 0
3 0 1.14667 0 1
3 0 1.14667 0 0
3 0 1.14667 0 0
3 0 1.14667 1 1
3 0 1.14667 0 1
3 0 1.14667 1 1
3 0 1.14667 1 0
3 0 1.14667 1 0
3 0 1.14667 1 1
3 0 1.14667 1 1
3 0 1.14667 1 1
3 0 1.14667 0 0
3 0 1.14667 0 0
3 0 1.14667 1 1
3 0 1.14667 0 0
3 0 1.14667 1 1
3 0 1.14667 1 1
3 0 1.14667 0 1
3 0 1.14667 1 1
3 0 1.14667 0 0
3 0 1.14667 1 1
3 0 1.14667 1 1
3 0 1.14667 1 1
3 0 1.14667 1 1
3 0 1.14667 1 1
3 0 1.14667 0 0
3 0 1.14667 1 1
3 0 1.14667 0 0
3 0 1.14667 0 1
4 0 1.36 0 0
4 0 1.36 0 0
4 0 1.36 1 0
4 0 1.36 0 0
4 0 1.36 0 0
4 0 1.36 1 1
4 0 1.36 0 0
4 0 1.36 1 1
4 0 1.36 0 0
4 0 1.36 1 1
4 0 1.36 0 0
4 0 1.36 0 1
4 0 1.36 1 1
4 0 1.36 0 0
4 0 1.36 1 0
4 0 1.36 1 1
4 0 1.36 1 1
4 0 1.36 0 1
4 0 1.36 1 1
4 0 1.36 0 0
4 0 1.36 1 1
4 0 1.36 0 0
4 0 1.36 0 0
4 0 1.36 0 0
4 0 1.36 0 0
4 0 1.36 0 0
4 0 1.36 0 0
4 0 1.36 1 1
4 0 1.36 1 0
4 0 1.36 1 1
4 0 1.36 1 0
4 0 1.36 0 0
4 0 1.36 1 1
4 0 1.36 1 1
4 0 1.36 1 1
4 0 1.36 0 0
4 0 1.36 0 0
4 0 1.36 0 1
4 0 1.36 0 0
4 0 1.36 0 0
4 0 1.36 0 0
4 0 1.36 1 1
4 0 1.36 0 0
4 0 1.36 0 0
4 0 1.36 1 1
4 0 1.36 1 1
4 0 1.36 1 0
4 0 1.36 1 1
4 0 1.36 0 1
4 0 1.36 1 0
4 0 1.36 0 0
4 0 1.36 1 1
4 0 1.36 0 0
4 0 1.36 0 1
4 0 1.36 0 0
5 0 1.57333 1 1
5 0 1.57333 1 1
5 0 1.57333 1 1
5 0 1.57333 0 0
5 0 1.57333 0 0
5 0 1.57333 1 1
5 0 1.57333 1 1
5 0 1.57333 1 1
5 0 1.57333 0 0
5 0 1.57333 1 1
5 0 1.57333 0 0
5 0 1.57333 1 1
5 0 1.57333 1 1
5 0 1.57333 1 1
5 0 1.57333 1 1
5 0 1.57333 0 0
5 0 1.57333 0 0
5 0 1.57333 1 1
5 0 1.57333 0 0
5 0 1.57333 1 1
5 0 1.57333 0 0
5 0 1.57333 1 1
5 0 1.57333 1 1
5 0 1.57333 0 0
5 0 1.57333 0 0
5 0 1.57333 0 0
5 0 1.57333 1 1
5 0 1.57333 1 1
5 0 1.57333 1 1
5 0 1.57333 0 0
5 0 1.57333 1 1
5 0 1.57333 1 1
5 0 1.57333 1 1
5 0 1.57333 0 0
5 0 1.57333 0 0
5 0 1.57333 0 0
5 0 1.57333 1 1
5 0 1.57333 1 1
5 0 1.57333 1 1
5 0 1.57333 1 1
5 0 1.57333 0 0
5 0 1.57333 0 0
5 0 1.57333 1 1
5 0 1.57333 1 1
5 0 1.57333 1 1
5 0 1.57333 1 1
5 0 1.57333 0 1
5 0 1.57333 1 1
5 0 1.57333 0 0
5 0 1.57333 1 1
5 0 1.57333 1 1
5 0 1.57333 1 1
5 0 1.57333 1 1
5 0 1.57333 0 0
5 0 1.57333 1 1
6 0 1.78667 1 1
6 0 1.78667 1 1
6 0 1.78667 0 0
6 0 1.78667 0 0
6 0 1.78667 1 1
6 0 1.78667 0 0
6 0 1.78667 1 1
6 0 1.78667 1 1
6 0 1.78667 1 1
6 0 1.78667 1 1
6 0 1.78667 1 1
6 0 1.78667 0 0
6 0 1.78667 0 0
6 0 1.78667 0 0
6 0 1.78667 0 0
6 0 1.78667 1 1
6 0 1.78667 1 1
6 0 1.78667 0 0
6 0 1.78667 1 1
6 0 1.78667 0 0
6 0 1.78667 0 0
6 0 1.78667 1 1
6 0 1.78667 1 1
6 0 1.78667 0 0
6 0 1.78667 0 0
6 0 1.78667 1 1
6 0 1.78667 1 1
6 0 1.78667 1 1
6 0 1.78667 1 1
6 0 1.78667 0 0
6 0 1.78667 1 1
6 0 1.78667 1 1
6 0 1.78667 0 0
6 0 1.78667 1 1
6 0 1.78667 1 1
6 0 1.78667 0 0
6 0 1.78667 0 0
6 0 1.78667 1 1
6 0 1.78667 1 1
6 0 1.78667 0 0
6 0 1.78667 1 1
6 0 1.78667 0 0
6 0 1.78667 0 0
6 0 1.78667 0 0
6 0 1.78667 1 1
6 0 1.78667 0 0
6 0 1.78667 1 1
6 0 1.78667 1 1
6 0 1.78667 0 0
6 0 1.78667 1 1
6 0 1.78667 0 0
6 0 1.78667 0 0
6 0 1.78667 1 1
6 0 1.78667 0 0
6 0 1.78667 0 0
7 0 2 0 0
7 0 2 1 1
7 0 2 0 0
7 0 2 1 1
7 0 2 0 1
7 0 2 1 1
7 0 2 0 0
7 0 2 1 1
7 0 2 0 0
7 0 2 1 1
7 0 2 0 0
7 0 2 1 1
7 0 2 1 1
7 0 2 0 0
7 0 2 1 1
7 0 2 0 0
7 0 2 1 1
7 0 2 0 0
7 0 2 1 1
7 0 2 1 1
7 0 2 1 1
7 0 2 1 1
7 0 2 0 0
7 0 2 1 1
7 0 2 0 0
7 0 2 1 1
7 0 2 1 1
7 0 2 1 1
7 0 2 1 1
7 0 2 0 0
7 0 2 1 1
7 0 2 1 1
7 0 2 0 0
7 0 2 1 1
7 0 2 0 0
7 0 2 1 1
7 0 2 1 1
7 0 2 1 1
7 0 2 0 0
7 0 2 1 1
7 0 2 1 1
7 0 2 1 1
7 0 2 0 0
7 0 2 1 1
7 0 2 0 0
7 0 2 0 0
7 0 2 1 1
7 0 2 1 1
7 0 2 0 0
7 0 2 0 0
7 0 2 0 0
7 0 2 1 1
7 0 2 1 1
7 0 2 1 1
7 0 2 1 1
24 0 0.4 0 1
24 0 0.4 0 1
24 0 0.4 0 1
24 0 0.4 0 0
24 0 0.4 0 0
24 0 0.4 0 0
24 0 0.4 0 1
24 0 0.4 1 0
24 0 0.4 1 1
24 0 0.4 0 1
24 0 0.4 0 1
24 0 0.4 1 0
24 0 0.4 0 0
24 0 0.4 0 0
24 0 0.4 1 0
24 0 0.4 1 1
24 0 0.4 1 1
24 0 0.4 0 0
24 0 0.4 1 1
24 0 0.4 0 1
24 0 0.4 1 0
24 0 0.4 0 1
24 0 0.4 0 0
24 0 0.4 1 1
24 0 0.4 1 0
24 0 0.4 0 1
24 0 0.4 1 0
24 0 0.4 1 0
24 0 0.4 0 0
24 0 0.4 1 0
24 0 0.4 0 1
24 0 0.4 0 1
24 0 0.4 0 0
24 0 0.4 1 0
24 0 0.4 0 0
24 0 0.4 1 1
24 0 0.4 1 0
24 0 0.4 1 1
24 0 0.4 1 0
24 0 0.4 0 0
24 0 0.4 1 1
24 0 0.4 1 1
24 0 0.4 1 0
24 0 0.4 1 1
24 0 0.4 1 1
24 0 0.4 0 0
24 0 0.4 0 1
24 0 0.4 0 1
24 0 0.4 0 1
24 0 0.4 0 0
24 0 0.4 0 1
24 0 0.4 1 0
24 0 0.4 1 1
24 0 0.4 0 1
24 0 0.4 1 0
25 0 0.613333 0 1
25 0 0.613333 0 1
25 0 0.613333 1 0
25 0 0.613333 0 1
25 0 0.613333 0 0
25 0 0.613333 1 1
25 0 0.613333 1 0
25 0 0.613333 1 0
25 0 0.613333 1 0
25 0 0.613333 1 1
25 0 0.613333 1 1
25 0 0.613333 1 1
25 0 0.613333 1 1
25 0 0.613333 0 1
25 0 0.613333 0 0
25 0 0.613333 1 1
25 0 0.613333 0 1
25 0 0.613333 1 0
25 0 0.613333 0 0
25 0 0.613333 1 1
25 0 0.613333 0 1
25 0 0.613333 1 1
25 0 0.613333 0 1
25 0 0.613333 1 1
25 0 0.613333 0 0
25 0 0.613333 1 1
25 0 0.613333 0 1
25 0 0.613333 1 1
25 0 0.613333 0 0
25 0 0.613333 1 0
25 0 0.613333 0 0
25 0 0.613333 0 1
25 0 0.613333 1 1
25 0 0.613333 0 0
25 0 0.613333 0 1
25 0 0.613333 0 1
25 0 0.613333 0 0
25 0 0.613333 0 0
25 0 0.613333 1 1
25 0 0.613333 1 0
25 0 0.613333 0 0
25 0 0.613333 1 0
25 0 0.613333 1 1
25 0 0.613333 1 0
25 0 0.613333 1 1
25 0 0.613333 0 1
25 0 0.613333 0 0
25 0 0.613333 1 1
25 0 0.613333 0 1
25 0 0.613333 1 1
25 0 0.613333 1 1
25 0 0.613333 0 0
25 0 0.613333 1 1
25 0 0.613333 1 0
25 0 0.613333 1 1
26 0 0.826667 0 0
26 0 0.826667 0 1
26 0 0.826667 0 1
26 0 0.826667 1 1
26 0 0.826667 0 0
26 0 0.826667 1 1
26 0 0.826667 1 1
26 0 0.826667 0 0
26 0 0.826667 1 1
26 0 0.826667 0 0
26 0 0.826667 1 1
26 0 0.826667 0 0
26 0 0.826667 0 0
26 0 0.826667 0 0
26 0 0.826667 1 1
26 0 0.826667 0 0
26 0 0.826667 1 1
26 0 0.826667 1 1
26 0 0.826667 0 0
26 0 0.826667 1 1
26 0 0.826667 1 1
26 0 0.826667 0 0
26 0 0.826667 1 1
26 0 0.826667 1 1
26 0 0.826667 1 1
26 0 0.826667 1 1
26 0 0.826667 1 1
26 0 0.826667 1 1
26 0 0.826667 0 0
26 0 0.826667 0 0
26 0 0.826667 1 0
26 0 0.826667 1 0
26 0 0.826667 0 1
26 0 0.826667 1 1
26 0 0.826667 0 1
26 0 0.826667 0 1
26 0 0.826667 1 1
26 0 0.826667 0 0
26 0 0.826667 0 1
26 0 0.826667 1 1
26 0 0.826667 0 0
26 0 0.826667 0 0
26 0 0.826667 0 0
26 0 0.826667 0 1
26 0 0.826667 1 1
26 0 0.826667 0 0
26 0 0.826667 0 0
26 0 0.826667 0 1
26 0 0.826667 1 1
26 0 0.826667 1 1
26 0 0.826667 1 1
26 0 0.826667 0 1
26 0 0.826667 1 0
26 0 0.826667 0 0
26 0 0.826667 1 1
27 0 1.04 1 0
27 0 1.04 1 1
27 0 1.04 0 0
27 0 1.04 0 0
27 0 1.04 0 1
27 0 1.04 1 1
27 0 1.04 1 1
27 0 1.04 0 0
27 0 1.04 1 1
27 0 1.04 1 1
27 0 1.04 0 0
27 0 1.04 0 0
27 0 1.04 0 0
27 0 1.04 0 1
27 0 1.04 0 0
27 0 1.04 1 1
27 0 1.04 1 1
27 0 1.04 1 1
27 0 1.04 0 1
27 0 1.04 0 1
27 0 1.04 0 1
27 0 1.04 1 1
27 0 1.04 0 1
27 0 1.04 0 0
27 0 1.04 0 1
27 0 1.04 0 1
27 0 1.04 1 1
27 0 1.04 0 1
27 0 1.04 0 1
27 0 1.04 0 1
27 0 1.04 0 1
27 0 1.04 1 1
27 0 1.04 0 0
27 0 1.04 1 0
27 0 1.04 0 1
27 0 1.04 0 0
27 0 1.04 0 0
27 0 1.04 0 1
27 0 1.04 1 1
27 0 1.04 0 1
27 0 1.04 1 1
27 0 1.04 1 1
27 0 1.04 0 0
27 0 1.04 1 1
27 0 1.04 0 0
27 0 1.04 0 1
27 0 1.04 0 1
27 0 1.04 0 0
27 0 1.04 1 1
27 0 1.04 1 0
27 0 1.04 1 1
27 0 1.04 0 1
27 0 1.04 1 1
27 0 1.04 0 1
27 0 1.04 1 1
28 0 1.25333 1 0
28 0 1.25333 0 0
28 0 1.25333 1 1
28 0 1.25333 0 1
28 0 1.25333 0 0
28 0 1.25333 1 1
28 0 1.25333 0 0
28 0 1.25333 1 1
28 0 1.25333 1 1
28 0 1.25333 1 1
28 0 1.25333 0 0
28 0 1.25333 0 0
28 0 1.25333 1 1
28 0 1.25333 1 1
28 0 1.25333 1 1
28 0 1.25333 1 1
28 0 1.25333 0 0
28 0 1.25333 1 1
28 0 1.25333 0 0
28 0 1.25333 0 0
28 0 1.25333 1 1
28 0 1.25333 1 1
28 0 1.25333 0 0
28 0 1.25333 1 1
28 0 1.25333 1 1
28 0 1.25333 0 0
28 0 1.25333 0 0
28 0 1.25333 0 0
28 0 1.25333 0 1
28 0 1.25333 1 1
28 0 1.25333 1 1
28 0 1.25333 0 0
28 0 1.25333 1 1
28 0 1.25333 0 0
28 0 1.25333 1 1
28 0 1.25333 1 1
28 0 1.25333 1 1
28 0 1.25333 1 1
28 0 1.25333 0 0
28 0 1.25333 1 1
28 0 1.25333 1 1
28 0 1.25333 0 0
28 0 1.25333 0 0
28 0 1.25333 0 1
28 0 1.25333 1 1
28 0 1.25333 1 1
28 0 1.25333 1 1
28 0 1.25333 0 0
28 0 1.25333 0 0
28 0 1.25333 0 1
28 0 1.25333 1 0
28 0 1.25333 1 1
28 0 1.25333 0 0
28 0 1.25333 0 1
28 0 1.25333 0 0
29 0 1.46667 0 0
29 0 1.46667 1 1
29 0 1.46667 1 1
29 0 1.46667 1 0
29 0 1.46667 0 0
29 0 1.46667 1 1
29 0 1.46667 1 1
29 0 1.46667 0 0
29 0 1.46667 0 0
29 0 1.46667 0 0
29 0 1.46667 1 1
29 0 1.46667 0 0
29 0 1.46667 0 1
29 0 1.46667 0 0
29 0 1.46667 0 0
29 0 1.46667 1 1
29 0 1.46667 1 1
29 0 1.46667 1 1
29 0 1.46667 1 1
29 0 1.46667 1 0
29 0 1.46667 1 1
29 0 1.46667 1 1
29 0 1.46667 1 1
29 0 1.46667 0 1
29 0 1.46667 0 0
29 0 1.46667 1 1
29 0 1.46667 1 1
29 0 1.46667 1 1
29 0 1.46667 0 0
29 0 1.46667 0 0
29 0 1.46667 1 1
29 0 1.46667 1 1
29 0 1.46667 1 1
29 0 1.46667 1 1
29 0 1.46667 0 0
29 0 1.46667 1 1
29 0 1.46667 0 0
29 0 1.46667 1 1
29 0 1.46667 0 0
29 0 1.46667 0 1
29 0 1.46667 0 0
29 0 1.46667 1 1
29 0 1.46667 0 0
29 0 1.46667 1 1
29 0 1.46667 0 0
29 0 1.46667 1 1
29 0 1.46667 1 1
29 0 1.46667 1 1
29 0 1.46667 0 0
29 0 1.46667 0 0
29 0 1.46667 1 1
29 0 1.46667 1 1
29 0 1.46667 1 1
29 0 1.46667 0 1
29 0 1.46667 0 0
30 0 1.68 1 0
30 0 1.68 0 0
30 0 1.68 0 1
30 0 1.68 1 1
30 0 1.68 0 0
30 0 1.68 1 1
30 0 1.68 0 0
30 0 1.68 0 1
30 0 1.68 0 0
30 0 1.68 0 0
30 0 1.68 0 0
30 0 1.68 1 1
30 0 1.68 1 1
30 0 1.68 0 0
30 0 1.68 1 1
30 0 1.68 0 0
30 0 1.68 0 0
30 0 1.68 0 0
30 0 1.68 1 1
30 0 1.68 0 0
30 0 1.68 0 0
30 0 1.68 1 1
30 0 1.68 1 1
30 0 1.68 1 1
30 0 1.68 1 1
30 0 1.68 0 0
30 0 1.68 1 1
30 0 1.68 0 0
30 0 1.68 0 0
30 0 1.68 0 0
30 0 1.68 1 1
30 0 1.68 1 1
30 0 1.68 1 1
30 0 1.68 1 1
30 0 1.68 1 1
30 0 1.68 0 0
30 0 1.68 1 1
30 0 1.68 1 1
30 0 1.68 1 1
30 0 1.68 0 0
30 0 1.68 1 1
30 0 1.68 1 1
30 0 1.68 0 0
30 0 1.68 0 0
30 0 1.68 1 1
30 0 1.68 1 1
30 0 1.68 1 1
30 0 1.68 1 1
30 0 1.68 0 0
30 0 1.68 0 0
30 0 1.68 1 1
30 0 1.68 0 0
30 0 1.68 0 0
30 0 1.68 1 1
30 0 1.68 1 1
31 0 1.89333 1 1
31 0 1.89333 0 0
31 0 1.89333 1 1
31 0 1.89333 1 1
31 0 1.89333 1 1
31 0 1.89333 1 1
31 0 1.89333 1 1
31 0 1.89333 0 0
31 0 1.89333 0 0
31 0 1.89333 0 0
31 0 1.89333 0 0
31 0 1.89333 0 0
31 0 1.89333 1 1
31 0 1.89333 1 1
31 0 1.89333 0 0
31 0 1.89333 0 0
31 0 1.89333 0 0
31 0 1.89333 0 0
31 0 1.89333 0 0
31 0 1.89333 0 0
31 0 1.89333 0 0
31 0 1.89333 1 1
31 0 1.89333 0 0
31 0 1.89333 1 1
31 0 1.89333 1 1
31 0 1.89333 1 1
31 0 1.89333 0 0
31 0 1.89333 0 0
31 0 1.89333 1 1
31 0 1.89333 0 0
31 0 1.89333 0 0
31 0 1.89333 1 1
31 0 1.89333 1 1
31 0 1.89333 1 1
31 0 1.89333 0 0
31 0 1.89333 1 1
31 0 1.89333 1 1
31 0 1.89333 1 1
31 0 1.89333 1 1
31 0 1.89333 0 0
31 0 1.89333 0 0
31 0 1.89333 1 1
31 0 1.89333 1 1
31 0 1.89333 0 0
31 0 1.89333 0 0
31 0 1.89333 1 1
31 0 1.89333 0 0
31 0 1.89333 0 0
31 0 1.89333 0 0
31 0 1.89333 0 0
31 0 1.89333 1 1
31 0 1.89333 1 1
31 0 1.89333 0 0
31 0 1.89333 0 0
31 0 1.89333 1 1
80 1 0.466667 1 1
80 1 0.466667 1 1
80 1 0.466667 0 1
80 1 0.466667 1 1
80 1 0.466667 1 1
80 1 0.466667 0 1
80 1 0.466667 1 1
80 1 0.466667 0 1
80 1 0.466667 0 1
80 1 0.466667 1 1
80 1 0.466667 0 0
80 1 0.466667 0 1
80 1 0.466667 0 0
80 1 0.466667 0 1
80 1 0.466667 1 1
80 1 0.466667 0 0
80 1 0.466667 1 1
80 1 0.466667 1 1
80 1 0.466667 0 0
80 1 0.466667 1 0
80 1 0.466667 0 1
80 1 0.466667 0 0
80 1 0.466667 0 1
80 1 0.466667 1 1
80 1 0.466667 1 1
80 1 0.466667 1 0
80 1 0.466667 0 0
80 1 0.466667 1 1
80 1 0.466667 0 0
80 1 0.466667 1 1
80 1 0.466667 1 0
80 1 0.466667 1 0
80 1 0.466667 1 1
80 1 0.466667 1 1
80 1 0.466667 1 0
80 1 0.466667 0 0
80 1 0.466667 0 0
80 1 0.466667 0 0
80 1 0.466667 1 1
80 1 0.466667 1 0
80 1 0.466667 0 1
80 1 0.466667 0 1
80 1 0.466667 1 0
80 1 0.466667 0 1
80 1 0.466667 1 1
80 1 0.466667 0 0
80 1 0.466667 1 1
80 1 0.466667 1 0
80 1 0.466667 1 1
80 1 0.466667 1 1
80 1 0.466667 1 1
80 1 0.466667 0 0
80 1 0.466667 0 1
80 1 0.466667 0 1
80 1 0.466667 0 0
81 1 0.6 1 1
81 1 0.6 1 1
81 1 0.6 0 0
81 1 0.6 1 1
81 1 0.6 0 0
81 1 0.6 0 0
81 1 0.6 0 1
81 1 0.6 0 1
81 1 0.6 1 1
81 1 0.6 0 0
81 1 0.6 0 0
81 1 0.6 0 0
81 1 0.6 0 1
81 1 0.6 1 1
81 1 0.6 1 1
81 1 0.6 0 0
81 1 0.6 1 0
81 1 0.6 1 1
81 1 0.6 0 1
81 1 0.6 0 0
81 1 0.6 1 1
81 1 0.6 1 1
81 1 0.6 0 1
81 1 0.6 0 1
81 1 0.6 0 0
81 1 0.6 0 1
81 1 0.6 1 0
81 1 0.6 1 1
81 1 0.6 0 0
81 1 0.6 1 0
81 1 0.6 0 1
81 1 0.6 1 1
81 1 0.6 0 0
81 1 0.6 0 1
81 1 0.6 1 1
81 1 0.6 1 1
81 1 0.6 1 1
81 1 0.6 0 1
81 1 0.6 0 0
81 1 0.6 0 1
81 1 0.6 1 1
81 1 0.6 1 1
81 1 0.6 0 0
81 1 0.6 1 1
81 1 0.6 1 1
81 1 0.6 0 0
81 1 0.6 0 1
81 1 0.6 0 1
81 1 0.6 0 1
81 1 0.6 0 1
81 1 0.6 0 1
81 1 0.6 0 1
81 1 0.6 1 1
81 1 0.6 1 1
81 1 0.6 1 1
82 1 0.733333 0 0
82 1 0.733333 0 0
82 1 0.733333 0 0
82 1 0.733333 1 1
82 1 0.733333 1 1
82 1 0.733333 1 1
82 1 0.733333 1 1
82 1 0.733333 1 0
82 1 0.733333 1 0
82 1 0.733333 0 0
82 1 0.733333 0 0
82 1 0.733333 0 0
82 1 0.733333 1 1
82 1 0.733333 1 1
82 1 0.733333 0 0
82 1 0.733333 0 0
82 1 0.733333 0 0
82 1 0.733333 0 0
82 1 0.733333 0 0
82 1 0.733333 0 0
82 1 0.733333 1 1
82 1 0.733333 0 0
82 1 0.733333 0 0
82 1 0.733333 0 0
82 1 0.733333 1 1
82 1 0.733333 0 0
82 1 0.733333 1 0
82 1 0.733333 0 0
82 1 0.733333 1 1
82 1 0.733333 1 1
82 1 0.733333 1 1
82 1 0.733333 1 0
82 1 0.733333 1 1
82 1 0.733333 1 0
82 1 0.733333 1 0
82 1 0.733333 1 1
82 1 0.733333 0 0
82 1 0.733333 1 1
82 1 0.733333 0 0
82 1 0.733333 0 0
82 1 0.733333 1 1
82 1 0.733333 0 1
82 1 0.733333 0 0
82 1 0.733333 0 1
82 1 0.733333 1 1
82 1 0.733333 1 1
82 1 0.733333 1 1
82 1 0.733333 1 1
82 1 0.733333 1 1
82 1 0.733333 0 0
82 1 0.733333 1 1
82 1 0.733333 1 1
82 1 0.733333 0 0
82 1 0.733333 1 1
82 1 0.733333 0 0
83 1 0.866667 1 1
83 1 0.866667 0 0
83 1 0.866667 1 1
83 1 0.866667 1 1
83 1 0.866667 1 1
83 1 0.866667 1 1
83 1 0.866667 0 0
83 1 0.866667 1 1
83 1 0.866667 1 1
83 1 0.866667 1 1
83 1 0.866667 1 1
83 1 0.866667 1 1
83 1 0.866667 1 1
83 1 0.866667 0 0
83 1 0.866667 1 1
83 1 0.866667 1 1
83 1 0.866667 0 0
83 1 0.866667 0 0
83 1 0.866667 1 1
83 1 0.866667 0 0
83 1 0.866667 1 1
83 1 0.866667 1 1
83 1 0.866667 0 0
83 1 0.866667 0 0
83 1 0.866667 1 1
83 1 0.866667 0 0
83 1 0.866667 1 1
83 1 0.866667 1 1
83 1 0.866667 0 0
83 1 0.866667 0 0
83 1 0.866667 0 0
83 1 0.866667 0 0
83 1 0.866667 0 0
83 1 0.866667 1 1
83 1 0.866667 1 1
83 1 0.866667 0 0
83 1 0.866667 0 0
83 1 0.866667 1 1
83 1 0.866667 1 1
83 1 0.866667 1 1
83 1 0.866667 1 1
83 1 0.866667 0 0
83 1 0.866667 1 1
83 1 0.866667 1 1
83 1 0.866667 0 0
83 1 0.866667 0 0
83 1 0.866667 1 1
83 1 0.866667 1 1
83 1 0.866667 0 0
83 1 0.866667 1 1
83 1 0.866667 0 0
83 1 0.866667 1 1
83 1 0.866667 1 1
83 1 0.866667 0 0
83 1 0.866667 0 0
84 1 1 1 0
84 1 1 0 0
84 1 1 1 1
84 1 1 0 0
84 1 1 0 0
84 1 1 0 0
84 1 1 1 1
84 1 1 0 0
84 1 1 0 0
84 1 1 1 1
84 1 1 0 0
84 1 1 1 1
84 1 1 1 1
84 1 1 1 1
84 1 1 0 0
84 1 1 0 0
84 1 1 1 1
84 1 1 1 1
84 1 1 0 0
84 1 1 0 0
84 1 1 1 1
84 1 1 1 1
84 1 1 1 1
84 1 1 0 0
84 1 1 0 0
84 1 1 0 0
84 1 1 0 0
84 1 1 1 1
84 1 1 0 0
84 1 1 0 0
84 1 1 1 1
84 1 1 0 0
84 1 1 0 0
84 1 1 1 1
84 1 1 0 0
84 1 1 1 1
84 1 1 0 0
84 1 1 0 0
84 1 1 0 0
84 1 1 1 1
84 1 1 0 0
84 1 1 1 1
84 1 1 0 0
84 1 1 0 0
84 1 1 1 1
84 1 1 1 1
84 1 1 0 0
84 1 1 0 0
84 1 1 0 0
84 1 1 1 1
84 1 1 1 1
84 1 1 0 0
84 1 1 0 0
84 1 1 1 1
84 1 1 0 0
85 1 1.13333 1 1
85 1 1.13333 0 0
85 1 1.13333 0 0
85 1 1.13333 1 1
85 1 1.13333 1 1
85 1 1.13333 0 0
85 1 1.13333 0 0
85 1 1.13333 1 1
85 1 1.13333 1 1
85 1 1.13333 0 0
85 1 1.13333 0 0
85 1 1.13333 0 0
85 1 1.13333 0 0
85 1 1.13333 1 1
85 1 1.13333 1 1
85 1 1.13333 1 1
85 1 1.13333 0 0
85 1 1.13333 0 0
85 1 1.13333 0 0
85 1 1.13333 1 1
85 1 1.13333 1 1
85 1 1.13333 0 0
85 1 1.13333 1 1
85 1 1.13333 0 0
85 1 1.13333 0 0
85 1 1.13333 0 0
85 1 1.13333 0 0
85 1 1.13333 0 0
85 1 1.13333 0 0
85 1 1.13333 0 0
85 1 1.13333 1 1
85 1 1.13333 1 1
85 1 1.13333 1 1
85 1 1.13333 0 0
85 1 1.13333 1 1
85 1 1.13333 1 1
85 1 1.13333 1 1
85 1 1.13333 0 0
85 1 1.13333 1 1
85 1 1.13333 0 0
85 1 1.13333 1 1
85 1 1.13333 1 1
85 1 1.13333 1 1
85 1 1.13333 1 1
85 1 1.13333 0 0
85 1 1.13333 0 0
85 1 1.13333 0 0
85 1 1.13333 0 0
85 1 1.13333 0 0
85 1 1.13333 1 1
85 1 1.13333 1 1
85 1 1.13333 0 0
85 1 1.13333 0 0
85 1 1.13333 1 1
85 1 1.13333 0 0
86 1 1.26667 1 1
86 1 1.26667 0 0
86 1 1.26667 0 0
86 1 1.26667 1 1
86 1 1.26667 0 0
86 1 1.26667 1 1
86 1 1.26667 0 0
86 1 1.26667 0 0
86 1 1.26667 1 1
86 1 1.26667 0 0
86 1 1.26667 1 1
86 1 1.26667 0 0
86 1 1.26667 1 1
86 1 1.26667 1 1
86 1 1.26667 1 1
86 1 1.26667 0 0
86 1 1.26667 1 1
86 1 1.26667 1 1
86 1 1.26667 0 0
86 1 1.26667 1 1
86 1 1.26667 0 0
86 1 1.26667 1 1
86 1 1.26667 0 0
86 1 1.26667 1 1
86 1 1.26667 0 0
86 1 1.26667 0 0
86 1 1.26667 0 0
86 1 1.26667 1 1
86 1 1.26667 0 0
86 1 1.26667 0 0
86 1 1.26667 1 1
86 1 1.26667 0 0
86 1 1.26667 1 1
86 1 1.26667 0 0
86 1 1.26667 0 0
86 1 1.26667 1 1
86 1 1.26667 0 0
86 1 1.26667 0 0
86 1 1.26667 0 0
86 1 1.26667 1 1
86 1 1.26667 0 0
86 1 1.26667 1 1
86 1 1.26667 1 1
86 1 1.26667 1 1
86 1 1.26667 1 1
86 1 1.26667 1 1
86 1 1.26667 0 0
86 1 1.26667 0 0
86 1 1.26667 0 0
86 1 1.26667 1 1
86 1 1.26667 1 1
86 1 1.26667 1 1
86 1 1.26667 0 0
86 1 1.26667 1 1
86 1 1.26667 1 1
87 1 1.4 0 0
87 1 1.4 1 1
87 1 1.4 0 0
87 1 1.4 0 0
87 1 1.4 0 0
87 1 1.4 0 0
87 1 1.4 1 1
87 1 1.4 0 0
87 1 1.4 1 1
87 1 1.4 1 1
87 1 1.4 1 1
87 1 1.4 0 0
87 1 1.4 1 1
87 1 1.4 0 0
87 1 1.4 0 0
87 1 1.4 1 1
87 1 1.4 1 1
87 1 1.4 1 1
87 1 1.4 0 0
87 1 1.4 1 1
87 1 1.4 0 0
87 1 1.4 1 1
87 1 1.4 1 1
87 1 1.4 0 0
87 1 1.4 1 1
87 1 1.4 0 0
87 1 1.4 1 1
87 1 1.4 1 1
87 1 1.4 0 0
87 1 1.4 0 0
87 1 1.4 1 1
87 1 1.4 0 0
87 1 1.4 0 0
87 1 1.4 1 1
87 1 1.4 0 0
87 1 1.4 1 1
87 1 1.4 1 1
87 1 1.4 1 1
87 1 1.4 1 1
87 1 1.4 1 1
87 1 1.4 1 1
87 1 1.4 0 0
87 1 1.4 0 0
87 1 1.4 1 1
87 1 1.4 0 0
87 1 1.4 0 0
87 1 1.4 1 1
87 1 1.4 0 0
87 1 1.4 1 1
87 1 1.4 1 1
87 1 1.4 1 1
87 1 1.4 0 0
87 1 1.4 0 0
87 1 1.4 1 1
87 1 1.4 0 0
104 1 0.25 1 1
104 1 0.25 1 1
104 1 0.25 0 0
104 1 0.25 1 1
104 1 0.25 0 1
104 1 0.25 1 1
104 1 0.25 0 0
104 1 0.25 0 0
104 1 0.25 0 0
104 1 0.25 0 1
104 1 0.25 0 1
104 1 0.25 0 1
104 1 0.25 1 1
104 1 0.25 0 1
104 1 0.25 1 0
104 1 0.25 1 0
104 1 0.25 1 0
104 1 0.25 1 0
104 1 0.25 0 0
104 1 0.25 0 0
104 1 0.25 1 1
104 1 0.25 0 0
104 1 0.25 1 0
104 1 0.25 1 1
104 1 0.25 0 0
104 1 0.25 1 1
104 1 0.25 0 1
104 1 0.25 0 1
104 1 0.25 1 1
104 1 0.25 0 0
104 1 0.25 1 0
104 1 0.25 1 0
104 1 0.25 1 0
104 1 0.25 1 1
104 1 0.25 0 1
104 1 0.25 1 0
104 1 0.25 1 1
104 1 0.25 1 0
104 1 0.25 0 0
104 1 0.25 0 0
104 1 0.25 1 1
104 1 0.25 0 1
104 1 0.25 0 1
104 1 0.25 1 0
104 1 0.25 1 1
104 1 0.25 1 1
104 1 0.25 0 1
104 1 0.25 1 1
104 1 0.25 1 1
104 1 0.25 0 1
104 1 0.25 1 1
104 1 0.25 1 1
104 1 0.25 1 1
104 1 0.25 0 1
104 1 0.25 1 1
105 1 0.396667 1 1
105 1 0.396667 0 0
105 1 0.396667 0 0
105 1 0.396667 1 0
105 1 0.396667 1 1
105 1 0.396667 1 1
105 1 0.396667 1 0
105 1 0.396667 0 0
105 1 0.396667 0 0
105 1 0.396667 1 1
105 1 0.396667 0 1
105 1 0.396667 0 1
105 1 0.396667 1 1
105 1 0.396667 0 0
105 1 0.396667 1 1
105 1 0.396667 0 1
105 1 0.396667 0 0
105 1 0.396667 0 0
105 1 0.396667 1 0
105 1 0.396667 0 1
105 1 0.396667 0 0
105 1 0.396667 1 1
105 1 0.396667 1 1
105 1 0.396667 1 1
105 1 0.396667 0 0
105 1 0.396667 1 0
105 1 0.396667 1 0
105 1 0.396667 0 0
105 1 0.396667 1 1
105 1 0.396667 0 1
105 1 0.396667 1 1
105 1 0.396667 0 0
105 1 0.396667 0 1
105 1 0.396667 1 1
105 1 0.396667 1 1
105 1 0.396667 0 0
105 1 0.396667 0 1
105 1 0.396667 1 0
105 1 0.396667 1 1
105 1 0.396667 1 1
105 1 0.396667 1 1
105 1 0.396667 1 1
105 1 0.396667 1 1
105 1 0.396667 0 1
105 1 0.396667 1 1
105 1 0.396667 0 1
105 1 0.396667 0 1
105 1 0.396667 1 1
105 1 0.396667 1 1
105 1 0.396667 0 1
105 1 0.396667 1 1
105 1 0.396667 1 1
105 1 0.396667 0 1
105 1 0.396667 1 1
105 1 0.396667 1 1
106 1 0.543333 1 1
106 1 0.543333 1 1
106 1 0.543333 1 1
106 1 0.543333 0 0
106 1 0.543333 0 0
106 1 0.543333 0 0
106 1 0.543333 0 0
106 1 0.543333 0 1
106 1 0.543333 1 0
106 1 0.543333 0 1
106 1 0.543333 0 0
106 1 0.543333 1 1
106 1 0.543333 1 1
106 1 0.543333 1 1
106 1 0.543333 0 0
106 1 0.543333 0 0
106 1 0.543333 0 1
106 1 0.543333 0 0
106 1 0.543333 1 1
106 1 0.543333 1 1
106 1 0.543333 1 1
106 1 0.543333 0 0
106 1 0.543333 0 0
106 1 0.543333 0 1
106 1 0.543333 0 1
106 1 0.543333 0 0
106 1 0.543333 1 1
106 1 0.543333 1 1
106 1 0.543333 0 0
106 1 0.543333 0 0
106 1 0.543333 1 1
106 1 0.543333 1 1
106 1 0.543333 0 0
106 1 0.543333 0 0
106 1 0.543333 1 0
106 1 0.543333 0 0
106 1 0.543333 1 0
106 1 0.543333 1 0
106 1 0.543333 1 1
106 1 0.543333 1 0
106 1 0.543333 0 0
106 1 0.543333 1 1
106 1 0.543333 0 0
106 1 0.543333 0 0
106 1 0.543333 1 1
106 1 0.543333 1 0
106 1 0.543333 0 0
106 1 0.543333 1 1
106 1 0.543333 1 0
106 1 0.543333 1 1
106 1 0.543333 0 0
106 1 0.543333 1 1
106 1 0.543333 0 0
106 1 0.543333 1 1
106 1 0.543333 0 1
107 1 0.69 1 1
107 1 0.69 0 1
107 1 0.69 0 0
107 1 0.69 0 0
107 1 0.69 0 0
107 1 0.69 0 0
107 1 0.69 0 0
107 1 0.69 0 0
107 1 0.69 1 1
107 1 0.69 0 1
107 1 0.69 1 1
107 1 0.69 0 0
107 1 0.69 0 0
107 1 0.69 0 0
107 1 0.69 0 0
107 1 0.69 0 1
107 1 0.69 1 1
107 1 0.69 1 1
107 1 0.69 0 0
107 1 0.69 0 0
107 1 0.69 0 0
107 1 0.69 0 1
107 1 0.69 1 1
107 1 0.69 0 0
107 1 0.69 0 0
107 1 0.69 1 0
107 1 0.69 0 0
107 1 0.69 1 1
107 1 0.69 0 1
107 1 0.69 0 1
107 1 0.69 0 0
107 1 0.69 1 1
107 1 0.69 0 1
107 1 0.69 1 1
107 1 0.69 1 1
107 1 0.69 1 1
107 1 0.69 1 0
107 1 0.69 0 0
107 1 0.69 1 0
107 1 0.69 1 1
107 1 0.69 1 1
107 1 0.69 1 1
107 1 0.69 0 1
107 1 0.69 0 0
107 1 0.69 0 0
107 1 0.69 0 0
107 1 0.69 1 0
107 1 0.69 0 0
107 1 0.69 1 1
107 1 0.69 1 0
107 1 0.69 0 0
107 1 0.69 1 1
107 1 0.69 0 1
107 1 0.69 1 1
107 1 0.69 1 0
108 1 0.836667 1 1
108 1 0.836667 0 0
108 1 0.836667 0 0
108 1 0.836667 0 0
108 1 0.836667 1 1
108 1 0.836667 1 1
108 1 0.836667 1 1
108 1 0.836667 1 1
108 1 0.836667 1 1
108 1 0.836667 0 0
108 1 0.836667 1 1
108 1 0.836667 0 0
108 1 0.836667 0 0
108 1 0.836667 0 0
108 1 0.836667 0 0
108 1 0.836667 1 1
108 1 0.836667 1 1
108 1 0.836667 0 0
108 1 0.836667 1 1
108 1 0.836667 0 0
108 1 0.836667 1 1
108 1 0.836667 0 0
108 1 0.836667 1 1
108 1 0.836667 0 0
108 1 0.836667 0 0
108 1 0.836667 1 1
108 1 0.836667 1 0
108 1 0.836667 1 1
108 1 0.836667 0 0
108 1 0.836667 1 1
108 1 0.836667 1 1
108 1 0.836667 1 1
108 1 0.836667 0 0
108 1 0.836667 0 0
108 1 0.836667 0 0
108 1 0.836667 0 0
108 1 0.836667 0 1
108 1 0.836667 1 1
108 1 0.836667 0 0
108 1 0.836667 0 0
108 1 0.836667 0 0
108 1 0.836667 1 1
108 1 0.836667 1 1
108 1 0.836667 0 0
108 1 0.836667 1 1
108 1 0.836667 0 0
108 1 0.836667 1 1
108 1 0.836667 1 1
108 1 0.836667 0 0
108 1 0.836667 1 1
108 1 0.836667 0 0
108 1 0.836667 1 1
108 1 0.836667 0 0
108 1 0.836667 1 1
108 1 0.836667 0 0
109 1 0.983333 0 0
109 1 0.983333 1 1
109 1 0.983333 1 1
109 1 0.983333 0 0
109 1 0.983333 0 0
109 1 0.983333 1 1
109 1 0.983333 1 1
109 1 0.983333 0 0
109 1 0.983333 1 1
109 1 0.983333 0 0
109 1 0.983333 1 1
109 1 0.983333 1 1
109 1 0.983333 1 1
109 1 0.983333 0 0
109 1 0.983333 0 0
109 1 0.983333 0 0
109 1 0.983333 1 1
109 1 0.983333 0 0
109 1 0.983333 0 1
109 1 0.983333 1 1
109 1 0.983333 1 1
109 1 0.983333 0 0
109 1 0.983333 1 1
109 1 0.983333 1 1
109 1 0.983333 1 1
109 1 0.983333 1 1
109 1 0.983333 1 1
109 1 0.983333 1 0
109 1 0.983333 0 0
109 1 0.983333 1 1
109 1 0.983333 1 1
109 1 0.983333 1 1
109 1 0.983333 0 0
109 1 0.983333 1 1
109 1 0.983333 0 0
109 1 0.983333 1 1
109 1 0.983333 1 1
109 1 0.983333 1 1
109 1 0.983333 1 1
109 1 0.983333 1 1
109 1 0.983333 1 1
109 1 0.983333 0 0
109 1 0.983333 0 0
109 1 0.983333 1 1
109 1 0.983333 1 1
109 1 0.983333 1 1
109 1 0.983333 1 1
109 1 0.983333 0 0
109 1 0.983333 1 1
109 1 0.983333 0 0
109 1 0.983333 0 0
109 1 0.983333 1 1
109 1 0.983333 0 0
109 1 0.983333 0 0
109 1 0.983333 0 0
110 1 1.13 1 1
110 1 1.13 0 0
110 1 1.13 0 0
110 1 1.13 1 1
110 1 1.13 0 0
110 1 1.13 1 1
110 1 1.13 0 0
110 1 1.13 0 0
110 1 1.13 0 0
110 1 1.13 0 0
110 1 1.13 0 0
110 1 1.13 1 1
110 1 1.13 0 0
110 1 1.13 0 0
110 1 1.13 0 0
110 1 1.13 1 1
110 1 1.13 1 1
110 1 1.13 1 1
110 1 1.13 0 0
110 1 1.13 0 0
110 1 1.13 0 0
110 1 1.13 1 1
110 1 1.13 0 0
110 1 1.13 1 1
110 1 1.13 0 0
110 1 1.13 1 1
110 1 1.13 1 1
110 1 1.13 0 0
110 1 1.13 0 0
110 1 1.13 0 0
110 1 1.13 0 0
110 1 1.13 0 0
110 1 1.13 0 0
110 1 1.13 1 1
110 1 1.13 0 0
110 1 1.13 1 1
110 1 1.13 1 1
110 1 1.13 0 0
110 1 1.13 1 1
110 1 1.13 1 1
110 1 1.13 1 1
110 1 1.13 0 0
110 1 1.13 1 1
110 1 1.13 1 1
110 1 1.13 0 0
110 1 1.13 0 0
110 1 1.13 0 0
110 1 1.13 0 0
110 1 1.13 1 1
110 1 1.13 1 1
110 1 1.13 0 0
110 1 1.13 0 0
110 1 1.13 1 1
110 1 1.13 1 1
110 1 1.13 1 1
111 1 1.27667 1 1
111 1 1.27667 1 1
111 1 1.27667 1 1
111 1 1.27667 1 1
111 1 1.27667 0 0
111 1 1.27667 1 1
111 1 1.27667 1 1
111 1 1.27667 1 1
111 1 1.27667 0 0
111 1 1.27667 1 1
111 1 1.27667 1 1
111 1 1.27667 0 0
111 1 1.27667 1 1
111 1 1.27667 0 0
111 1 1.27667 0 0
111 1 1.27667 0 0
111 1 1.27667 0 0
111 1 1.27667 1 1
111 1 1.27667 1 1
111 1 1.27667 1 1
111 1 1.27667 0 0
111 1 1.27667 0 0
111 1 1.27667 0 0
111 1 1.27667 0 0
111 1 1.27667 1 1
111 1 1.27667 0 0
111 1 1.27667 1 1
111 1 1.27667 1 1
111 1 1.27667 0 0
111 1 1.27667 0 0
111 1 1.27667 0 0
111 1 1.27667 1 1
111 1 1.27667 1 1
111 1 1.27667 0 0
111 1 1.27667 0 0
111 1 1.27667 1 1
111 1 1.27667 0 0
111 1 1.27667 1 1
111 1 1.27667 1 1
111 1 1.27667 1 1
111 1 1.27667 1 1
111 1 1.27667 0 0
111 1 1.27667 0 0
111 1 1.27667 0 0
111 1 1.27667 1 1
111 1 1.27667 1 1
111 1 1.27667 1 1
111 1 1.27667 0 0
111 1 1.27667 0 0
111 1 1.27667 1 1
111 1 1.27667 0 0
111 1 1.27667 1 1
111 1 1.27667 1 1
111 1 1.27667 1 1
111 1 1.27667 0 0
160 2 0.109333 1 1
160 2 0.109333 1 1
160 2 0.109333 0 1
160 2 0.109333 1 0
160 2 0.109333 1 0
160 2 0.109333 0 1
160 2 0.109333 0 1
160 2 0.109333 1 1
160 2 0.109333 1 0
160 2 0.109333 0 0
160 2 0.109333 1 1
160 2 0.109333 0 1
160 2 0.109333 0 1
160 2 0.109333 1 0
160 2 0.109333 1 0
160 2 0.109333 1 1
160 2 0.109333 1 1
160 2 0.109333 1 1
160 2 0.109333 0 0
160 2 0.109333 1 0
160 2 0.109333 0 1
160 2 0.109333 1 1
160 2 0.109333 1 1
160 2 0.109333 0 1
160 2 0.109333 0 0
160 2 0.109333 1 1
160 2 0.109333 1 1
160 2 0.109333 1 1
160 2 0.109333 1 1
160 2 0.109333 1 1
160 2 0.109333 1 1
160 2 0.109333 0 0
160 2 0.109333 1 1
160 2 0.109333 0 1
160 2 0.109333 0 1
160 2 0.109333 0 0
160 2 0.109333 1 1
160 2 0.109333 1 0
160 2 0.109333 0 0
160 2 0.109333 1 0
160 2 0.109333 1 0
160 2 0.109333 0 1
160 2 0.109333 1 1
160 2 0.109333 0 0
160 2 0.109333 1 1
160 2 0.109333 0 1
160 2 0.109333 1 0
160 2 0.109333 1 0
160 2 0.109333 0 1
160 2 0.109333 0 1
160 2 0.109333 1 1
160 2 0.109333 1 0
160 2 0.109333 1 0
160 2 0.109333 0 0
160 2 0.109333 1 0
161 2 0.308 0 0
161 2 0.308 1 0
161 2 0.308 1 1
161 2 0.308 0 0
161 2 0.308 1 1
161 2 0.308 0 1
161 2 0.308 1 0
161 2 0.308 1 1
161 2 0.308 1 1
161 2 0.308 1 1
161 2 0.308 0 0
161 2 0.308 1 1
161 2 0.308 0 0
161 2 0.308 1 1
161 2 0.308 1 1
161 2 0.308 1 0
161 2 0.308 1 0
161 2 0.308 1 0
161 2 0.308 0 1
161 2 0.308 1 0
161 2 0.308 0 0
161 2 0.308 1 1
161 2 0.308 1 0
161 2 0.308 0 1
161 2 0.308 1 1
161 2 0.308 1 1
161 2 0.308 0 0
161 2 0.308 1 1
161 2 0.308 0 1
161 2 0.308 0 0
161 2 0.308 1 1
161 2 0.308 1 1
161 2 0.308 0 1
161 2 0.308 1 0
161 2 0.308 0 0
161 2 0.308 0 0
161 2 0.308 0 1
161 2 0.308 0 1
161 2 0.308 0 0
161 2 0.308 1 1
161 2 0.308 1 0
161 2 0.308 0 0
161 2 0.308 0 1
161 2 0.308 1 1
161 2 0.308 1 0
161 2 0.308 0 1
161 2 0.308 1 0
161 2 0.308 0 0
161 2 0.308 1 0
161 2 0.308 0 1
161 2 0.308 1 1
161 2 0.308 0 1
161 2 0.308 1 1
161 2 0.308 1 1
161 2 0.308 1 0
162 2 0.506667 1 1
162 2 0.506667 0 0
162 2 0.506667 0 0
162 2 0.506667 0 0
162 2 0.506667 0 0
162 2 0.506667 1 0
162 2 0.506667 1 1
162 2 0.506667 0 1
162 2 0.506667 1 1
162 2 0.506667 0 1
162 2 0.506667 0 0
162 2 0.506667 1 0
162 2 0.506667 1 1
162 2 0.506667 1 1
162 2 0.506667 0 0
162 2 0.506667 1 1
162 2 0.506667 1 0
162 2 0.506667 0 0
162 2 0.506667 1 1
162 2 0.506667 0 0
162 2 0.506667 0 1
162 2 0.506667 1 1
162 2 0.506667 0 0
162 2 0.506667 0 1
162 2 0.506667 1 0
162 2 0.506667 1 1
162 2 0.506667 0 1
162 2 0.506667 1 1
162 2 0.506667 0 0
162 2 0.506667 1 1
162 2 0.506667 0 0
162 2 0.506667 1 0
162 2 0.506667 1 1
162 2 0.506667 0 0
162 2 0.506667 0 0
162 2 0.506667 1 0
162 2 0.506667 1 0
162 2 0.506667 0 1
162 2 0.506667 0 1
162 2 0.506667 0 0
162 2 0.506667 1 1
162 2 0.506667 0 1
162 2 0.506667 1 0
162 2 0.506667 0 0
162 2 0.506667 0 0
162 2 0.506667 1 1
162 2 0.506667 1 1
162 2 0.506667 0 1
162 2 0.506667 0 0
162 2 0.506667 0 0
162 2 0.506667 0 0
162 2 0.506667 0 0
162 2 0.506667 0 1
162 2 0.506667 1 1
162 2 0.506667 0 1
163 2 0.705333 1 1
163 2 0.705333 1 1
163 2 0.705333 0 0
163 2 0.705333 0 0
163 2 0.705333 1 0
163 2 0.705333 1 1
163 2 0.705333 1 1
163 2 0.705333 0 0
163 2 0.705333 0 0
163 2 0.705333 1 1
163 2 0.705333 1 0
163 2 0.705333 1 1
163 2 0.705333 1 1
163 2 0.705333 0 0
163 2 0.705333 1 1
163 2 0.705333 1 1
163 2 0.705333 0 0
163 2 0.705333 1 1
163 2 0.705333 1 1
163 2 0.705333 0 0
163 2 0.705333 1 1
163 2 0.705333 0 0
163 2 0.705333 1 0
163 2 0.705333 1 1
163 2 0.705333 0 1
163 2 0.705333 1 1
163 2 0.705333 0 0
163 2 0.705333 1 1
163 2 0.705333 1 0
163 2 0.705333 1 1
163 2 0.705333 1 1
163 2 0.705333 1 1
163 2 0.705333 1 0
163 2 0.705333 1 1
163 2 0.705333 0 0
163 2 0.705333 0 0
163 2 0.705333 0 0
163 2 0.705333 1 1
163 2 0.705333 0 1
163 2 0.705333 1 1
163 2 0.705333 1 0
163 2 0.705333 1 1
163 2 0.705333 1 1
163 2 0.705333 1 0
163 2 0.705333 1 0
163 2 0.705333 1 1
163 2 0.705333 1 1
163 2 0.705333 1 1
163 2 0.705333 1 1
163 2 0.705333 1 1
163 2 0.705333 1 0
163 2 0.705333 1 1
163 2 0.705333 0 1
163 2 0.705333 0 1
163 2 0.705333 0 0
164 2 0.904 1 1
164 2 0.904 1 1
164 2 0.904 1 1
164 2 0.904 1 1
164 2 0.904 1 1
164 2 0.904 0 0
164 2 0.904 1 1
164 2 0.904 1 1
164 2 0.904 1 1
164 2 0.904 0 0
164 2 0.904 0 0
164 2 0.904 1 1
164 2 0.904 0 0
164 2 0.904 0 0
164 2 0.904 1 1
164 2 0.904 0 0
164 2 0.904 0 0
164 2 0.904 0 0
164 2 0.904 1 1
164 2 0.904 1 1
164 2 0.904 1 0
164 2 0.904 0 0
164 2 0.904 0 1
164 2 0.904 1 1
164 2 0.904 0 0
164 2 0.904 1 0
164 2 0.904 0 0
164 2 0.904 0 0
164 2 0.904 1 1
164 2 0.904 0 0
164 2 0.904 0 0
164 2 0.904 0 1
164 2 0.904 0 0
164 2 0.904 0 0
164 2 0.904 0 0
164 2 0.904 1 1
164 2 0.904 0 0
164 2 0.904 0 0
164 2 0.904 0 0
164 2 0.904 1 0
164 2 0.904 1 1
164 2 0.904 1 0
164 2 0.904 0 0
164 2 0.904 1 1
164 2 0.904 0 0
164 2 0.904 1 1
164 2 0.904 0 1
164 2 0.904 1 1
164 2 0.904 1 1
164 2 0.904 1 1
164 2 0.904 1 1
164 2 0.904 1 1
164 2 0.904 0 0
164 2 0.904 0 1
164 2 0.904 1 1
165 2 1.10267 1 1
165 2 1.10267 1 1
165 2 1.10267 1 1
165 2 1.10267 0 0
165 2 1.10267 0 0
165 2 1.10267 0 0
165 2 1.10267 1 1
165 2 1.10267 1 1
165 2 1.10267 1 1
165 2 1.10267 1 1
165 2 1.10267 0 0
165 2 1.10267 1 1
165 2 1.10267 0 0
165 2 1.10267 0 0
165 2 1.10267 0 0
165 2 1.10267 0 0
165 2 1.10267 1 1
165 2 1.10267 0 0
165 2 1.10267 0 0
165 2 1.10267 0 0
165 2 1.10267 1 1
165 2 1.10267 0 0
165 2 1.10267 1 1
165 2 1.10267 1 1
165 2 1.10267 1 1
165 2 1.10267 0 0
165 2 1.10267 0 0
165 2 1.10267 0 0
165 2 1.10267 0 0
165 2 1.10267 1 1
165 2 1.10267 1 1
165 2 1.10267 1 1
165 2 1.10267 1 1
165 2 1.10267 0 0
165 2 1.10267 1 1
165 2 1.10267 0 0
165 2 1.10267 0 0
165 2 1.10267 0 0
165 2 1.10267 1 1
165 2 1.10267 0 0
165 2 1.10267 0 0
165 2 1.10267 0 0
165 2 1.10267 0 1
165 2 1.10267 1 1
165 2 1.10267 1 1
165 2 1.10267 0 0
165 2 1.10267 0 0
165 2 1.10267 0 0
165 2 1.10267 1 1
165 2 1.10267 1 1
165 2 1.10267 1 1
165 2 1.10267 0 0
165 2 1.10267 0 0
165 2 1.10267 1 1
165 2 1.10267 0 0
166 2 1.30133 0 0
166 2 1.30133 0 0
166 2 1.30133 0 0
166 2 1.30133 1 1
166 2 1.30133 1 1
166 2 1.30133 0 0
166 2 1.30133 0 0
166 2 1.30133 0 0
166 2 1.30133 0 0
166 2 1.30133 0 0
166 2 1.30133 0 0
166 2 1.30133 0 0
166 2 1.30133 0 0
166 2 1.30133 0 0
166 2 1.30133 0 0
166 2 1.30133 0 0
166 2 1.30133 1 1
166 2 1.30133 0 0
166 2 1.30133 0 0
166 2 1.30133 1 1
166 2 1.30133 0 0
166 2 1.30133 1 1
166 2 1.30133 1 1
166 2 1.30133 0 0
166 2 1.30133 0 0
166 2 1.30133 0 0
166 2 1.30133 0 0
166 2 1.30133 1 1
166 2 1.30133 0 0
166 2 1.30133 0 0
166 2 1.30133 0 0
166 2 1.30133 0 0
166 2 1.30133 0 0
166 2 1.30133 0 0
166 2 1.30133 0 0
166 2 1.30133 0 0
166 2 1.30133 0 0
166 2 1.30133 0 0
166 2 1.30133 1 1
166 2 1.30133 0 0
166 2 1.30133 1 1
166 2 1.30133 1 1
166 2 1.30133 1 1
166 2 1.30133 0 0
166 2 1.30133 0 0
166 2 1.30133 1 1
166 2 1.30133 1 1
166 2 1.30133 1 1
166 2 1.30133 0 0
166 2 1.30133 0 0
166 2 1.30133 0 0
166 2 1.30133 1 1
166 2 1.30133 1 1
166 2 1.30133 0 0
166 2 1.30133 0 0
167 2 1.5 0 0
167 2 1.5 1 1
167 2 1.5 0 0
167 2 1.5 0 0
167 2 1.5 1 1
167 2 1.5 1 1
167 2 1.5 0 0
167 2 1.5 0 0
167 2 1.5 1 1
167 2 1.5 1 1
167 2 1.5 0 0
167 2 1.5 1 1
167 2 1.5 1 1
167 2 1.5 1 1
167 2 1.5 0 0
167 2 1.5 1 1
167 2 1.5 0 0
167 2 1.5 0 0
167 2 1.5 1 1
167 2 1.5 0 0
167 2 1.5 0 0
167 2 1.5 1 1
167 2 1.5 0 0
167 2 1.5 1 1
167 2 1.5 0 0
167 2 1.5 0 0
167 2 1.5 1 1
167 2 1.5 0 0
167 2 1.5 1 1
167 2 1.5 0 0
167 2 1.5 0 0
167 2 1.5 1 1
167 2 1.5 0 0
167 2 1.5 0 0
167 2 1.5 0 0
167 2 1.5 0 0
167 2 1.5 0 0
167 2 1.5 0 0
167 2 1.5 0 0
167 2 1.5 1 1
167 2 1.5 1 1
167 2 1.5 1 1
167 2 1.5 0 0
167 2 1.5 0 0
167 2 1.5 1 1
167 2 1.5 0 0
167 2 1.5 0 0
167 2 1.5 1 1
167 2 1.5 1 1
167 2 1.5 0 0
167 2 1.5 1 1
167 2 1.5 0 0
167 2 1.5 0 0
167 2 1.5 0 0
167 2 1.5 0 0
184 2 0.1 1 1
184 2 0.1 0 1
184 2 0.1 0 0
184 2 0.1 1 0
184 2 0.1 0 1
184 2 0.1 1 0
184 2 0.1 1 0
184 2 0.1 0 1
184 2 0.1 1 0
184 2 0.1 0 1
184 2 0.1 0 1
184 2 0.1 0 1
184 2 0.1 0 0
184 2 0.1 1 0
184 2 0.1 0 1
184 2 0.1 0 0
184 2 0.1 0 0
184 2 0.1 0 0
184 2 0.1 1 0
184 2 0.1 1 0
184 2 0.1 1 1
184 2 0.1 0 1
184 2 0.1 1 1
184 2 0.1 0 0
184 2 0.1 1 1
184 2 0.1 0 0
184 2 0.1 1 0
184 2 0.1 1 0
184 2 0.1 1 0
184 2 0.1 0 1
184 2 0.1 1 1
184 2 0.1 1 1
184 2 0.1 1 1
184 2 0.1 0 0
184 2 0.1 1 0
184 2 0.1 0 1
184 2 0.1 1 1
184 2 0.1 0 1
184 2 0.1 0 0
184 2 0.1 0 1
184 2 0.1 0 1
184 2 0.1 0 0
184 2 0.1 0 0
184 2 0.1 0 1
184 2 0.1 1 1
184 2 0.1 1 1
184 2 0.1 1 0
184 2 0.1 0 0
184 2 0.1 1 1
184 2 0.1 0 0
184 2 0.1 0 1
184 2 0.1 1 0
184 2 0.1 0 1
184 2 0.1 0 0
184 2 0.1 0 0
185 2 0.253333 0 0
185 2 0.253333 1 1
185 2 0.253333 1 0
185 2 0.253333 1 1
185 2 0.253333 0 0
185 2 0.253333 1 0
185 2 0.253333 1 1
185 2 0.253333 0 0
185 2 0.253333 1 1
185 2 0.253333 1 1
185 2 0.253333 0 1
185 2 0.253333 1 1
185 2 0.253333 1 0
185 2 0.253333 1 0
185 2 0.253333 1 0
185 2 0.253333 1 1
185 2 0.253333 1 0
185 2 0.253333 1 1
185 2 0.253333 1 1
185 2 0.253333 1 0
185 2 0.253333 1 1
185 2 0.253333 1 1
185 2 0.253333 1 1
185 2 0.253333 0 0
185 2 0.253333 1 1
185 2 0.253333 0 1
185 2 0.253333 1 0
185 2 0.253333 0 1
185 2 0.253333 0 1
185 2 0.253333 0 1
185 2 0.253333 1 0
185 2 0.253333 1 1
185 2 0.253333 1 0
185 2 0.253333 1 1
185 2 0.253333 0 1
185 2 0.253333 1 1
185 2 0.253333 0 1
185 2 0.253333 0 1
185 2 0.253333 1 1
185 2 0.253333 0 1
185 2 0.253333 0 1
185 2 0.253333 0 0
185 2 0.253333 1 1
185 2 0.253333 1 1
185 2 0.253333 0 1
185 2 0.253333 1 1
185 2 0.253333 1 1
185 2 0.253333 0 1
185 2 0.253333 1 1
185 2 0.253333 1 1
185 2 0.253333 0 1
185 2 0.253333 0 1
185 2 0.253333 0 1
185 2 0.253333 0 1
185 2 0.253333 0 1
186 2 0.406667 0 1
186 2 0.406667 1 0
186 2 0.406667 1 0
186 2 0.406667 0 0
186 2 0.406667 0 0
186 2 0.406667 0 0
186 2 0.406667 0 1
186 2 0.406667 0 1
186 2 0.406667 1 1
186 2 0.406667 1 1
186 2 0.406667 1 0
186 2 0.406667 0 1
186 2 0.406667 0 1
186 2 0.406667 1 0
186 2 0.406667 0 1
186 2 0.406667 1 1
186 2 0.406667 0 1
186 2 0.406667 0 1
186 2 0.406667 1 0
186 2 0.406667 0 0
186 2 0.406667 1 1
186 2 0.406667 1 0
186 2 0.406667 1 0
186 2 0.406667 1 1
186 2 0.406667 0 1
186 2 0.406667 1 1
186 2 0.406667 1 1
186 2 0.406667 1 1
186 2 0.406667 0 1
186 2 0.406667 1 0
186 2 0.406667 1 1
186 2 0.406667 0 1
186 2 0.406667 0 1
186 2 0.406667 0 1
186 2 0.406667 0 1
186 2 0.406667 1 1
186 2 0.406667 1 0
186 2 0.406667 0 1
186 2 0.406667 0 1
186 2 0.406667 0 0
186 2 0.406667 1 0
186 2 0.406667 0 1
186 2 0.406667 0 1
186 2 0.406667 1 1
186 2 0.406667 0 1
186 2 0.406667 0 1
186 2 0.406667 1 1
186 2 0.406667 1 1
186 2 0.406667 0 1
186 2 0.406667 1 1
186 2 0.406667 1 1
186 2 0.406667 1 1
186 2 0.406667 1 1
186 2 0.406667 0 1
186 2 0.406667 1 0
187 2 0.56 0 0
187 2 0.56 0 1
187 2 0.56 0 0
187 2 0.56 1 1
187 2 0.56 0 0
187 2 0.56 0 0
187 2 0.56 1 0
187 2 0.56 0 0
187 2 0.56 0 0
187 2 0.56 1 0
187 2 0.56 0 1
187 2 0.56 0 0
187 2 0.56 0 0
187 2 0.56 0 1
187 2 0.56 1 0
187 2 0.56 0 0
187 2 0.56 1 1
187 2 0.56 0 0
187 2 0.56 1 1
187 2 0.56 1 1
187 2 0.56 0 1
187 2 0.56 1 0
187 2 0.56 1 0
187 2 0.56 0 1
187 2 0.56 1 1
187 2 0.56 1 1
187 2 0.56 0 0
187 2 0.56 0 0
187 2 0.56 0 0
187 2 0.56 0 0
187 2 0.56 0 1
187 2 0.56 1 1
187 2 0.56 1 1
187 2 0.56 1 0
187 2 0.56 0 0
187 2 0.56 1 1
187 2 0.56 0 0
187 2 0.56 1 1
187 2 0.56 0 0
187 2 0.56 0 0
187 2 0.56 0 0
187 2 0.56 0 1
187 2 0.56 1 0
187 2 0.56 1 0
187 2 0.56 0 0
187 2 0.56 1 1
187 2 0.56 1 1
187 2 0.56 0 0
187 2 0.56 1 1
187 2 0.56 0 0
187 2 0.56 0 1
187 2 0.56 0 0
187 2 0.56 1 0
187 2 0.56 0 0
187 2 0.56 0 0
188 2 0.713333 0 0
188 2 0.713333 1 1
188 2 0.713333 0 1
188 2 0.713333 0 0
188 2 0.713333 1 1
188 2 0.713333 0 0
188 2 0.713333 1 1
188 2 0.713333 0 0
188 2 0.713333 1 0
188 2 0.713333 1 1
188 2 0.713333 0 0
188 2 0.713333 0 1
188 2 0.713333 1 1
188 2 0.713333 1 1
188 2 0.713333 0 0
188 2 0.713333 0 0
188 2 0.713333 1 1
188 2 0.713333 1 0
188 2 0.713333 0 0
188 2 0.713333 1 1
188 2 0.713333 0 0
188 2 0.713333 0 0
188 2 0.713333 0 0
188 2 0.713333 1 1
188 2 0.713333 0 0
188 2 0.713333 0 1
188 2 0.713333 1 1
188 2 0.713333 0 0
188 2 0.713333 1 1
188 2 0.713333 0 0
188 2 0.713333 0 0
188 2 0.713333 0 0
188 2 0.713333 1 1
188 2 0.713333 0 0
188 2 0.713333 1 1
188 2 0.713333 0 0
188 2 0.713333 0 0
188 2 0.713333 0 0
188 2 0.713333 1 1
188 2 0.713333 0 0
188 2 0.713333 0 0
188 2 0.713333 1 1
188 2 0.713333 0 0
188 2 0.713333 0 0
188 2 0.713333 1 0
188 2 0.713333 1 1
188 2 0.713333 1 1
188 2 0.713333 1 0
188 2 0.713333 1 0
188 2 0.713333 1 1
188 2 0.713333 1 1
188 2 0.713333 1 1
188 2 0.713333 1 1
188 2 0.713333 0 0
188 2 0.713333 0 0
189 2 0.866667 0 0
189 2 0.866667 1 1
189 2 0.866667 1 1
189 2 0.866667 1 1
189 2 0.866667 1 1
189 2 0.866667 0 0
189 2 0.866667 0 0
189 2 0.866667 1 1
189 2 0.866667 1 1
189 2 0.866667 0 0
189 2 0.866667 0 0
189 2 0.866667 0 0
189 2 0.866667 1 1
189 2 0.866667 1 1
189 2 0.866667 1 1
189 2 0.866667 0 0
189 2 0.866667 0 1
189 2 0.866667 0 0
189 2 0.866667 1 1
189 2 0.866667 1 1
189 2 0.866667 0 0
189 2 0.866667 0 0
189 2 0.866667 0 0
189 2 0.866667 1 1
189 2 0.866667 1 1
189 2 0.866667 1 1
189 2 0.866667 0 0
189 2 0.866667 1 1
189 2 0.866667 0 0
189 2 0.866667 1 1
189 2 0.866667 0 0
189 2 0.866667 0 0
189 2 0.866667 1 1
189 2 0.866667 1 0
189 2 0.866667 0 0
189 2 0.866667 1 1
189 2 0.866667 1 1
189 2 0.866667 0 0
189 2 0.866667 0 1
189 2 0.866667 1 0
189 2 0.866667 1 0
189 2 0.866667 1 0
189 2 0.866667 1 1
189 2 0.866667 0 0
189 2 0.866667 0 0
189 2 0.866667 0 0
189 2 0.866667 1 1
189 2 0.866667 1 1
189 2 0.866667 1 1
189 2 0.866667 0 0
189 2 0.866667 1 1
189 2 0.866667 0 0
189 2 0.866667 0 0
189 2 0.866667 0 0
189 2 0.866667 1 1
190 2 1.02 0 0
190 2 1.02 1 1
190 2 1.02 1 1
190 2 1.02 0 0
190 2 1.02 0 0
190 2 1.02 0 0
190 2 1.02 0 0
190 2 1.02 0 0
190 2 1.02 0 0
190 2 1.02 1 1
190 2 1.02 0 0
190 2 1.02 1 1
190 2 1.02 1 1
190 2 1.02 1 1
190 2 1.02 0 0
190 2 1.02 0 0
190 2 1.02 1 1
190 2 1.02 1 1
190 2 1.02 1 1
190 2 1.02 0 0
190 2 1.02 0 0
190 2 1.02 1 1
190 2 1.02 0 0
190 2 1.02 1 1
190 2 1.02 0 0
190 2 1.02 1 1
190 2 1.02 1 1
190 2 1.02 0 0
190 2 1.02 0 0
190 2 1.02 0 0
190 2 1.02 0 0
190 2 1.02 0 0
190 2 1.02 1 1
190 2 1.02 0 0
190 2 1.02 1 1
190 2 1.02 0 0
190 2 1.02 1 1
190 2 1.02 0 0
190 2 1.02 1 1
190 2 1.02 0 0
190 2 1.02 0 0
190 2 1.02 0 1
190 2 1.02 0 0
190 2 1.02 0 0
190 2 1.02 0 0
190 2 1.02 1 1
190 2 1.02 0 0
190 2 1.02 1 1
190 2 1.02 1 1
190 2 1.02 1 1
190 2 1.02 0 0
190 2 1.02 1 1
190 2 1.02 0 0
190 2 1.02 1 1
190 2 1.02 0 0
191 2 1.17333 1 1
191 2 1.17333 0 0
191 2 1.17333 1 0
191 2 1.17333 1 1
191 2 1.17333 1 1
191 2 1.17333 1 0
191 2 1.17333 0 0
191 2 1.17333 0 0
191 2 1.17333 0 0
191 2 1.17333 1 1
191 2 1.17333 1 1
191 2 1.17333 0 0
191 2 1.17333 1 1
191 2 1.17333 1 1
191 2 1.17333 1 1
191 2 1.17333 1 1
191 2 1.17333 1 1
191 2 1.17333 1 1
191 2 1.17333 1 1
191 2 1.17333 0 0
191 2 1.17333 0 0
191 2 1.17333 0 0
191 2 1.17333 0 0
191 2 1.17333 1 1
191 2 1.17333 1 1
191 2 1.17333 1 1
191 2 1.17333 0 0
191 2 1.17333 1 1
191 2 1.17333 0 0
191 2 1.17333 0 0
191 2 1.17333 1 1
191 2 1.17333 0 0
191 2 1.17333 1 1
191 2 1.17333 1 1
191 2 1.17333 1 1
191 2 1.17333 1 1
191 2 1.17333 0 0
191 2 1.17333 0 0
191 2 1.17333 0 0
191 2 1.17333 0 0
191 2 1.17333 0 0
191 2 1.17333 1 1
191 2 1.17333 0 0
191 2 1.17333 1 1
191 2 1.17333 0 0
191 2 1.17333 1 1
191 2 1.17333 0 0
191 2 1.17333 0 0
191 2 1.17333 0 0
191 2 1.17333 1 1
191 2 1.17333 0 0
191 2 1.17333 0 0
191 2 1.17333 0 0
191 2 1.17333 0 0
191 2 1.17333 0 0
241 3 0.533333 0 0
241 3 0.533333 0 0
241 3 0.533333 1 0
241 3 0.533333 1 0
241 3 0.533333 0 1
241 3 0.533333 1 1
241 3 0.533333 0 0
241 3 0.533333 0 0
241 3 0.533333 1 1
241 3 0.533333 1 1
241 3 0.533333 0 0
241 3 0.533333 0 1
241 3 0.533333 1 1
241 3 0.533333 1 0
241 3 0.533333 1 1
241 3 0.533333 1 0
241 3 0.533333 0 0
241 3 0.533333 1 1
241 3 0.533333 1 1
241 3 0.533333 0 1
241 3 0.533333 1 1
241 3 0.533333 1 0
241 3 0.533333 0 1
241 3 0.533333 0 1
241 3 0.533333 1 0
241 3 0.533333 1 1
241 3 0.533333 0 1
241 3 0.533333 0 0
241 3 0.533333 0 0
241 3 0.533333 0 1
241 3 0.533333 1 1
241 3 0.533333 0 1
241 3 0.533333 1 0
241 3 0.533333 1 0
241 3 0.533333 0 0
241 3 0.533333 1 1
241 3 0.533333 0 0
241 3 0.533333 0 0
241 3 0.533333 1 0
241 3 0.533333 0 1
241 3 0.533333 0 0
241 3 0.533333 1 1
241 3 0.533333 1 1
241 3 0.533333 0 0
241 3 0.533333 1 0
241 3 0.533333 1 0
241 3 0.533333 1 1
241 3 0.533333 0 0
241 3 0.533333 0 0
241 3 0.533333 0 1
241 3 0.533333 1 0
241 3 0.533333 1 0
241 3 0.533333 1 0
241 3 0.533333 1 1
241 3 0.533333 0 0
242 3 0.8 0 0
242 3 0.8 0 0
242 3 0.8 0 1
242 3 0.8 1 1
242 3 0.8 0 1
242 3 0.8 0 0
242 3 0.8 1 0
242 3 0.8 1 0
242 3 0.8 1 0
242 3 0.8 1 1
242 3 0.8 0 0
242 3 0.8 0 0
242 3 0.8 1 1
242 3 0.8 1 1
242 3 0.8 0 0
242 3 0.8 0 1
242 3 0.8 1 1
242 3 0.8 0 0
242 3 0.8 1 1
242 3 0.8 1 1
242 3 0.8 0 0
242 3 0.8 0 0
242 3 0.8 1 1
242 3 0.8 0 0
242 3 0.8 0 0
242 3 0.8 0 1
242 3 0.8 0 0
242 3 0.8 1 1
242 3 0.8 1 1
242 3 0.8 0 0
242 3 0.8 1 1
242 3 0.8 1 1
242 3 0.8 1 0
242 3 0.8 0 1
242 3 0.8 0 0
242 3 0.8 0 0
242 3 0.8 1 1
242 3 0.8 1 0
242 3 0.8 1 1
242 3 0.8 0 0
242 3 0.8 0 1
242 3 0.8 1 0
242 3 0.8 0 0
242 3 0.8 0 0
242 3 0.8 1 1
242 3 0.8 1 0
242 3 0.8 1 0
242 3 0.8 1 1
242 3 0.8 1 0
242 3 0.8 1 1
242 3 0.8 0 0
242 3 0.8 0 0
242 3 0.8 1 1
242 3 0.8 1 0
242 3 0.8 1 0
243 3 1.06667 0 0
243 3 1.06667 1 1
243 3 1.06667 1 1
243 3 1.06667 0 0
243 3 1.06667 1 1
243 3 1.06667 0 0
243 3 1.06667 1 1
243 3 1.06667 0 0
243 3 1.06667 1 1
243 3 1.06667 1 1
243 3 1.06667 1 1
243 3 1.06667 1 1
243 3 1.06667 0 0
243 3 1.06667 1 1
243 3 1.06667 0 0
243 3 1.06667 1 1
243 3 1.06667 1 1
243 3 1.06667 1 1
243 3 1.06667 1 0
243 3 1.06667 0 0
243 3 1.06667 1 1
243 3 1.06667 1 1
243 3 1.06667 0 0
243 3 1.06667 1 1
243 3 1.06667 0 0
243 3 1.06667 1 1
243 3 1.06667 1 1
243 3 1.06667 1 1
243 3 1.06667 0 0
243 3 1.06667 1 1
243 3 1.06667 1 1
243 3 1.06667 1 0
243 3 1.06667 0 0
243 3 1.06667 1 1
243 3 1.06667 0 1
243 3 1.06667 0 0
243 3 1.06667 1 1
243 3 1.06667 1 1
243 3 1.06667 0 0
243 3 1.06667 0 0
243 3 1.06667 0 0
243 3 1.06667 1 1
243 3 1.06667 1 1
243 3 1.06667 1 0
243 3 1.06667 1 1
243 3 1.06667 1 1
243 3 1.06667 0 0
243 3 1.06667 0 0
243 3 1.06667 0 0
243 3 1.06667 1 1
243 3 1.06667 0 0
243 3 1.06667 0 1
243 3 1.06667 0 0
243 3 1.06667 1 1
243 3 1.06667 1 1
244 3 1.33333 1 1
244 3 1.33333 0 0
244 3 1.33333 1 1
244 3 1.33333 1 1
244 3 1.33333 1 1
244 3 1.33333 0 0
244 3 1.33333 1 1
244 3 1.33333 0 0
244 3 1.33333 1 1
244 3 1.33333 0 0
244 3 1.33333 0 1
244 3 1.33333 0 0
244 3 1.33333 0 0
244 3 1.33333 0 0
244 3 1.33333 0 0
244 3 1.33333 1 1
244 3 1.33333 1 1
244 3 1.33333 1 0
244 3 1.33333 1 1
244 3 1.33333 0 0
244 3 1.33333 1 1
244 3 1.33333 1 1
244 3 1.33333 1 1
244 3 1.33333 0 0
244 3 1.33333 0 0
244 3 1.33333 0 0
244 3 1.33333 0 0
244 3 1.33333 0 0
244 3 1.33333 0 0
244 3 1.33333 1 1
244 3 1.33333 0 0
244 3 1.33333 0 0
244 3 1.33333 1 1
244 3 1.33333 1 1
244 3 1.33333 1 1
244 3 1.33333 1 0
244 3 1.33333 0 0
244 3 1.33333 1 1
244 3 1.33333 0 0
244 3 1.33333 1 1
244 3 1.33333 0 0
244 3 1.33333 0 0
244 3 1.33333 0 0
244 3 1.33333 1 1
244 3 1.33333 0 0
244 3 1.33333 0 0
244 3 1.33333 1 1
244 3 1.33333 0 0
244 3 1.33333 1 1
244 3 1.33333 1 1
244 3 1.33333 1 1
244 3 1.33333 1 1
244 3 1.33333 1 1
244 3 1.33333 0 0
244 3 1.33333 0 0
245 3 1.6 1 1
245 3 1.6 1 1
245 3 1.6 0 0
245 3 1.6 0 0
245 3 1.6 1 1
245 3 1.6 0 0
245 3 1.6 1 1
245 3 1.6 0 0
245 3 1.6 0 0
245 3 1.6 1 1
245 3 1.6 0 0
245 3 1.6 1 1
245 3 1.6 0 0
245 3 1.6 0 0
245 3 1.6 1 1
245 3 1.6 0 0
245 3 1.6 0 0
245 3 1.6 1 1
245 3 1.6 0 0
245 3 1.6 1 1
245 3 1.6 1 1
245 3 1.6 1 1
245 3 1.6 0 0
245 3 1.6 1 1
245 3 1.6 0 0
245 3 1.6 1 1
245 3 1.6 1 1
245 3 1.6 1 1
245 3 1.6 0 0
245 3 1.6 1 1
245 3 1.6 1 1
245 3 1.6 1 1
245 3 1.6 1 1
245 3 1.6 0 0
245 3 1.6 0 0
245 3 1.6 1 1
245 3 1.6 1 1
245 3 1.6 0 0
245 3 1.6 1 1
245 3 1.6 1 1
245 3 1.6 1 1
245 3 1.6 1 1
245 3 1.6 1 1
245 3 1.6 0 0
245 3 1.6 0 0
245 3 1.6 1 1
245 3 1.6 1 1
245 3 1.6 1 1
245 3 1.6 0 0
245 3 1.6 1 1
245 3 1.6 0 0
245 3 1.6 1 1
245 3 1.6 1 1
245 3 1.6 1 1
245 3 1.6 1 1
246 3 1.86667 1 1
246 3 1.86667 1 1
246 3 1.86667 0 0
246 3 1.86667 0 0
246 3 1.86667 0 0
246 3 1.86667 1 1
246 3 1.86667 1 1
246 3 1.86667 0 0
246 3 1.86667 0 0
246 3 1.86667 1 1
246 3 1.86667 1 1
246 3 1.86667 1 1
246 3 1.86667 0 0
246 3 1.86667 0 0
246 3 1.86667 0 0
246 3 1.86667 0 0
246 3 1.86667 0 0
246 3 1.86667 1 1
246 3 1.86667 0 0
246 3 1.86667 1 1
246 3 1.86667 1 1
246 3 1.86667 1 1
246 3 1.86667 1 1
246 3 1.86667 1 1
246 3 1.86667 0 0
246 3 1.86667 1 1
246 3 1.86667 1 1
246 3 1.86667 1 1
246 3 1.86667 0 0
246 3 1.86667 0 0
246 3 1.86667 0 0
246 3 1.86667 0 0
246 3 1.86667 0 0
246 3 1.86667 0 0
246 3 1.86667 0 0
246 3 1.86667 0 0
246 3 1.86667 1 1
246 3 1.86667 1 1
246 3 1.86667 1 1
246 3 1.86667 1 1
246 3 1.86667 0 0
246 3 1.86667 1 1
246 3 1.86667 0 0
246 3 1.86667 0 0
246 3 1.86667 0 0
246 3 1.86667 1 1
246 3 1.86667 0 0
246 3 1.86667 0 0
246 3 1.86667 1 1
246 3 1.86667 0 0
246 3 1.86667 1 1
246 3 1.86667 0 0
246 3 1.86667 1 1
246 3 1.86667 0 0
246 3 1.86667 0 0
247 3 2.13333 1 1
247 3 2.13333 1 1
247 3 2.13333 0 0
247 3 2.13333 1 1
247 3 2.13333 0 0
247 3 2.13333 0 0
247 3 2.13333 1 1
247 3 2.13333 1 1
247 3 2.13333 0 0
247 3 2.13333 0 0
247 3 2.13333 0 0
247 3 2.13333 0 0
247 3 2.13333 0 0
247 3 2.13333 0 0
247 3 2.13333 0 0
247 3 2.13333 0 0
247 3 2.13333 0 0
247 3 2.13333 1 1
247 3 2.13333 0 0
247 3 2.13333 1 1
247 3 2.13333 1 1
247 3 2.13333 1 1
247 3 2.13333 1 1
247 3 2.13333 1 1
247 3 2.13333 0 0
247 3 2.13333 1 1
247 3 2.13333 1 1
247 3 2.13333 1 1
247 3 2.13333 1 1
247 3 2.13333 0 0
247 3 2.13333 1 1
247 3 2.13333 0 0
247 3 2.13333 0 0
247 3 2.13333 1 1
247 3 2.13333 1 1
247 3 2.13333 1 1
247 3 2.13333 1 1
247 3 2.13333 0 0
247 3 2.13333 0 0
247 3 2.13333 0 0
247 3 2.13333 0 0
247 3 2.13333 0 0
247 3 2.13333 0 0
247 3 2.13333 0 0
247 3 2.13333 1 1
247 3 2.13333 0 0
247 3 2.13333 1 1
247 3 2.13333 0 0
247 3 2.13333 1 1
247 3 2.13333 0 0
247 3 2.13333 1 1
247 3 2.13333 0 0
247 3 2.13333 1 1
247 3 2.13333 0 0
247 3 2.13333 1 1
248 3 2.4 0 0
248 3 2.4 0 0
248 3 2.4 0 0
248 3 2.4 0 0
248 3 2.4 0 0
248 3 2.4 1 1
248 3 2.4 1 1
248 3 2.4 1 1
248 3 2.4 0 0
248 3 2.4 1 1
248 3 2.4 0 0
248 3 2.4 1 1
248 3 2.4 0 0
248 3 2.4 0 0
248 3 2.4 0 0
248 3 2.4 1 1
248 3 2.4 0 0
248 3 2.4 1 1
248 3 2.4 0 0
248 3 2.4 0 0
248 3 2.4 1 1
248 3 2.4 1 1
248 3 2.4 0 0
248 3 2.4 0 0
248 3 2.4 0 0
248 3 2.4 0 0
248 3 2.4 0 0
248 3 2.4 1 1
248 3 2.4 1 1
248 3 2.4 1 1
248 3 2.4 1 1
248 3 2.4 1 1
248 3 2.4 0 0
248 3 2.4 1 1
248 3 2.4 0 0
248 3 2.4 1 1
248 3 2.4 1 1
248 3 2.4 1 1
248 3 2.4 0 0
248 3 2.4 1 1
248 3 2.4 1 1
248 3 2.4 1 1
248 3 2.4 1 1
248 3 2.4 0 0
248 3 2.4 0 0
248 3 2.4 1 1
248 3 2.4 0 0
248 3 2.4 0 0
248 3 2.4 1 1
248 3 2.4 0 0
248 3 2.4 1 1
248 3 2.4 0 0
248 3 2.4 0 0
248 3 2.4 0 0
248 3 2.4 1 1
273 3 0.3 1 1
273 3 0.3 0 0
273 3 0.3 1 1
273 3 0.3 0 0
273 3 0.3 0 0
273 3 0.3 0 0
273 3 0.3 1 1
273 3 0.3 1 0
273 3 0.3 0 1
273 3 0.3 0 1
273 3 0.3 0 0
273 3 0.3 0 1
273 3 0.3 1 1
273 3 0.3 1 0
273 3 0.3 0 1
273 3 0.3 0 1
273 3 0.3 0 0
273 3 0.3 0 0
273 3 0.3 1 1
273 3 0.3 1 1
273 3 0.3 0 0
273 3 0.3 1 0
273 3 0.3 1 1
273 3 0.3 0 0
273 3 0.3 1 1
273 3 0.3 0 0
273 3 0.3 1 1
273 3 0.3 1 0
273 3 0.3 1 1
273 3 0.3 0 0
273 3 0.3 0 1
273 3 0.3 0 0
273 3 0.3 1 0
273 3 0.3 0 0
273 3 0.3 1 1
273 3 0.3 0 0
273 3 0.3 0 0
273 3 0.3 1 1
273 3 0.3 0 1
273 3 0.3 1 0
273 3 0.3 1 0
273 3 0.3 1 1
273 3 0.3 1 1
273 3 0.3 1 0
273 3 0.3 1 1
273 3 0.3 1 1
273 3 0.3 0 0
273 3 0.3 0 1
273 3 0.3 0 0
273 3 0.3 1 1
273 3 0.3 1 1
273 3 0.3 0 0
273 3 0.3 1 0
273 3 0.3 0 0
273 3 0.3 1 0
274 3 0.526667 1 0
274 3 0.526667 1 1
274 3 0.526667 0 0
274 3 0.526667 1 0
274 3 0.526667 1 0
274 3 0.526667 0 1
274 3 0.526667 0 1
274 3 0.526667 1 0
274 3 0.526667 1 0
274 3 0.526667 0 0
274 3 0.526667 0 0
274 3 0.526667 0 0
274 3 0.526667 1 1
274 3 0.526667 1 0
274 3 0.526667 1 1
274 3 0.526667 1 1
274 3 0.526667 0 0
274 3 0.526667 1 0
274 3 0.526667 1 1
274 3 0.526667 1 1
274 3 0.526667 1 1
274 3 0.526667 1 0
274 3 0.526667 0 0
274 3 0.526667 0 1
274 3 0.526667 0 1
274 3 0.526667 1 0
274 3 0.526667 0 1
274 3 0.526667 1 1
274 3 0.526667 1 0
274 3 0.526667 1 1
274 3 0.526667 1 0
274 3 0.526667 1 0
274 3 0.526667 0 1
274 3 0.526667 0 0
274 3 0.526667 1 1
274 3 0.526667 0 1
274 3 0.526667 0 1
274 3 0.526667 1 0
274 3 0.526667 1 0
274 3 0.526667 1 1
274 3 0.526667 0 0
274 3 0.526667 0 0
274 3 0.526667 0 0
274 3 0.526667 1 0
274 3 0.526667 0 1
274 3 0.526667 1 1
274 3 0.526667 0 0
274 3 0.526667 0 0
274 3 0.526667 0 1
274 3 0.526667 1 0
274 3 0.526667 1 1
274 3 0.526667 0 1
274 3 0.526667 0 1
274 3 0.526667 0 0
274 3 0.526667 1 0
275 3 0.753333 0 0
275 3 0.753333 0 0
275 3 0.753333 1 0
275 3 0.753333 0 0
275 3 0.753333 1 1
275 3 0.753333 0 1
275 3 0.753333 1 0
275 3 0.753333 0 0
275 3 0.753333 1 1
275 3 0.753333 0 0
275 3 0.753333 0 1
275 3 0.753333 1 1
275 3 0.753333 0 0
275 3 0.753333 1 1
275 3 0.753333 0 0
275 3 0.753333 0 0
275 3 0.753333 1 1
275 3 0.753333 0 0
275 3 0.753333 1 1
275 3 0.753333 1 0
275 3 0.753333 1 1
275 3 0.753333 1 1
275 3 0.753333 1 0
275 3 0.753333 0 0
275 3 0.753333 1 1
275 3 0.753333 1 0
275 3 0.753333 1 1
275 3 0.753333 1 1
275 3 0.753333 0 1
275 3 0.753333 1 1
275 3 0.753333 0 1
275 3 0.753333 1 0
275 3 0.753333 0 0
275 3 0.753333 1 0
275 3 0.753333 1 0
275 3 0.753333 0 0
275 3 0.753333 0 0
275 3 0.753333 0 1
275 3 0.753333 1 1
275 3 0.753333 1 1
275 3 0.753333 0 1
275 3 0.753333 1 1
275 3 0.753333 0 0
275 3 0.753333 0 0
275 3 0.753333 0 1
275 3 0.753333 0 0
275 3 0.753333 1 1
275 3 0.753333 0 0
275 3 0.753333 1 1
275 3 0.753333 1 1
275 3 0.753333 0 0
275 3 0.753333 0 1
275 3 0.753333 1 1
275 3 0.753333 1 0
275 3 0.753333 0 1
276 3 0.98 1 0
276 3 0.98 0 0
276 3 0.98 0 0
276 3 0.98 0 1
276 3 0.98 0 0
276 3 0.98 1 0
276 3 0.98 0 1
276 3 0.98 1 0
276 3 0.98 1 0
276 3 0.98 0 0
276 3 0.98 1 0
276 3 0.98 1 0
276 3 0.98 1 1
276 3 0.98 1 0
276 3 0.98 1 0
276 3 0.98 1 1
276 3 0.98 1 1
276 3 0.98 1 0
276 3 0.98 1 0
276 3 0.98 0 0
276 3 0.98 0 1
276 3 0.98 1 1
276 3 0.98 1 0
276 3 0.98 0 0
276 3 0.98 0 0
276 3 0.98 0 0
276 3 0.98 1 1
276 3 0.98 1 0
276 3 0.98 0 0
276 3 0.98 0 1
276 3 0.98 1 0
276 3 0.98 0 0
276 3 0.98 0 0
276 3 0.98 0 1
276 3 0.98 1 1
276 3 0.98 0 0
276 3 0.98 1 1
276 3 0.98 1 0
276 3 0.98 1 0
276 3 0.98 0 0
276 3 0.98 0 0
276 3 0.98 0 0
276 3 0.98 1 0
276 3 0.98 0 1
276 3 0.98 0 0
276 3 0.98 0 0
276 3 0.98 0 1
276 3 0.98 0 1
276 3 0.98 0 0
276 3 0.98 0 0
276 3 0.98 0 0
276 3 0.98 0 1
276 3 0.98 1 0
276 3 0.98 0 1
276 3 0.98 0 0
277 3 1.20667 0 1
277 3 1.20667 1 1
277 3 1.20667 0 0
277 3 1.20667 0 0
277 3 1.20667 1 0
277 3 1.20667 0 0
277 3 1.20667 1 1
277 3 1.20667 1 0
277 3 1.20667 1 1
277 3 1.20667 0 0
277 3 1.20667 0 1
277 3 1.20667 0 0
277 3 1.20667 1 0
277 3 1.20667 1 1
277 3 1.20667 1 1
277 3 1.20667 1 0
277 3 1.20667 1 1
277 3 1.20667 0 0
277 3 1.20667 1 1
277 3 1.20667 1 1
277 3 1.20667 1 0
277 3 1.20667 0 1
277 3 1.20667 1 1
277 3 1.20667 0 0
277 3 1.20667 0 0
277 3 1.20667 1 1
277 3 1.20667 1 0
277 3 1.20667 0 1
277 3 1.20667 0 0
277 3 1.20667 1 1
277 3 1.20667 1 1
277 3 1.20667 0 1
277 3 1.20667 1 0
277 3 1.20667 0 1
277 3 1.20667 1 1
277 3 1.20667 0 0
277 3 1.20667 1 1
277 3 1.20667 1 1
277 3 1.20667 1 1
277 3 1.20667 1 0
277 3 1.20667 0 0
277 3 1.20667 0 1
277 3 1.20667 1 1
277 3 1.20667 1 1
277 3 1.20667 1 1
277 3 1.20667 1 1
277 3 1.20667 0 0
277 3 1.20667 1 1
277 3 1.20667 0 0
277 3 1.20667 0 0
277 3 1.20667 0 0
277 3 1.20667 1 1
277 3 1.20667 0 1
277 3 1.20667 1 0
277 3 1.20667 1 1
278 3 1.43333 0 0
278 3 1.43333 0 0
278 3 1.43333 0 0
278 3 1.43333 1 1
278 3 1.43333 1 1
278 3 1.43333 0 0
278 3 1.43333 0 0
278 3 1.43333 1 1
278 3 1.43333 1 0
278 3 1.43333 0 1
278 3 1.43333 0 0
278 3 1.43333 0 0
278 3 1.43333 0 0
278 3 1.43333 1 1
278 3 1.43333 0 0
278 3 1.43333 0 0
278 3 1.43333 0 0
278 3 1.43333 0 1
278 3 1.43333 1 1
278 3 1.43333 0 0
278 3 1.43333 0 0
278 3 1.43333 1 1
278 3 1.43333 0 0
278 3 1.43333 0 0
278 3 1.43333 0 0
278 3 1.43333 1 1
278 3 1.43333 0 0
278 3 1.43333 0 0
278 3 1.43333 0 0
278 3 1.43333 0 0
278 3 1.43333 0 0
278 3 1.43333 1 1
278 3 1.43333 1 1
278 3 1.43333 1 1
278 3 1.43333 1 1
278 3 1.43333 1 1
278 3 1.43333 0 1
278 3 1.43333 0 0
278 3 1.43333 0 0
278 3 1.43333 0 0
278 3 1.43333 0 0
278 3 1.43333 1 1
278 3 1.43333 0 0
278 3 1.43333 0 0
278 3 1.43333 1 0
278 3 1.43333 0 0
278 3 1.43333 1 1
278 3 1.43333 0 0
278 3 1.43333 1 1
278 3 1.43333 0 0
278 3 1.43333 1 1
278 3 1.43333 1 1
278 3 1.43333 1 1
278 3 1.43333 0 0
278 3 1.43333 1 1
279 3 1.66 1 1
279 3 1.66 0 0
279 3 1.66 0 0
279 3 1.66 0 0
279 3 1.66 1 1
279 3 1.66 1 1
279 3 1.66 0 0
279 3 1.66 0 0
279 3 1.66 1 1
279 3 1.66 0 0
279 3 1.66 0 0
279 3 1.66 0 0
279 3 1.66 0 0
279 3 1.66 0 0
279 3 1.66 0 0
279 3 1.66 1 1
279 3 1.66 1 1
279 3 1.66 0 0
279 3 1.66 1 1
279 3 1.66 1 1
279 3 1.66 0 0
279 3 1.66 1 1
279 3 1.66 1 1
279 3 1.66 1 1
279 3 1.66 1 1
279 3 1.66 1 1
279 3 1.66 1 1
279 3 1.66 0 0
279 3 1.66 1 0
279 3 1.66 0 0
279 3 1.66 0 0
279 3 1.66 0 0
279 3 1.66 1 1
279 3 1.66 0 0
279 3 1.66 1 1
279 3 1.66 0 0
279 3 1.66 1 1
279 3 1.66 0 0
279 3 1.66 0 0
279 3 1.66 1 1
279 3 1.66 1 1
279 3 1.66 0 0
279 3 1.66 1 1
279 3 1.66 1 1
279 3 1.66 1 1
279 3 1.66 1 1
279 3 1.66 0 0
279 3 1.66 1 1
279 3 1.66 1 0
279 3 1.66 1 1
279 3 1.66 0 0
279 3 1.66 0 0
279 3 1.66 0 0
279 3 1.66 1 1
279 3 1.66 1 1
280 3 1.88667 0 0
280 3 1.88667 1 1
280 3 1.88667 0 0
280 3 1.88667 0 0
280 3 1.88667 0 0
280 3 1.88667 0 0
280 3 1.88667 0 0
280 3 1.88667 1 1
280 3 1.88667 0 0
280 3 1.88667 0 0
280 3 1.88667 1 1
280 3 1.88667 0 0
280 3 1.88667 0 0
280 3 1.88667 0 0
280 3 1.88667 1 1
280 3 1.88667 1 1
280 3 1.88667 0 0
280 3 1.88667 0 0
280 3 1.88667 0 0
280 3 1.88667 0 0
280 3 1.88667 1 1
280 3 1.88667 1 1
280 3 1.88667 1 1
280 3 1.88667 0 0
280 3 1.88667 1 1
280 3 1.88667 1 1
280 3 1.88667 0 0
280 3 1.88667 1 1
280 3 1.88667 1 1
280 3 1.88667 1 1
280 3 1.88667 0 0
280 3 1.88667 1 1
280 3 1.88667 0 0
280 3 1.88667 1 1
280 3 1.88667 1 1
280 3 1.88667 0 0
280 3 1.88667 1 1
280 3 1.88667 0 0
280 3 1.88667 0 0
280 3 1.88667 0 0
280 3 1.88667 1 1
280 3 1.88667 1 1
280 3 1.88667 0 0
280 3 1.88667 1 1
280 3 1.88667 0 0
280 3 1.88667 1 1
280 3 1.88667 0 0
280 3 1.88667 1 1
280 3 1.88667 1 1
280 3 1.88667 0 0
280 3 1.88667 1 1
280 3 1.88667 0 0
280 3 1.88667 1 1
280 3 1.88667 1 1
280 3 1.88667 0 0
305 3 0.413333 0 0
305 3 0.413333 1 0
305 3 0.413333 1 0
305 3 0.413333 1 0
305 3 0.413333 0 1
305 3 0.413333 0 0
305 3 0.413333 0 1
305 3 0.413333 1 1
305 3 0.413333 1 1
305 3 0.413333 1 1
305 3 0.413333 0 0
305 3 0.413333 1 1
305 3 0.413333 0 0
305 3 0.413333 0 0
305 3 0.413333 0 1
305 3 0.413333 0 0
305 3 0.413333 0 0
305 3 0.413333 0 0
305 3 0.413333 0 1
305 3 0.413333 0 1
305 3 0.413333 0 0
305 3 0.413333 0 0
305 3 0.413333 0 0
305 3 0.413333 1 1
305 3 0.413333 1 0
305 3 0.413333 0 1
305 3 0.413333 1 0
305 3 0.413333 0 0
305 3 0.413333 0 0
305 3 0.413333 1 1
305 3 0.413333 0 1
305 3 0.413333 0 0
305 3 0.413333 0 1
305 3 0.413333 0 0
305 3 0.413333 0 1
305 3 0.413333 1 1
305 3 0.413333 0 0
305 3 0.413333 1 0
305 3 0.413333 1 1
305 3 0.413333 0 1
305 3 0.413333 1 0
305 3 0.413333 0 1
305 3 0.413333 0 1
305 3 0.413333 0 1
305 3 0.413333 0 0
305 3 0.413333 0 1
305 3 0.413333 0 1
305 3 0.413333 0 0
305 3 0.413333 1 0
305 3 0.413333 1 0
305 3 0.413333 1 1
305 3 0.413333 1 0
305 3 0.413333 1 0
305 3 0.413333 1 0
305 3 0.413333 0 1
306 3 0.64 0 0
306 3 0.64 1 1
306 3 0.64 0 0
306 3 0.64 1 1
306 3 0.64 1 1
306 3 0.64 1 0
306 3 0.64 0 1
306 3 0.64 0 0
306 3 0.64 0 0
306 3 0.64 1 0
306 3 0.64 1 1
306 3 0.64 1 1
306 3 0.64 1 0
306 3 0.64 0 1
306 3 0.64 1 0
306 3 0.64 0 1
306 3 0.64 1 0
306 3 0.64 0 0
306 3 0.64 0 0
306 3 0.64 0 1
306 3 0.64 1 0
306 3 0.64 0 1
306 3 0.64 0 0
306 3 0.64 0 0
306 3 0.64 1 1
306 3 0.64 0 0
306 3 0.64 1 1
306 3 0.64 1 0
306 3 0.64 1 1
306 3 0.64 0 0
306 3 0.64 0 0
306 3 0.64 0 1
306 3 0.64 0 1
306 3 0.64 1 1
306 3 0.64 1 0
306 3 0.64 1 0
306 3 0.64 1 1
306 3 0.64 0 0
306 3 0.64 1 1
306 3 0.64 0 0
306 3 0.64 0 0
306 3 0.64 0 0
306 3 0.64 1 0
306 3 0.64 0 1
306 3 0.64 0 1
306 3 0.64 0 1
306 3 0.64 0 0
306 3 0.64 1 1
306 3 0.64 1 0
306 3 0.64 0 1
306 3 0.64 0 0
306 3 0.64 0 0
306 3 0.64 1 1
306 3 0.64 1 0
306 3 0.64 1 1
307 3 0.866667 1 1
307 3 0.866667 1 1
307 3 0.866667 1 0
307 3 0.866667 0 1
307 3 0.866667 1 1
307 3 0.866667 1 1
307 3 0.866667 0 0
307 3 0.866667 0 1
307 3 0.866667 1 0
307 3 0.866667 1 0
307 3 0.866667 0 0
307 3 0.866667 1 1
307 3 0.866667 0 0
307 3 0.866667 0 0
307 3 0.866667 1 1
307 3 0.866667 1 0
307 3 0.866667 1 1
307 3 0.866667 1 1
307 3 0.866667 1 0
307 3 0.866667 0 1
307 3 0.866667 1 1
307 3 0.866667 0 0
307 3 0.866667 1 1
307 3 0.866667 1 1
307 3 0.866667 0 0
307 3 0.866667 0 0
307 3 0.866667 1 1
307 3 0.866667 1 1
307 3 0.866667 1 0
307 3 0.866667 1 1
307 3 0.866667 1 0
307 3 0.866667 1 1
307 3 0.866667 0 1
307 3 0.866667 1 1
307 3 0.866667 0 0
307 3 0.866667 0 1
307 3 0.866667 0 0
307 3 0.866667 1 1
307 3 0.866667 1 1
307 3 0.866667 0 0
307 3 0.866667 1 1
307 3 0.866667 1 0
307 3 0.866667 0 1
307 3 0.866667 1 0
307 3 0.866667 0 0
307 3 0.866667 1 1
307 3 0.866667 0 0
307 3 0.866667 1 1
307 3 0.866667 1 1
307 3 0.866667 0 0
307 3 0.866667 0 0
307 3 0.866667 1 1
307 3 0.866667 1 1
307 3 0.866667 0 1
307 3 0.866667 1 1
308 3 1.09333 1 0
308 3 1.09333 0 0
308 3 1.09333 0 0
308 3 1.09333 0 0
308 3 1.09333 0 0
308 3 1.09333 0 0
308 3 1.09333 0 0
308 3 1.09333 0 0
308 3 1.09333 1 1
308 3 1.09333 1 1
308 3 1.09333 0 0
308 3 1.09333 0 0
308 3 1.09333 0 0
308 3 1.09333 0 0
308 3 1.09333 0 0
308 3 1.09333 0 0
308 3 1.09333 0 0
308 3 1.09333 0 0
308 3 1.09333 0 0
308 3 1.09333 1 1
308 3 1.09333 0 0
308 3 1.09333 0 1
308 3 1.09333 1 0
308 3 1.09333 0 0
308 3 1.09333 1 1
308 3 1.09333 1 0
308 3 1.09333 0 0
308 3 1.09333 0 0
308 3 1.09333 0 0
308 3 1.09333 0 0
308 3 1.09333 1 1
308 3 1.09333 0 0
308 3 1.09333 0 0
308 3 1.09333 0 0
308 3 1.09333 0 1
308 3 1.09333 0 0
308 3 1.09333 0 0
308 3 1.09333 0 1
308 3 1.09333 0 0
308 3 1.09333 0 0
308 3 1.09333 0 1
308 3 1.09333 1 1
308 3 1.09333 0 0
308 3 1.09333 1 1
308 3 1.09333 1 1
308 3 1.09333 1 0
308 3 1.09333 0 0
308 3 1.09333 0 1
308 3 1.09333 1 0
308 3 1.09333 1 1
308 3 1.09333 1 0
308 3 1.09333 0 0
308 3 1.09333 0 0
308 3 1.09333 0 0
308 3 1.09333 1 0
309 3 1.32 1 1
309 3 1.32 0 0
309 3 1.32 0 0
309 3 1.32 0 0
309 3 1.32 0 0
309 3 1.32 1 1
309 3 1.32 1 1
309 3 1.32 0 0
309 3 1.32 1 1
309 3 1.32 0 0
309 3 1.32 0 0
309 3 1.32 1 1
309 3 1.32 1 1
309 3 1.32 1 1
309 3 1.32 0 0
309 3 1.32 1 0
309 3 1.32 1 1
309 3 1.32 0 0
309 3 1.32 1 1
309 3 1.32 0 0
309 3 1.32 0 0
309 3 1.32 1 1
309 3 1.32 0 0
309 3 1.32 0 0
309 3 1.32 1 1
309 3 1.32 1 1
309 3 1.32 0 0
309 3 1.32 1 1
309 3 1.32 0 0
309 3 1.32 1 1
309 3 1.32 0 0
309 3 1.32 1 1
309 3 1.32 1 1
309 3 1.32 1 1
309 3 1.32 0 0
309 3 1.32 0 0
309 3 1.32 1 1
309 3 1.32 0 0
309 3 1.32 1 1
309 3 1.32 0 0
309 3 1.32 0 0
309 3 1.32 0 0
309 3 1.32 1 1
309 3 1.32 0 0
309 3 1.32 1 1
309 3 1.32 0 0
309 3 1.32 0 0
309 3 1.32 1 1
309 3 1.32 1 1
309 3 1.32 1 1
309 3 1.32 0 0
309 3 1.32 0 1
309 3 1.32 0 0
309 3 1.32 0 0
309 3 1.32 0 0
310 3 1.54667 1 1
310 3 1.54667 1 1
310 3 1.54667 1 1
310 3 1.54667 0 0
310 3 1.54667 1 1
310 3 1.54667 0 0
310 3 1.54667 1 1
310 3 1.54667 1 1
310 3 1.54667 1 1
310 3 1.54667 1 1
310 3 1.54667 1 1
310 3 1.54667 0 0
310 3 1.54667 0 0
310 3 1.54667 1 1
310 3 1.54667 0 0
310 3 1.54667 0 0
310 3 1.54667 1 1
310 3 1.54667 1 1
310 3 1.54667 0 0
310 3 1.54667 0 0
310 3 1.54667 1 1
310 3 1.54667 1 1
310 3 1.54667 0 0
310 3 1.54667 1 1
310 3 1.54667 1 1
310 3 1.54667 0 0
310 3 1.54667 1 1
310 3 1.54667 0 0
310 3 1.54667 0 0
310 3 1.54667 1 1
310 3 1.54667 0 0
310 3 1.54667 1 1
310 3 1.54667 0 0
310 3 1.54667 1 1
310 3 1.54667 0 0
310 3 1.54667 0 0
310 3 1.54667 1 1
310 3 1.54667 0 0
310 3 1.54667 0 0
310 3 1.54667 0 0
310 3 1.54667 1 1
310 3 1.54667 0 0
310 3 1.54667 0 0
310 3 1.54667 0 0
310 3 1.54667 0 0
310 3 1.54667 0 0
310 3 1.54667 1 1
310 3 1.54667 1 1
310 3 1.54667 0 0
310 3 1.54667 0 0
310 3 1.54667 1 1
310 3 1.54667 0 0
310 3 1.54667 0 0
310 3 1.54667 1 1
310 3 1.54667 0 0
311 3 1.77333 1 1
311 3 1.77333 0 0
311 3 1.77333 0 0
311 3 1.77333 1 1
311 3 1.77333 1 1
311 3 1.77333 1 1
311 3 1.77333 1 1
311 3 1.77333 1 1
311 3 1.77333 0 0
311 3 1.77333 1 1
311 3 1.77333 1 1
311 3 1.77333 1 1
311 3 1.77333 0 0
311 3 1.77333 0 0
311 3 1.77333 1 1
311 3 1.77333 0 0
311 3 1.77333 0 0
311 3 1.77333 1 1
311 3 1.77333 0 0
311 3 1.77333 0 0
311 3 1.77333 0 0
311 3 1.77333 1 1
311 3 1.77333 1 1
311 3 1.77333 1 1
311 3 1.77333 0 0
311 3 1.77333 0 0
311 3 1.77333 1 1
311 3 1.77333 0 0
311 3 1.77333 1 1
311 3 1.77333 0 0
311 3 1.77333 0 0
311 3 1.77333 1 1
311 3 1.77333 0 0
311 3 1.77333 0 0
311 3 1.77333 0 0
311 3 1.77333 0 0
311 3 1.77333 0 0
311 3 1.77333 0 0
311 3 1.77333 1 1
311 3 1.77333 0 0
311 3 1.77333 0 0
311 3 1.77333 0 0
311 3 1.77333 1 1
311 3 1.77333 1 1
311 3 1.77333 0 0
311 3 1.77333 1 1
311 3 1.77333 0 0
311 3 1.77333 0 0
311 3 1.77333 1 1
311 3 1.77333 1 1
311 3 1.77333 1 1
311 3 1.77333 1 1
311 3 1.77333 1 1
311 3 1.77333 0 0
311 3 1.77333 0 0
312 3 2 1 1
312 3 2 1 1
312 3 2 1 1
312 3 2 0 0
312 3 2 1 1
312 3 2 0 0
312 3 2 0 0
312 3 2 0 0
312 3 2 1 1
312 3 2 0 0
312 3 2 0 0
312 3 2 0 0
312 3 2 0 0
312 3 2 1 1
312 3 2 0 0
312 3 2 0 0
312 3 2 0 0
312 3 2 1 1
312 3 2 1 1
312 3 2 0 0
312 3 2 0 0
312 3 2 0 0
312 3 2 0 0
312 3 2 1 1
312 3 2 0 0
312 3 2 0 0
312 3 2 0 0
312 3 2 1 1
312 3 2 1 1
312 3 2 1 1
312 3 2 0 0
312 3 2 1 1
312 3 2 1 1
312 3 2 1 1
312 3 2 0 0
312 3 2 0 0
312 3 2 1 1
312 3 2 1 1
312 3 2 0 0
312 3 2 0 0
312 3 2 1 1
312 3 2 0 0
312 3 2 1 1
312 3 2 0 0
312 3 2 1 1
312 3 2 0 0
312 3 2 1 1
312 3 2 1 1
312 3 2 1 1
312 3 2 1 1
312 3 2 0 0
312 3 2 1 1
312 3 2 0 0
312 3 2 1 1
312 3 2 0 0
385 4 2.26667 0 0
385 4 2.26667 1 0
385 4 2.26667 0 0
385 4 2.26667 0 1
385 4 2.26667 1 0
385 4 2.26667 0 0
385 4 2.26667 1 1
385 4 2.26667 0 0
385 4 2.26667 1 0
385 4 2.26667 0 1
385 4 2.26667 0 0
385 4 2.26667 1 1
385 4 2.26667 1 1
385 4 2.26667 0 0
385 4 2.26667 0 0
385 4 2.26667 1 1
385 4 2.26667 1 1
385 4 2.26667 1 0
385 4 2.26667 1 0
385 4 2.26667 0 1
385 4 2.26667 0 0
385 4 2.26667 0 1
385 4 2.26667 0 0
385 4 2.26667 1 1
385 4 2.26667 1 1
385 4 2.26667 1 1
385 4 2.26667 0 0
385 4 2.26667 1 0
385 4 2.26667 0 0
385 4 2.26667 1 1
385 4 2.26667 1 1
385 4 2.26667 1 1
385 4 2.26667 0 0
385 4 2.26667 0 0
385 4 2.26667 1 1
385 4 2.26667 0 0
385 4 2.26667 0 0
385 4 2.26667 0 0
385 4 2.26667 0 0
385 4 2.26667 1 0
385 4 2.26667 1 1
385 4 2.26667 1 0
385 4 2.26667 0 0
385 4 2.26667 0 0
385 4 2.26667 1 1
385 4 2.26667 1 1
385 4 2.26667 0 0
385 4 2.26667 0 0
385 4 2.26667 0 0
385 4 2.26667 1 0
385 4 2.26667 1 1
385 4 2.26667 0 1
385 4 2.26667 1 0
385 4 2.26667 0 0
385 4 2.26667 0 0
386 4 2.8 1 1
386 4 2.8 0 0
386 4 2.8 1 0
386 4 2.8 0 0
386 4 2.8 1 1
386 4 2.8 1 1
386 4 2.8 1 1
386 4 2.8 1 1
386 4 2.8 1 1
386 4 2.8 1 1
386 4 2.8 0 1
386 4 2.8 0 0
386 4 2.8 1 1
386 4 2.8 0 0
386 4 2.8 1 1
386 4 2.8 1 1
386 4 2.8 0 0
386 4 2.8 1 1
386 4 2.8 1 1
386 4 2.8 1 1
386 4 2.8 1 1
386 4 2.8 0 1
386 4 2.8 1 1
386 4 2.8 0 0
386 4 2.8 0 0
386 4 2.8 0 0
386 4 2.8 1 1
386 4 2.8 1 1
386 4 2.8 0 0
386 4 2.8 0 0
386 4 2.8 0 0
386 4 2.8 0 0
386 4 2.8 1 1
386 4 2.8 0 1
386 4 2.8 1 1
386 4 2.8 1 1
386 4 2.8 1 1
386 4 2.8 1 1
386 4 2.8 1 1
386 4 2.8 0 0
386 4 2.8 1 1
386 4 2.8 0 0
386 4 2.8 0 0
386 4 2.8 1 1
386 4 2.8 1 1
386 4 2.8 1 1
386 4 2.8 1 1
386 4 2.8 0 0
386 4 2.8 1 1
386 4 2.8 1 1
386 4 2.8 1 1
386 4 2.8 0 0
386 4 2.8 1 1
386 4 2.8 0 0
386 4 2.8 1 0
387 4 3.33333 0 0
387 4 3.33333 1 1
387 4 3.33333 1 1
387 4 3.33333 1 1
387 4 3.33333 0 1
387 4 3.33333 1 0
387 4 3.33333 1 1
387 4 3.33333 1 1
387 4 3.33333 1 1
387 4 3.33333 1 1
387 4 3.33333 0 0
387 4 3.33333 0 0
387 4 3.33333 1 1
387 4 3.33333 0 0
387 4 3.33333 0 0
387 4 3.33333 1 1
387 4 3.33333 0 0
387 4 3.33333 1 1
387 4 3.33333 0 0
387 4 3.33333 0 0
387 4 3.33333 1 1
387 4 3.33333 1 1
387 4 3.33333 0 0
387 4 3.33333 0 0
387 4 3.33333 0 0
387 4 3.33333 0 0
387 4 3.33333 1 1
387 4 3.33333 0 0
387 4 3.33333 0 0
387 4 3.33333 1 1
387 4 3.33333 1 1
387 4 3.33333 0 0
387 4 3.33333 0 0
387 4 3.33333 1 1
387 4 3.33333 1 0
387 4 3.33333 1 1
387 4 3.33333 0 0
387 4 3.33333 1 1
387 4 3.33333 1 0
387 4 3.33333 1 1
387 4 3.33333 1 1
387 4 3.33333 0 0
387 4 3.33333 0 0
387 4 3.33333 0 0
387 4 3.33333 1 1
387 4 3.33333 1 1
387 4 3.33333 1 1
387 4 3.33333 1 1
387 4 3.33333 1 1
387 4 3.33333 0 0
387 4 3.33333 1 0
387 4 3.33333 0 1
387 4 3.33333 1 0
387 4 3.33333 0 0
387 4 3.33333 0 0
388 4 3.86667 1 1
388 4 3.86667 0 0
388 4 3.86667 1 1
388 4 3.86667 1 1
388 4 3.86667 0 0
388 4 3.86667 0 0
388 4 3.86667 0 0
388 4 3.86667 0 0
388 4 3.86667 1 1
388 4 3.86667 0 0
388 4 3.86667 0 0
388 4 3.86667 1 1
388 4 3.86667 1 1
388 4 3.86667 0 1
388 4 3.86667 1 1
388 4 3.86667 0 0
388 4 3.86667 0 0
388 4 3.86667 1 1
388 4 3.86667 1 1
388 4 3.86667 0 0
388 4 3.86667 0 0
388 4 3.86667 1 1
388 4 3.86667 0 0
388 4 3.86667 1 1
388 4 3.86667 0 0
388 4 3.86667 0 0
388 4 3.86667 1 1
388 4 3.86667 1 1
388 4 3.86667 1 1
388 4 3.86667 0 0
388 4 3.86667 1 1
388 4 3.86667 0 0
388 4 3.86667 1 1
388 4 3.86667 0 0
388 4 3.86667 0 0
388 4 3.86667 1 1
388 4 3.86667 0 0
388 4 3.86667 1 1
388 4 3.86667 0 0
388 4 3.86667 1 1
388 4 3.86667 0 0
388 4 3.86667 1 1
388 4 3.86667 0 0
388 4 3.86667 0 0
388 4 3.86667 1 1
388 4 3.86667 1 1
388 4 3.86667 1 1
388 4 3.86667 0 0
388 4 3.86667 1 1
388 4 3.86667 1 1
388 4 3.86667 1 1
388 4 3.86667 0 0
388 4 3.86667 0 0
388 4 3.86667 1 1
388 4 3.86667 0 0
389 4 4.4 0 0
389 4 4.4 0 0
389 4 4.4 1 1
389 4 4.4 0 0
389 4 4.4 1 1
389 4 4.4 0 0
389 4 4.4 1 1
389 4 4.4 1 1
389 4 4.4 0 0
389 4 4.4 0 0
389 4 4.4 1 1
389 4 4.4 0 0
389 4 4.4 1 1
389 4 4.4 1 1
389 4 4.4 0 0
389 4 4.4 1 1
389 4 4.4 1 1
389 4 4.4 1 1
389 4 4.4 0 0
389 4 4.4 1 1
389 4 4.4 0 0
389 4 4.4 0 0
389 4 4.4 0 0
389 4 4.4 1 1
389 4 4.4 1 1
389 4 4.4 1 1
389 4 4.4 1 1
389 4 4.4 0 0
389 4 4.4 1 1
389 4 4.4 0 0
389 4 4.4 1 1
389 4 4.4 0 0
389 4 4.4 0 0
389 4 4.4 1 1
389 4 4.4 1 1
389 4 4.4 0 0
389 4 4.4 1 1
389 4 4.4 1 1
389 4 4.4 0 0
389 4 4.4 0 0
389 4 4.4 1 1
389 4 4.4 1 1
389 4 4.4 1 1
389 4 4.4 1 1
389 4 4.4 0 0
389 4 4.4 0 0
389 4 4.4 0 0
389 4 4.4 1 1
389 4 4.4 0 0
389 4 4.4 1 1
389 4 4.4 1 1
389 4 4.4 1 1
389 4 4.4 1 1
389 4 4.4 0 0
389 4 4.4 0 0
390 4 4.93333 1 1
390 4 4.93333 1 1
390 4 4.93333 0 0
390 4 4.93333 0 0
390 4 4.93333 0 0
390 4 4.93333 1 1
390 4 4.93333 1 1
390 4 4.93333 0 0
390 4 4.93333 1 1
390 4 4.93333 1 1
390 4 4.93333 0 0
390 4 4.93333 0 0
390 4 4.93333 1 1
390 4 4.93333 0 0
390 4 4.93333 0 0
390 4 4.93333 1 1
390 4 4.93333 0 0
390 4 4.93333 1 1
390 4 4.93333 1 1
390 4 4.93333 0 0
390 4 4.93333 0 0
390 4 4.93333 1 1
390 4 4.93333 0 0
390 4 4.93333 0 0
390 4 4.93333 1 1
390 4 4.93333 0 0
390 4 4.93333 0 0
390 4 4.93333 0 0
390 4 4.93333 0 0
390 4 4.93333 1 1
390 4 4.93333 1 1
390 4 4.93333 0 0
390 4 4.93333 0 0
390 4 4.93333 1 1
390 4 4.93333 1 1
390 4 4.93333 1 1
390 4 4.93333 1 1
390 4 4.93333 0 0
390 4 4.93333 1 1
390 4 4.93333 0 0
390 4 4.93333 0 0
390 4 4.93333 0 0
390 4 4.93333 1 1
390 4 4.93333 0 0
390 4 4.93333 1 1
390 4 4.93333 0 0
390 4 4.93333 1 1
390 4 4.93333 0 0
390 4 4.93333 0 0
390 4 4.93333 0 0
390 4 4.93333 1 1
390 4 4.93333 0 0
390 4 4.93333 1 1
390 4 4.93333 0 0
390 4 4.93333 0 0
391 4 5.46667 1 1
391 4 5.46667 1 1
391 4 5.46667 1 1
391 4 5.46667 1 1
391 4 5.46667 1 1
391 4 5.46667 1 1
391 4 5.46667 0 0
391 4 5.46667 0 0
391 4 5.46667 1 1
391 4 5.46667 0 0
391 4 5.46667 1 1
391 4 5.46667 0 0
391 4 5.46667 0 0
391 4 5.46667 1 1
391 4 5.46667 0 0
391 4 5.46667 0 0
391 4 5.46667 1 1
391 4 5.46667 1 1
391 4 5.46667 0 0
391 4 5.46667 0 0
391 4 5.46667 0 0
391 4 5.46667 1 1
391 4 5.46667 0 0
391 4 5.46667 1 1
391 4 5.46667 0 0
391 4 5.46667 0 0
391 4 5.46667 0 0
391 4 5.46667 0 0
391 4 5.46667 1 1
391 4 5.46667 0 0
391 4 5.46667 0 0
391 4 5.46667 1 1
391 4 5.46667 0 0
391 4 5.46667 1 1
391 4 5.46667 0 0
391 4 5.46667 1 1
391 4 5.46667 0 0
391 4 5.46667 1 1
391 4 5.46667 1 1
391 4 5.46667 1 1
391 4 5.46667 1 1
391 4 5.46667 1 1
391 4 5.46667 0 0
391 4 5.46667 1 1
391 4 5.46667 0 0
391 4 5.46667 0 0
391 4 5.46667 0 0
391 4 5.46667 1 1
391 4 5.46667 0 0
391 4 5.46667 0 0
391 4 5.46667 0 0
391 4 5.46667 0 0
391 4 5.46667 1 1
391 4 5.46667 1 1
391 4 5.46667 0 0
392 4 6 0 0
392 4 6 0 0
392 4 6 1 1
392 4 6 0 0
392 4 6 0 0
392 4 6 0 0
392 4 6 1 1
392 4 6 1 1
392 4 6 0 0
392 4 6 1 1
392 4 6 0 0
392 4 6 0 0
392 4 6 0 0
392 4 6 1 1
392 4 6 1 1
392 4 6 0 0
392 4 6 0 0
392 4 6 1 1
392 4 6 1 1
392 4 6 1 1
392 4 6 1 1
392 4 6 1 1
392 4 6 0 0
392 4 6 1 1
392 4 6 0 0
392 4 6 0 0
392 4 6 1 1
392 4 6 1 1
392 4 6 0 0
392 4 6 1 1
392 4 6 1 1
392 4 6 1 1
392 4 6 0 0
392 4 6 0 0
392 4 6 1 1
392 4 6 1 1
392 4 6 0 0
392 4 6 1 1
392 4 6 0 0
392 4 6 1 1
392 4 6 0 0
392 4 6 0 0
392 4 6 1 1
392 4 6 1 1
392 4 6 0 0
392 4 6 0 0
392 4 6 0 0
392 4 6 1 1
392 4 6 1 1
392 4 6 0 0
392 4 6 1 1
392 4 6 1 1
392 4 6 1 1
392 4 6 1 1
392 4 6 0 0
409 4 2 0 1
409 4 2 0 0
409 4 2 0 1
409 4 2 1 1
409 4 2 0 1
409 4 2 0 0
409 4 2 1 0
409 4 2 1 0
409 4 2 1 1
409 4 2 0 1
409 4 2 1 1
409 4 2 0 1
409 4 2 1 1
409 4 2 0 1
409 4 2 0 1
409 4 2 0 1
409 4 2 1 1
409 4 2 1 1
409 4 2 0 1
409 4 2 0 0
409 4 2 1 1
409 4 2 0 0
409 4 2 1 1
409 4 2 1 1
409 4 2 1 1
409 4 2 1 1
409 4 2 1 1
409 4 2 0 1
409 4 2 0 1
409 4 2 0 0
409 4 2 0 1
409 4 2 1 1
409 4 2 1 1
409 4 2 0 1
409 4 2 1 0
409 4 2 0 1
409 4 2 0 1
409 4 2 1 1
409 4 2 1 1
409 4 2 0 1
409 4 2 0 1
409 4 2 1 1
409 4 2 1 1
409 4 2 1 1
409 4 2 1 1
409 4 2 0 1
409 4 2 1 0
409 4 2 1 1
409 4 2 0 0
409 4 2 1 0
409 4 2 1 1
409 4 2 0 1
409 4 2 0 0
409 4 2 1 1
409 4 2 1 1
410 4 2.53333 1 1
410 4 2.53333 1 1
410 4 2.53333 0 0
410 4 2.53333 1 1
410 4 2.53333 0 0
410 4 2.53333 0 0
410 4 2.53333 1 1
410 4 2.53333 1 0
410 4 2.53333 1 1
410 4 2.53333 1 0
410 4 2.53333 0 0
410 4 2.53333 0 0
410 4 2.53333 0 0
410 4 2.53333 0 0
410 4 2.53333 0 0
410 4 2.53333 0 0
410 4 2.53333 0 0
410 4 2.53333 1 1
410 4 2.53333 0 1
410 4 2.53333 1 1
410 4 2.53333 0 0
410 4 2.53333 1 1
410 4 2.53333 0 0
410 4 2.53333 1 1
410 4 2.53333 0 0
410 4 2.53333 1 0
410 4 2.53333 0 0
410 4 2.53333 1 1
410 4 2.53333 0 0
410 4 2.53333 1 1
410 4 2.53333 1 1
410 4 2.53333 0 0
410 4 2.53333 1 1
410 4 2.53333 0 0
410 4 2.53333 1 1
410 4 2.53333 0 0
410 4 2.53333 1 1
410 4 2.53333 1 1
410 4 2.53333 1 1
410 4 2.53333 1 0
410 4 2.53333 0 1
410 4 2.53333 1 1
410 4 2.53333 0 0
410 4 2.53333 1 1
410 4 2.53333 1 0
410 4 2.53333 1 1
410 4 2.53333 1 1
410 4 2.53333 0 0
410 4 2.53333 1 1
410 4 2.53333 1 1
410 4 2.53333 0 0
410 4 2.53333 1 1
410 4 2.53333 0 0
410 4 2.53333 1 1
410 4 2.53333 1 1
411 4 3.06667 1 1
411 4 3.06667 1 1
411 4 3.06667 0 0
411 4 3.06667 0 0
411 4 3.06667 0 0
411 4 3.06667 0 0
411 4 3.06667 0 0
411 4 3.06667 0 0
411 4 3.06667 0 0
411 4 3.06667 0 1
411 4 3.06667 1 1
411 4 3.06667 1 1
411 4 3.06667 1 1
411 4 3.06667 1 1
411 4 3.06667 1 1
411 4 3.06667 0 1
411 4 3.06667 1 1
411 4 3.06667 0 1
411 4 3.06667 0 1
411 4 3.06667 0 1
411 4 3.06667 1 1
411 4 3.06667 0 1
411 4 3.06667 0 1
411 4 3.06667 1 1
411 4 3.06667 0 1
411 4 3.06667 1 1
411 4 3.06667 0 1
411 4 3.06667 1 1
411 4 3.06667 0 1
411 4 3.06667 0 1
411 4 3.06667 1 1
411 4 3.06667 0 1
411 4 3.06667 1 1
411 4 3.06667 1 1
411 4 3.06667 1 1
411 4 3.06667 0 1
411 4 3.06667 1 1
411 4 3.06667 0 1
411 4 3.06667 0 0
411 4 3.06667 0 0
411 4 3.06667 0 0
411 4 3.06667 0 0
411 4 3.06667 0 0
411 4 3.06667 0 0
411 4 3.06667 1 1
411 4 3.06667 1 1
411 4 3.06667 1 1
411 4 3.06667 1 1
411 4 3.06667 0 1
411 4 3.06667 1 1
411 4 3.06667 1 1
411 4 3.06667 1 1
411 4 3.06667 0 1
411 4 3.06667 0 1
411 4 3.06667 0 0
412 4 3.6 1 1
412 4 3.6 1 1
412 4 3.6 1 1
412 4 3.6 1 1
412 4 3.6 1 1
412 4 3.6 0 0
412 4 3.6 1 1
412 4 3.6 0 0
412 4 3.6 1 1
412 4 3.6 1 1
412 4 3.6 1 1
412 4 3.6 0 0
412 4 3.6 1 1
412 4 3.6 1 1
412 4 3.6 1 1
412 4 3.6 1 1
412 4 3.6 0 0
412 4 3.6 0 0
412 4 3.6 1 1
412 4 3.6 0 0
412 4 3.6 0 1
412 4 3.6 1 1
412 4 3.6 0 0
412 4 3.6 1 1
412 4 3.6 0 0
412 4 3.6 0 0
412 4 3.6 0 0
412 4 3.6 1 1
412 4 3.6 1 1
412 4 3.6 1 1
412 4 3.6 0 0
412 4 3.6 1 1
412 4 3.6 0 0
412 4 3.6 0 0
412 4 3.6 1 1
412 4 3.6 1 1
412 4 3.6 0 0
412 4 3.6 0 0
412 4 3.6 0 0
412 4 3.6 0 0
412 4 3.6 0 0
412 4 3.6 0 0
412 4 3.6 0 0
412 4 3.6 0 0
412 4 3.6 0 0
412 4 3.6 1 1
412 4 3.6 0 0
412 4 3.6 1 1
412 4 3.6 1 1
412 4 3.6 1 1
412 4 3.6 1 0
412 4 3.6 1 1
412 4 3.6 0 0
412 4 3.6 1 1
412 4 3.6 1 1
413 4 4.13333 0 0
413 4 4.13333 1 1
413 4 4.13333 0 0
413 4 4.13333 0 0
413 4 4.13333 0 0
413 4 4.13333 1 1
413 4 4.13333 0 0
413 4 4.13333 1 1
413 4 4.13333 1 1
413 4 4.13333 0 0
413 4 4.13333 1 1
413 4 4.13333 0 0
413 4 4.13333 0 0
413 4 4.13333 1 1
413 4 4.13333 0 0
413 4 4.13333 0 0
413 4 4.13333 1 1
413 4 4.13333 1 1
413 4 4.13333 0 0
413 4 4.13333 1 1
413 4 4.13333 1 1
413 4 4.13333 1 1
413 4 4.13333 0 0
413 4 4.13333 0 0
413 4 4.13333 0 0
413 4 4.13333 1 1
413 4 4.13333 1 1
413 4 4.13333 1 1
413 4 4.13333 1 1
413 4 4.13333 0 0
413 4 4.13333 0 0
413 4 4.13333 0 0
413 4 4.13333 0 0
413 4 4.13333 1 1
413 4 4.13333 0 0
413 4 4.13333 0 0
413 4 4.13333 1 1
413 4 4.13333 1 1
413 4 4.13333 1 1
413 4 4.13333 1 1
413 4 4.13333 0 0
413 4 4.13333 0 0
413 4 4.13333 1 1
413 4 4.13333 1 1
413 4 4.13333 0 0
413 4 4.13333 0 0
413 4 4.13333 1 1
413 4 4.13333 0 0
413 4 4.13333 1 1
413 4 4.13333 1 1
413 4 4.13333 0 0
413 4 4.13333 0 0
413 4 4.13333 1 1
413 4 4.13333 0 0
413 4 4.13333 0 0
414 4 4.66667 0 0
414 4 4.66667 0 0
414 4 4.66667 1 1
414 4 4.66667 1 1
414 4 4.66667 0 0
414 4 4.66667 1 1
414 4 4.66667 1 1
414 4 4.66667 1 1
414 4 4.66667 0 0
414 4 4.66667 0 0
414 4 4.66667 0 0
414 4 4.66667 1 1
414 4 4.66667 1 1
414 4 4.66667 1 1
414 4 4.66667 0 0
414 4 4.66667 0 0
414 4 4.66667 1 1
414 4 4.66667 0 0
414 4 4.66667 0 0
414 4 4.66667 1 1
414 4 4.66667 1 1
414 4 4.66667 1 1
414 4 4.66667 1 1
414 4 4.66667 1 1
414 4 4.66667 1 1
414 4 4.66667 0 0
414 4 4.66667 0 0
414 4 4.66667 1 1
414 4 4.66667 1 1
414 4 4.66667 1 1
414 4 4.66667 1 1
414 4 4.66667 1 1
414 4 4.66667 1 1
414 4 4.66667 0 0
414 4 4.66667 0 0
414 4 4.66667 1 1
414 4 4.66667 0 0
414 4 4.66667 1 1
414 4 4.66667 0 0
414 4 4.66667 0 0
414 4 4.66667 1 1
414 4 4.66667 0 0
414 4 4.66667 1 1
414 4 4.66667 0 0
414 4 4.66667 0 0
414 4 4.66667 1 1
414 4 4.66667 0 0
414 4 4.66667 0 0
414 4 4.66667 1 1
414 4 4.66667 0 0
414 4 4.66667 1 1
414 4 4.66667 1 1
414 4 4.66667 1 1
414 4 4.66667 0 0
414 4 4.66667 1 1
415 4 5.2 1 1
415 4 5.2 0 0
415 4 5.2 1 1
415 4 5.2 1 1
415 4 5.2 1 1
415 4 5.2 0 0
415 4 5.2 1 1
415 4 5.2 0 0
415 4 5.2 0 0
415 4 5.2 1 1
415 4 5.2 1 1
415 4 5.2 0 0
415 4 5.2 0 0
415 4 5.2 0 0
415 4 5.2 1 1
415 4 5.2 1 1
415 4 5.2 1 1
415 4 5.2 1 1
415 4 5.2 1 1
415 4 5.2 0 0
415 4 5.2 0 0
415 4 5.2 0 0
415 4 5.2 1 1
415 4 5.2 0 0
415 4 5.2 0 0
415 4 5.2 0 0
415 4 5.2 1 1
415 4 5.2 1 1
415 4 5.2 1 1
415 4 5.2 1 1
415 4 5.2 0 0
415 4 5.2 0 0
415 4 5.2 0 0
415 4 5.2 1 1
415 4 5.2 1 1
415 4 5.2 0 0
415 4 5.2 0 0
415 4 5.2 0 0
415 4 5.2 1 1
415 4 5.2 1 1
415 4 5.2 1 1
415 4 5.2 0 0
415 4 5.2 0 0
415 4 5.2 0 0
415 4 5.2 0 0
415 4 5.2 0 0
415 4 5.2 1 1
415 4 5.2 0 0
415 4 5.2 1 1
415 4 5.2 1 1
415 4 5.2 1 1
415 4 5.2 1 0
415 4 5.2 1 1
415 4 5.2 0 0
415 4 5.2 1 1
416 4 5.73333 1 1
416 4 5.73333 0 0
416 4 5.73333 1 1
416 4 5.73333 1 1
416 4 5.73333 1 1
416 4 5.73333 0 0
416 4 5.73333 0 0
416 4 5.73333 0 0
416 4 5.73333 0 0
416 4 5.73333 0 0
416 4 5.73333 1 1
416 4 5.73333 0 0
416 4 5.73333 0 0
416 4 5.73333 0 0
416 4 5.73333 0 0
416 4 5.73333 1 1
416 4 5.73333 1 1
416 4 5.73333 1 1
416 4 5.73333 0 0
416 4 5.73333 1 1
416 4 5.73333 0 0
416 4 5.73333 0 0
416 4 5.73333 0 0
416 4 5.73333 0 0
416 4 5.73333 0 0
416 4 5.73333 0 0
416 4 5.73333 0 0
416 4 5.73333 0 0
416 4 5.73333 0 0
416 4 5.73333 0 0
416 4 5.73333 0 0
416 4 5.73333 0 0
416 4 5.73333 0 0
416 4 5.73333 1 1
416 4 5.73333 1 1
416 4 5.73333 1 1
416 4 5.73333 0 0
416 4 5.73333 1 1
416 4 5.73333 0 0
416 4 5.73333 1 1
416 4 5.73333 0 0
416 4 5.73333 0 0
416 4 5.73333 0 0
416 4 5.73333 1 1
416 4 5.73333 1 1
416 4 5.73333 0 0
416 4 5.73333 1 1
416 4 5.73333 0 0
416 4 5.73333 0 0
416 4 5.73333 1 1
416 4 5.73333 0 0
416 4 5.73333 0 0
416 4 5.73333 0 0
416 4 5.73333 0 0
416 4 5.73333 0 0
