0 0 0.6 1 1
0 0 0.6 1 0
0 0 0.6 1 0
0 0 0.6 0 1
0 0 0.6 1 0
0 0 0.6 1 1
0 0 0.6 1 1
0 0 0.6 1 0
0 0 0.6 0 0
0 0 0.6 0 1
0 0 0.6 0 0
0 0 0.6 0 0
0 0 0.6 1 1
0 0 0.6 0 1
0 0 0.6 1 0
0 0 0.6 1 1
0 0 0.6 0 1
0 0 0.6 1 1
0 0 0.6 1 1
0 0 0.6 0 1
0 0 0.6 1 0
0 0 0.6 0 1
0 0 0.6 1 1
0 0 0.6 0 0
0 0 0.6 0 1
0 0 0.6 1 1
0 0 0.6 0 1
0 0 0.6 0 0
0 0 0.6 1 0
0 0 0.6 1 1
0 0 0.6 0 0
0 0 0.6 1 1
0 0 0.6 0 1
0 0 0.6 1 1
0 0 0.6 1 1
0 0 0.6 0 1
0 0 0.6 0 0
0 0 0.6 0 0
0 0 0.6 1 1
0 0 0.6 0 1
0 0 0.6 1 0
0 0 0.6 0 0
0 0 0.6 1 0
0 0 0.6 1 1
0 0 0.6 0 0
0 0 0.6 0 0
0 0 0.6 1 1
0 0 0.6 1 0
0 0 0.6 1 1
0 0 0.6 0 1
0 0 0.6 0 1
0 0 0.6 0 1
0 0 0.6 1 0
0 0 0.6 0 0
0 0 0.6 0 0
1 0 0.8 0 0
1 0 0.8 0 0
1 0 0.8 1 1
1 0 0.8 0 0
1 0 0.8 1 1
1 0 0.8 0 0
1 0 0.8 1 1
1 0 0.8 1 1
1 0 0.8 0 0
1 0 0.8 0 0
1 0 0.8 0 0
1 0 0.8 0 0
1 0 0.8 1 1
1 0 0.8 0 0
1 0 0.8 0 0
1 0 0.8 0 1
1 0 0.8 1 0
1 0 0.8 1 0
1 0 0.8 0 0
1 0 0.8 0 0
1 0 0.8 1 1
1 0 0.8 1 1
1 0 0.8 1 0
1 0 0.8 0 0
1 0 0.8 1 1
1 0 0.8 0 1
1 0 0.8 0 0
1 0 0.8 1 1
1 0 0.8 0 1
1 0 0.8 0 0
1 0 0.8 0 0
1 0 0.8 0 0
1 0 0.8 1 1
1 0 0.8 0 0
1 0 0.8 0 1
1 0 0.8 1 1
1 0 0.8 0 1
1 0 0.8 1 1
1 0 0.8 0 0
1 0 0.8 1 1
1 0 0.8 1 1
1 0 0.8 1 1
1 0 0.8 0 0
1 0 0.8 1 1
1 0 0.8 1 1
1 0 0.8 1 1
1 0 0.8 0 0
1 0 0.8 0 1
1 0 0.8 1 1
1 0 0.8 1 1
1 0 0.8 0 0
1 0 0.8 0 1
1 0 0.8 0 1
1 0 0.8 0 0
1 0 0.8 1 1
2 0 1 1 1
2 0 1 0 0
2 0 1 0 0
2 0 1 0 0
2 0 1 0 0
2 0 1 0 0
2 0 1 0 0
2 0 1 1 0
2 0 1 1 1
2 0 1 0 0
2 0 1 1 0
2 0 1 0 0
2 0 1 0 0
2 0 1 0 0
2 0 1 1 1
2 0 1 1 1
2 0 1 0 0
2 0 1 0 0
2 0 1 1 1
2 0 1 1 0
2 0 1 1 1
2 0 1 1 1
2 0 1 1 0
2 0 1 0 0
2 0 1 1 1
2 0 1 0 0
2 0 1 0 0
2 0 1 1 1
2 0 1 1 0
2 0 1 0 0
2 0 1 1 1
2 0 1 1 1
2 0 1 0 0
2 0 1 0 0
2 0 1 1 1
2 0 1 1 1
2 0 1 1 1
2 0 1 0 0
2 0 1 0 0
2 0 1 0 0
2 0 1 1 1
2 0 1 1 1
2 0 1 1 1
2 0 1 1 1
2 0 1 0 0
2 0 1 1 0
2 0 1 1 1
2 0 1 1 1
2 0 1 0 1
2 0 1 0 0
2 0 1 0 0
2 0 1 0 0
2 0 1 1 1
2 0 1 1 0
2 0 1 1 1
3 0 1.2 0 0
3 0 1.2 1 1
3 0 1.2 1 0
3 0 1.2 0 0
3 0 1.2 0 0
3 0 1.2 1 1
3 0 1.2 0 0
3 0 1.2 0 0
3 0 1.2 1 1
3 0 1.2 1 0
3 0 1.2 1 0
3 0 1.2 0 0
3 0 1.2 0 0
3 0 1.2 0 0
3 0 1.2 0 0
3 0 1.2 1 1
3 0 1.2 1 1
3 0 1.2 1 1
3 0 1.2 0 0
3 0 1.2 1 1
3 0 1.2 0 0
3 0 1.2 0 0
3 0 1.2 0 0
3 0 1.2 1 1
3 0 1.2 0 0
3 0 1.2 0 0
3 0 1.2 1 1
3 0 1.2 0 0
3 0 1.2 1 0
3 0 1.2 1 1
3 0 1.2 1 1
3 0 1.2 1 1
3 0 1.2 0 0
3 0 1.2 1 1
3 0 1.2 1 1
3 0 1.2 0 0
3 0 1.2 0 0
3 0 1.2 0 0
3 0 1.2 1 1
3 0 1.2 1 1
3 0 1.2 1 1
3 0 1.2 1 1
3 0 1.2 1 1
3 0 1.2 1 1
3 0 1.2 0 0
3 0 1.2 0 0
3 0 1.2 0 0
3 0 1.2 1 1
3 0 1.2 0 0
3 0 1.2 1 0
3 0 1.2 1 1
3 0 1.2 1 0
3 0 1.2 0 0
3 0 1.2 1 1
3 0 1.2 0 0
4 0 1.4 0 1
4 0 1.4 0 0
4 0 1.4 1 1
4 0 1.4 1 1
4 0 1.4 1 1
4 0 1.4 1 1
4 0 1.4 1 1
4 0 1.4 1 1
4 0 1.4 1 1
4 0 1.4 1 1
4 0 1.4 1 1
4 0 1.4 0 0
4 0 1.4 1 1
4 0 1.4 1 1
4 0 1.4 1 1
4 0 1.4 0 0
4 0 1.4 1 1
4 0 1.4 1 1
4 0 1.4 1 1
4 0 1.4 0 0
4 0 1.4 0 0
4 0 1.4 0 0
4 0 1.4 1 1
4 0 1.4 1 1
4 0 1.4 1 1
4 0 1.4 0 0
4 0 1.4 1 1
4 0 1.4 1 1
4 0 1.4 0 0
4 0 1.4 0 0
4 0 1.4 1 1
4 0 1.4 1 1
4 0 1.4 1 1
4 0 1.4 1 1
4 0 1.4 1 1
4 0 1.4 1 1
4 0 1.4 1 1
4 0 1.4 0 0
4 0 1.4 0 0
4 0 1.4 0 0
4 0 1.4 0 0
4 0 1.4 1 1
4 0 1.4 1 1
4 0 1.4 1 1
4 0 1.4 0 0
4 0 1.4 0 0
4 0 1.4 1 1
4 0 1.4 1 1
4 0 1.4 0 0
4 0 1.4 1 1
4 0 1.4 1 1
4 0 1.4 0 0
4 0 1.4 1 1
4 0 1.4 1 1
4 0 1.4 0 0
5 0 1.6 1 1
5 0 1.6 1 1
5 0 1.6 1 1
5 0 1.6 1 1
5 0 1.6 1 1
5 0 1.6 0 0
5 0 1.6 1 1
5 0 1.6 1 1
5 0 1.6 1 1
5 0 1.6 1 1
5 0 1.6 1 1
5 0 1.6 1 1
5 0 1.6 1 1
5 0 1.6 0 0
5 0 1.6 0 0
5 0 1.6 1 1
5 0 1.6 0 0
5 0 1.6 0 0
5 0 1.6 1 1
5 0 1.6 1 1
5 0 1.6 0 0
5 0 1.6 1 1
5 0 1.6 0 0
5 0 1.6 0 0
5 0 1.6 1 1
5 0 1.6 0 0
5 0 1.6 1 1
5 0 1.6 0 0
5 0 1.6 1 1
5 0 1.6 0 0
5 0 1.6 0 0
5 0 1.6 0 0
5 0 1.6 1 1
5 0 1.6 1 1
5 0 1.6 0 0
5 0 1.6 0 0
5 0 1.6 1 1
5 0 1.6 0 0
5 0 1.6 0 0
5 0 1.6 0 0
5 0 1.6 1 1
5 0 1.6 0 0
5 0 1.6 0 0
5 0 1.6 0 0
5 0 1.6 1 1
5 0 1.6 0 0
5 0 1.6 0 0
5 0 1.6 0 0
5 0 1.6 0 0
5 0 1.6 1 1
5 0 1.6 1 1
5 0 1.6 0 0
5 0 1.6 1 1
5 0 1.6 0 0
5 0 1.6 1 1
6 0 1.8 1 1
6 0 1.8 0 0
6 0 1.8 1 1
6 0 1.8 0 0
6 0 1.8 1 1
6 0 1.8 1 1
6 0 1.8 0 0
6 0 1.8 1 1
6 0 1.8 1 1
6 0 1.8 1 1
6 0 1.8 1 1
6 0 1.8 0 0
6 0 1.8 0 0
6 0 1.8 1 1
6 0 1.8 0 0
6 0 1.8 1 1
6 0 1.8 0 0
6 0 1.8 1 1
6 0 1.8 1 1
6 0 1.8 0 0
6 0 1.8 1 1
6 0 1.8 1 1
6 0 1.8 0 0
6 0 1.8 1 1
6 0 1.8 0 0
6 0 1.8 1 1
6 0 1.8 1 1
6 0 1.8 0 0
6 0 1.8 1 1
6 0 1.8 1 1
6 0 1.8 1 1
6 0 1.8 1 1
6 0 1.8 1 1
6 0 1.8 1 1
6 0 1.8 0 0
6 0 1.8 1 1
6 0 1.8 0 0
6 0 1.8 1 1
6 0 1.8 0 0
6 0 1.8 0 0
6 0 1.8 0 0
6 0 1.8 0 0
6 0 1.8 0 0
6 0 1.8 0 0
6 0 1.8 1 1
6 0 1.8 0 0
6 0 1.8 1 1
6 0 1.8 1 1
6 0 1.8 0 0
6 0 1.8 1 1
6 0 1.8 0 0
6 0 1.8 0 0
6 0 1.8 0 0
6 0 1.8 1 1
6 0 1.8 0 0
7 0 2 0 0
7 0 2 1 1
7 0 2 0 0
7 0 2 1 1
7 0 2 1 1
7 0 2 0 0
7 0 2 1 1
7 0 2 1 1
7 0 2 0 0
7 0 2 0 0
7 0 2 1 1
7 0 2 0 0
7 0 2 0 0
7 0 2 1 1
7 0 2 1 1
7 0 2 1 1
7 0 2 1 1
7 0 2 1 1
7 0 2 1 1
7 0 2 1 1
7 0 2 1 1
7 0 2 0 0
7 0 2 1 1
7 0 2 0 0
7 0 2 1 1
7 0 2 1 1
7 0 2 0 0
7 0 2 1 1
7 0 2 1 1
7 0 2 1 1
7 0 2 1 1
7 0 2 0 0
7 0 2 1 1
7 0 2 0 0
7 0 2 0 0
7 0 2 1 1
7 0 2 0 0
7 0 2 1 1
7 0 2 0 0
7 0 2 0 0
7 0 2 0 0
7 0 2 1 1
7 0 2 1 1
7 0 2 0 0
7 0 2 1 1
7 0 2 1 1
7 0 2 0 0
7 0 2 0 0
7 0 2 0 0
7 0 2 0 0
7 0 2 1 1
7 0 2 1 1
7 0 2 0 0
7 0 2 1 1
7 0 2 1 1
24 0 0.4 0 0
24 0 0.4 1 1
24 0 0.4 1 1
24 0 0.4 1 1
24 0 0.4 0 1
24 0 0.4 1 0
24 0 0.4 1 1
24 0 0.4 1 1
24 0 0.4 1 1
24 0 0.4 0 0
24 0 0.4 0 1
24 0 0.4 0 0
24 0 0.4 0 1
24 0 0.4 1 0
24 0 0.4 0 1
24 0 0.4 1 1
24 0 0.4 1 0
24 0 0.4 0 1
24 0 0.4 1 0
24 0 0.4 1 0
24 0 0.4 0 1
24 0 0.4 1 1
24 0 0.4 0 1
24 0 0.4 1 0
24 0 0.4 0 0
24 0 0.4 0 1
24 0 0.4 1 1
24 0 0.4 0 1
24 0 0.4 0 0
24 0 0.4 1 1
24 0 0.4 1 0
24 0 0.4 0 1
24 0 0.4 1 1
24 0 0.4 0 1
24 0 0.4 1 1
24 0 0.4 1 1
24 0 0.4 0 1
24 0 0.4 0 1
24 0 0.4 0 0
24 0 0.4 1 0
24 0 0.4 0 1
24 0 0.4 1 1
24 0 0.4 0 1
24 0 0.4 1 0
24 0 0.4 1 1
24 0 0.4 0 1
24 0 0.4 0 0
24 0 0.4 1 1
24 0 0.4 1 1
24 0 0.4 1 1
24 0 0.4 0 1
24 0 0.4 0 0
24 0 0.4 0 0
24 0 0.4 1 0
24 0 0.4 0 1
25 0 0.573333 0 0
25 0 0.573333 0 0
25 0 0.573333 1 1
25 0 0.573333 0 1
25 0 0.573333 1 0
25 0 0.573333 0 0
25 0 0.573333 1 0
25 0 0.573333 1 1
25 0 0.573333 0 1
25 0 0.573333 0 1
25 0 0.573333 0 0
25 0 0.573333 0 0
25 0 0.573333 1 0
25 0 0.573333 0 0
25 0 0.573333 0 1
25 0 0.573333 0 0
25 0 0.573333 1 0
25 0 0.573333 1 0
25 0 0.573333 0 1
25 0 0.573333 0 0
25 0 0.573333 1 0
25 0 0.573333 1 1
25 0 0.573333 1 1
25 0 0.573333 0 1
25 0 0.573333 1 1
25 0 0.573333 0 0
25 0 0.573333 0 0
25 0 0.573333 1 1
25 0 0.573333 0 0
25 0 0.573333 0 0
25 0 0.573333 0 1
25 0 0.573333 0 0
25 0 0.573333 1 1
25 0 0.573333 0 1
25 0 0.573333 0 0
25 0 0.573333 1 1
25 0 0.573333 0 1
25 0 0.573333 1 0
25 0 0.573333 0 1
25 0 0.573333 1 0
25 0 0.573333 1 0
25 0 0.573333 1 1
25 0 0.573333 0 0
25 0 0.573333 1 0
25 0 0.573333 1 0
25 0 0.573333 1 1
25 0 0.573333 0 1
25 0 0.573333 0 0
25 0 0.573333 1 1
25 0 0.573333 1 1
25 0 0.573333 0 1
25 0 0.573333 0 0
25 0 0.573333 0 0
25 0 0.573333 0 1
25 0 0.573333 1 1
26 0 0.746667 0 0
26 0 0.746667 1 1
26 0 0.746667 0 0
26 0 0.746667 0 0
26 0 0.746667 0 1
26 0 0.746667 0 1
26 0 0.746667 0 0
26 0 0.746667 0 0
26 0 0.746667 1 0
26 0 0.746667 1 1
26 0 0.746667 0 0
26 0 0.746667 1 0
26 0 0.746667 0 1
26 0 0.746667 0 0
26 0 0.746667 0 1
26 0 0.746667 1 1
26 0 0.746667 1 1
26 0 0.746667 0 0
26 0 0.746667 0 0
26 0 0.746667 1 1
26 0 0.746667 1 1
26 0 0.746667 1 1
26 0 0.746667 1 1
26 0 0.746667 1 0
26 0 0.746667 0 1
26 0 0.746667 1 0
26 0 0.746667 0 1
26 0 0.746667 0 0
26 0 0.746667 1 0
26 0 0.746667 1 1
26 0 0.746667 0 1
26 0 0.746667 1 0
26 0 0.746667 1 1
26 0 0.746667 0 1
26 0 0.746667 0 0
26 0 0.746667 1 0
26 0 0.746667 1 1
26 0 0.746667 1 1
26 0 0.746667 0 1
26 0 0.746667 0 0
26 0 0.746667 0 1
26 0 0.746667 1 1
26 0 0.746667 1 1
26 0 0.746667 1 1
26 0 0.746667 1 0
26 0 0.746667 0 1
26 0 0.746667 1 1
26 0 0.746667 1 1
26 0 0.746667 1 1
26 0 0.746667 0 0
26 0 0.746667 0 1
26 0 0.746667 0 1
26 0 0.746667 0 0
26 0 0.746667 1 1
26 0 0.746667 1 0
27 0 0.92 0 0
27 0 0.92 1 1
27 0 0.92 0 0
27 0 0.92 1 1
27 0 0.92 0 1
27 0 0.92 0 0
27 0 0.92 1 1
27 0 0.92 0 0
27 0 0.92 0 0
27 0 0.92 1 0
27 0 0.92 1 1
27 0 0.92 1 1
27 0 0.92 0 0
27 0 0.92 0 0
27 0 0.92 0 0
27 0 0.92 0 0
27 0 0.92 1 1
27 0 0.92 1 1
27 0 0.92 1 1
27 0 0.92 0 0
27 0 0.92 1 1
27 0 0.92 0 0
27 0 0.92 0 0
27 0 0.92 0 0
27 0 0.92 1 1
27 0 0.92 0 0
27 0 0.92 0 1
27 0 0.92 1 1
27 0 0.92 0 1
27 0 0.92 1 1
27 0 0.92 1 0
27 0 0.92 1 1
27 0 0.92 1 1
27 0 0.92 0 1
27 0 0.92 1 0
27 0 0.92 1 1
27 0 0.92 0 0
27 0 0.92 0 0
27 0 0.92 0 1
27 0 0.92 1 1
27 0 0.92 1 1
27 0 0.92 1 1
27 0 0.92 1 0
27 0 0.92 1 1
27 0 0.92 1 1
27 0 0.92 0 0
27 0 0.92 0 0
27 0 0.92 0 0
27 0 0.92 1 1
27 0 0.92 0 0
27 0 0.92 1 1
27 0 0.92 1 0
27 0 0.92 1 1
27 0 0.92 0 0
27 0 0.92 1 1
28 0 1.09333 1 1
28 0 1.09333 0 0
28 0 1.09333 0 0
28 0 1.09333 1 1
28 0 1.09333 1 1
28 0 1.09333 1 1
28 0 1.09333 1 1
28 0 1.09333 1 1
28 0 1.09333 1 1
28 0 1.09333 1 1
28 0 1.09333 1 0
28 0 1.09333 1 1
28 0 1.09333 0 0
28 0 1.09333 1 1
28 0 1.09333 1 1
28 0 1.09333 1 1
28 0 1.09333 0 0
28 0 1.09333 1 1
28 0 1.09333 1 1
28 0 1.09333 1 1
28 0 1.09333 0 0
28 0 1.09333 0 0
28 0 1.09333 0 0
28 0 1.09333 1 1
28 0 1.09333 1 1
28 0 1.09333 1 1
28 0 1.09333 0 0
28 0 1.09333 1 1
28 0 1.09333 1 1
28 0 1.09333 0 0
28 0 1.09333 0 0
28 0 1.09333 1 1
28 0 1.09333 1 1
28 0 1.09333 1 0
28 0 1.09333 1 1
28 0 1.09333 1 1
28 0 1.09333 1 1
28 0 1.09333 1 1
28 0 1.09333 0 0
28 0 1.09333 0 0
28 0 1.09333 0 0
28 0 1.09333 0 0
28 0 1.09333 1 1
28 0 1.09333 1 0
28 0 1.09333 1 1
28 0 1.09333 0 0
28 0 1.09333 0 0
28 0 1.09333 1 1
28 0 1.09333 1 1
28 0 1.09333 0 0
28 0 1.09333 1 1
28 0 1.09333 1 1
28 0 1.09333 0 0
28 0 1.09333 1 1
28 0 1.09333 1 1
29 0 1.26667 1 1
29 0 1.26667 1 1
29 0 1.26667 1 1
29 0 1.26667 1 1
29 0 1.26667 1 1
29 0 1.26667 1 1
29 0 1.26667 0 0
29 0 1.26667 1 1
29 0 1.26667 1 1
29 0 1.26667 1 1
29 0 1.26667 1 1
29 0 1.26667 1 1
29 0 1.26667 1 1
29 0 1.26667 1 1
29 0 1.26667 0 0
29 0 1.26667 0 0
29 0 1.26667 1 1
29 0 1.26667 0 0
29 0 1.26667 0 0
29 0 1.26667 1 1
29 0 1.26667 1 1
29 0 1.26667 0 0
29 0 1.26667 1 1
29 0 1.26667 0 1
29 0 1.26667 0 0
29 0 1.26667 1 0
29 0 1.26667 0 0
29 0 1.26667 1 1
29 0 1.26667 0 1
29 0 1.26667 1 1
29 0 1.26667 0 0
29 0 1.26667 0 0
29 0 1.26667 0 0
29 0 1.26667 1 1
29 0 1.26667 1 1
29 0 1.26667 0 0
29 0 1.26667 0 0
29 0 1.26667 1 1
29 0 1.26667 0 0
29 0 1.26667 0 0
29 0 1.26667 0 0
29 0 1.26667 1 1
29 0 1.26667 0 0
29 0 1.26667 0 0
29 0 1.26667 0 0
29 0 1.26667 1 1
29 0 1.26667 0 0
29 0 1.26667 0 0
29 0 1.26667 0 0
29 0 1.26667 0 0
29 0 1.26667 1 1
29 0 1.26667 1 1
29 0 1.26667 0 0
29 0 1.26667 1 1
29 0 1.26667 0 0
30 0 1.44 1 1
30 0 1.44 0 0
30 0 1.44 1 1
30 0 1.44 0 0
30 0 1.44 1 1
30 0 1.44 1 1
30 0 1.44 0 0
30 0 1.44 1 1
30 0 1.44 1 1
30 0 1.44 1 1
30 0 1.44 1 1
30 0 1.44 0 0
30 0 1.44 0 0
30 0 1.44 1 1
30 0 1.44 0 0
30 0 1.44 1 1
30 0 1.44 0 0
30 0 1.44 1 1
30 0 1.44 1 1
30 0 1.44 0 0
30 0 1.44 1 1
30 0 1.44 1 1
30 0 1.44 0 0
30 0 1.44 1 1
30 0 1.44 0 0
30 0 1.44 1 1
30 0 1.44 1 1
30 0 1.44 0 0
30 0 1.44 1 1
30 0 1.44 1 1
30 0 1.44 1 1
30 0 1.44 1 1
30 0 1.44 1 1
30 0 1.44 1 1
30 0 1.44 0 0
30 0 1.44 1 1
30 0 1.44 0 0
30 0 1.44 1 1
30 0 1.44 0 0
30 0 1.44 0 0
30 0 1.44 0 0
30 0 1.44 0 0
30 0 1.44 0 0
30 0 1.44 0 0
30 0 1.44 1 1
30 0 1.44 0 0
30 0 1.44 1 1
30 0 1.44 1 1
30 0 1.44 0 0
30 0 1.44 1 1
30 0 1.44 0 0
30 0 1.44 0 0
30 0 1.44 0 0
30 0 1.44 1 1
30 0 1.44 0 0
31 0 1.61333 0 0
31 0 1.61333 1 1
31 0 1.61333 0 0
31 0 1.61333 1 1
31 0 1.61333 1 1
31 0 1.61333 0 0
31 0 1.61333 1 1
31 0 1.61333 1 1
31 0 1.61333 0 0
31 0 1.61333 0 0
31 0 1.61333 1 1
31 0 1.61333 0 0
31 0 1.61333 0 0
31 0 1.61333 1 1
31 0 1.61333 1 1
31 0 1.61333 1 1
31 0 1.61333 1 1
31 0 1.61333 1 1
31 0 1.61333 1 1
31 0 1.61333 1 1
31 0 1.61333 1 1
31 0 1.61333 0 0
31 0 1.61333 1 1
31 0 1.61333 0 0
31 0 1.61333 1 1
31 0 1.61333 1 1
31 0 1.61333 0 0
31 0 1.61333 1 1
31 0 1.61333 1 1
31 0 1.61333 1 1
31 0 1.61333 1 1
31 0 1.61333 0 0
31 0 1.61333 1 1
31 0 1.61333 0 0
31 0 1.61333 0 0
31 0 1.61333 1 1
31 0 1.61333 0 0
31 0 1.61333 1 1
31 0 1.61333 0 0
31 0 1.61333 0 0
31 0 1.61333 0 0
31 0 1.61333 1 1
31 0 1.61333 1 1
31 0 1.61333 0 0
31 0 1.61333 1 1
31 0 1.61333 1 1
31 0 1.61333 0 0
31 0 1.61333 0 0
31 0 1.61333 0 0
31 0 1.61333 0 0
31 0 1.61333 1 1
31 0 1.61333 1 1
31 0 1.61333 0 0
31 0 1.61333 1 1
31 0 1.61333 1 1
103 1 0.586667 1 1
103 1 0.586667 0 0
103 1 0.586667 1 0
103 1 0.586667 1 0
103 1 0.586667 0 1
103 1 0.586667 0 0
103 1 0.586667 1 0
103 1 0.586667 0 1
103 1 0.586667 1 1
103 1 0.586667 0 0
103 1 0.586667 0 0
103 1 0.586667 1 0
103 1 0.586667 1 1
103 1 0.586667 1 1
103 1 0.586667 1 1
103 1 0.586667 1 1
103 1 0.586667 1 1
103 1 0.586667 1 1
103 1 0.586667 0 0
103 1 0.586667 0 1
103 1 0.586667 1 0
103 1 0.586667 0 1
103 1 0.586667 0 0
103 1 0.586667 0 0
103 1 0.586667 1 0
103 1 0.586667 0 1
103 1 0.586667 0 0
103 1 0.586667 1 1
103 1 0.586667 1 0
103 1 0.586667 1 1
103 1 0.586667 1 1
103 1 0.586667 0 0
103 1 0.586667 1 1
103 1 0.586667 0 1
103 1 0.586667 1 0
103 1 0.586667 1 1
103 1 0.586667 1 1
103 1 0.586667 0 0
103 1 0.586667 0 1
103 1 0.586667 1 1
103 1 0.586667 0 0
103 1 0.586667 0 1
103 1 0.586667 1 1
103 1 0.586667 0 1
103 1 0.586667 0 0
103 1 0.586667 0 1
103 1 0.586667 0 0
103 1 0.586667 1 1
103 1 0.586667 0 0
103 1 0.586667 1 0
103 1 0.586667 0 1
103 1 0.586667 0 1
103 1 0.586667 0 0
103 1 0.586667 0 0
103 1 0.586667 0 1
104 1 0.76 1 1
104 1 0.76 0 0
104 1 0.76 1 1
104 1 0.76 0 0
104 1 0.76 1 1
104 1 0.76 1 1
104 1 0.76 1 1
104 1 0.76 0 0
104 1 0.76 1 1
104 1 0.76 1 1
104 1 0.76 0 0
104 1 0.76 0 0
104 1 0.76 1 1
104 1 0.76 1 0
104 1 0.76 1 1
104 1 0.76 0 0
104 1 0.76 0 0
104 1 0.76 0 0
104 1 0.76 1 0
104 1 0.76 1 1
104 1 0.76 0 0
104 1 0.76 1 1
104 1 0.76 1 0
104 1 0.76 1 1
104 1 0.76 1 1
104 1 0.76 1 0
104 1 0.76 1 1
104 1 0.76 1 1
104 1 0.76 1 0
104 1 0.76 1 1
104 1 0.76 0 0
104 1 0.76 0 0
104 1 0.76 1 1
104 1 0.76 1 0
104 1 0.76 1 1
104 1 0.76 1 0
104 1 0.76 0 0
104 1 0.76 1 0
104 1 0.76 0 0
104 1 0.76 0 0
104 1 0.76 1 0
104 1 0.76 0 0
104 1 0.76 1 0
104 1 0.76 1 0
104 1 0.76 1 1
104 1 0.76 1 1
104 1 0.76 1 1
104 1 0.76 0 0
104 1 0.76 0 0
104 1 0.76 1 0
104 1 0.76 1 0
104 1 0.76 1 1
104 1 0.76 0 0
104 1 0.76 1 0
104 1 0.76 0 0
105 1 0.933333 1 0
105 1 0.933333 0 0
105 1 0.933333 0 0
105 1 0.933333 0 0
105 1 0.933333 0 0
105 1 0.933333 1 1
105 1 0.933333 1 1
105 1 0.933333 0 0
105 1 0.933333 1 1
105 1 0.933333 0 0
105 1 0.933333 1 1
105 1 0.933333 0 0
105 1 0.933333 1 1
105 1 0.933333 1 1
105 1 0.933333 0 0
105 1 0.933333 1 1
105 1 0.933333 1 1
105 1 0.933333 1 1
105 1 0.933333 0 0
105 1 0.933333 1 1
105 1 0.933333 1 1
105 1 0.933333 1 1
105 1 0.933333 1 1
105 1 0.933333 1 1
105 1 0.933333 0 0
105 1 0.933333 0 0
105 1 0.933333 0 0
105 1 0.933333 0 1
105 1 0.933333 1 1
105 1 0.933333 0 0
105 1 0.933333 0 1
105 1 0.933333 1 1
105 1 0.933333 0 0
105 1 0.933333 0 0
105 1 0.933333 1 0
105 1 0.933333 0 1
105 1 0.933333 0 0
105 1 0.933333 0 0
105 1 0.933333 0 0
105 1 0.933333 0 0
105 1 0.933333 1 1
105 1 0.933333 0 0
105 1 0.933333 1 1
105 1 0.933333 1 1
105 1 0.933333 1 1
105 1 0.933333 0 1
105 1 0.933333 1 1
105 1 0.933333 1 1
105 1 0.933333 0 0
105 1 0.933333 1 1
105 1 0.933333 0 0
105 1 0.933333 1 1
105 1 0.933333 1 1
105 1 0.933333 0 0
105 1 0.933333 0 0
106 1 1.10667 1 1
106 1 1.10667 0 0
106 1 1.10667 0 0
106 1 1.10667 0 0
106 1 1.10667 1 1
106 1 1.10667 0 0
106 1 1.10667 1 1
106 1 1.10667 0 0
106 1 1.10667 1 1
106 1 1.10667 1 1
106 1 1.10667 0 0
106 1 1.10667 0 0
106 1 1.10667 0 0
106 1 1.10667 0 0
106 1 1.10667 1 1
106 1 1.10667 0 0
106 1 1.10667 0 0
106 1 1.10667 1 1
106 1 1.10667 1 1
106 1 1.10667 1 1
106 1 1.10667 1 1
106 1 1.10667 1 1
106 1 1.10667 1 1
106 1 1.10667 1 1
106 1 1.10667 1 1
106 1 1.10667 1 1
106 1 1.10667 0 0
106 1 1.10667 1 1
106 1 1.10667 0 0
106 1 1.10667 1 1
106 1 1.10667 0 0
106 1 1.10667 0 0
106 1 1.10667 0 0
106 1 1.10667 0 0
106 1 1.10667 0 0
106 1 1.10667 1 1
106 1 1.10667 1 1
106 1 1.10667 0 0
106 1 1.10667 0 0
106 1 1.10667 1 1
106 1 1.10667 1 1
106 1 1.10667 1 1
106 1 1.10667 0 0
106 1 1.10667 0 0
106 1 1.10667 0 0
106 1 1.10667 1 1
106 1 1.10667 0 0
106 1 1.10667 0 0
106 1 1.10667 1 1
106 1 1.10667 1 1
106 1 1.10667 1 1
106 1 1.10667 1 1
106 1 1.10667 1 1
106 1 1.10667 0 0
106 1 1.10667 0 0
107 1 1.28 0 0
107 1 1.28 0 0
107 1 1.28 1 0
107 1 1.28 0 0
107 1 1.28 0 0
107 1 1.28 0 0
107 1 1.28 1 1
107 1 1.28 1 1
107 1 1.28 0 0
107 1 1.28 0 0
107 1 1.28 0 0
107 1 1.28 1 1
107 1 1.28 0 0
107 1 1.28 0 0
107 1 1.28 0 0
107 1 1.28 1 1
107 1 1.28 0 0
107 1 1.28 1 1
107 1 1.28 0 0
107 1 1.28 0 0
107 1 1.28 1 1
107 1 1.28 0 0
107 1 1.28 1 1
107 1 1.28 0 0
107 1 1.28 0 0
107 1 1.28 0 0
107 1 1.28 1 1
107 1 1.28 1 1
107 1 1.28 0 0
107 1 1.28 1 1
107 1 1.28 0 0
107 1 1.28 1 1
107 1 1.28 1 1
107 1 1.28 0 0
107 1 1.28 1 1
107 1 1.28 0 0
107 1 1.28 1 1
107 1 1.28 0 0
107 1 1.28 0 0
107 1 1.28 1 1
107 1 1.28 0 0
107 1 1.28 0 0
107 1 1.28 1 1
107 1 1.28 0 0
107 1 1.28 0 0
107 1 1.28 0 0
107 1 1.28 1 1
107 1 1.28 1 1
107 1 1.28 1 1
107 1 1.28 1 1
107 1 1.28 1 1
107 1 1.28 0 0
107 1 1.28 0 0
107 1 1.28 0 0
107 1 1.28 0 0
108 1 1.45333 1 1
108 1 1.45333 0 0
108 1 1.45333 1 1
108 1 1.45333 0 0
108 1 1.45333 1 1
108 1 1.45333 0 0
108 1 1.45333 0 0
108 1 1.45333 0 0
108 1 1.45333 1 1
108 1 1.45333 0 0
108 1 1.45333 0 0
108 1 1.45333 1 1
108 1 1.45333 0 0
108 1 1.45333 1 1
108 1 1.45333 1 1
108 1 1.45333 0 0
108 1 1.45333 0 0
108 1 1.45333 1 1
108 1 1.45333 1 1
108 1 1.45333 0 0
108 1 1.45333 0 0
108 1 1.45333 0 0
108 1 1.45333 0 0
108 1 1.45333 0 0
108 1 1.45333 0 0
108 1 1.45333 1 1
108 1 1.45333 0 0
108 1 1.45333 0 0
108 1 1.45333 1 1
108 1 1.45333 1 1
108 1 1.45333 0 0
108 1 1.45333 0 0
108 1 1.45333 1 1
108 1 1.45333 0 0
108 1 1.45333 0 0
108 1 1.45333 0 0
108 1 1.45333 0 0
108 1 1.45333 0 0
108 1 1.45333 0 0
108 1 1.45333 1 1
108 1 1.45333 0 0
108 1 1.45333 1 1
108 1 1.45333 1 1
108 1 1.45333 0 0
108 1 1.45333 1 1
108 1 1.45333 0 0
108 1 1.45333 0 0
108 1 1.45333 1 1
108 1 1.45333 1 1
108 1 1.45333 1 1
108 1 1.45333 0 0
108 1 1.45333 1 1
108 1 1.45333 0 0
108 1 1.45333 1 1
108 1 1.45333 1 1
109 1 1.62667 1 1
109 1 1.62667 0 0
109 1 1.62667 0 0
109 1 1.62667 1 1
109 1 1.62667 1 1
109 1 1.62667 0 0
109 1 1.62667 1 1
109 1 1.62667 1 1
109 1 1.62667 0 0
109 1 1.62667 0 0
109 1 1.62667 0 0
109 1 1.62667 0 0
109 1 1.62667 1 1
109 1 1.62667 0 0
109 1 1.62667 1 1
109 1 1.62667 0 0
109 1 1.62667 0 0
109 1 1.62667 0 0
109 1 1.62667 0 0
109 1 1.62667 1 1
109 1 1.62667 1 1
109 1 1.62667 1 1
109 1 1.62667 1 1
109 1 1.62667 1 1
109 1 1.62667 1 1
109 1 1.62667 1 1
109 1 1.62667 1 1
109 1 1.62667 0 0
109 1 1.62667 0 0
109 1 1.62667 1 1
109 1 1.62667 1 1
109 1 1.62667 0 0
109 1 1.62667 0 0
109 1 1.62667 0 0
109 1 1.62667 0 0
109 1 1.62667 0 0
109 1 1.62667 0 0
109 1 1.62667 1 1
109 1 1.62667 0 0
109 1 1.62667 0 0
109 1 1.62667 0 0
109 1 1.62667 1 1
109 1 1.62667 1 1
109 1 1.62667 0 0
109 1 1.62667 0 0
109 1 1.62667 0 0
109 1 1.62667 1 1
109 1 1.62667 1 1
109 1 1.62667 0 0
109 1 1.62667 1 1
109 1 1.62667 0 0
109 1 1.62667 1 1
109 1 1.62667 0 0
109 1 1.62667 0 0
109 1 1.62667 0 0
110 1 1.8 0 1
110 1 1.8 0 0
110 1 1.8 0 0
110 1 1.8 0 0
110 1 1.8 1 1
110 1 1.8 0 0
110 1 1.8 1 1
110 1 1.8 1 1
110 1 1.8 0 0
110 1 1.8 0 0
110 1 1.8 1 1
110 1 1.8 1 1
110 1 1.8 0 0
110 1 1.8 1 1
110 1 1.8 1 1
110 1 1.8 1 1
110 1 1.8 1 1
110 1 1.8 0 0
110 1 1.8 0 0
110 1 1.8 1 1
110 1 1.8 0 0
110 1 1.8 1 1
110 1 1.8 0 0
110 1 1.8 0 0
110 1 1.8 0 0
110 1 1.8 1 1
110 1 1.8 1 1
110 1 1.8 0 0
110 1 1.8 1 1
110 1 1.8 1 1
110 1 1.8 0 0
110 1 1.8 1 1
110 1 1.8 0 0
110 1 1.8 1 1
110 1 1.8 1 1
110 1 1.8 0 0
110 1 1.8 1 1
110 1 1.8 1 1
110 1 1.8 1 1
110 1 1.8 0 0
110 1 1.8 0 0
110 1 1.8 0 0
110 1 1.8 1 1
110 1 1.8 1 1
110 1 1.8 0 0
110 1 1.8 1 1
110 1 1.8 1 1
110 1 1.8 0 0
110 1 1.8 1 1
110 1 1.8 0 0
110 1 1.8 0 0
110 1 1.8 0 0
110 1 1.8 0 0
110 1 1.8 1 1
110 1 1.8 0 0
127 1 0.25 0 0
127 1 0.25 0 0
127 1 0.25 1 1
127 1 0.25 1 0
127 1 0.25 1 1
127 1 0.25 1 1
127 1 0.25 1 1
127 1 0.25 0 0
127 1 0.25 0 0
127 1 0.25 1 0
127 1 0.25 0 1
127 1 0.25 0 0
127 1 0.25 0 1
127 1 0.25 0 0
127 1 0.25 1 1
127 1 0.25 1 0
127 1 0.25 0 1
127 1 0.25 1 0
127 1 0.25 0 1
127 1 0.25 1 0
127 1 0.25 0 1
127 1 0.25 1 1
127 1 0.25 1 1
127 1 0.25 0 0
127 1 0.25 1 1
127 1 0.25 1 0
127 1 0.25 1 1
127 1 0.25 0 1
127 1 0.25 1 0
127 1 0.25 1 1
127 1 0.25 1 1
127 1 0.25 1 1
127 1 0.25 1 0
127 1 0.25 0 1
127 1 0.25 0 1
127 1 0.25 0 1
127 1 0.25 0 0
127 1 0.25 1 1
127 1 0.25 0 1
127 1 0.25 0 1
127 1 0.25 1 0
127 1 0.25 0 1
127 1 0.25 0 0
127 1 0.25 1 0
127 1 0.25 0 1
127 1 0.25 0 1
127 1 0.25 0 1
127 1 0.25 0 1
127 1 0.25 0 0
127 1 0.25 1 0
127 1 0.25 0 1
127 1 0.25 1 1
127 1 0.25 1 1
127 1 0.25 1 1
127 1 0.25 0 1
128 1 0.443333 0 0
128 1 0.443333 1 0
128 1 0.443333 1 1
128 1 0.443333 1 1
128 1 0.443333 1 0
128 1 0.443333 1 1
128 1 0.443333 0 1
128 1 0.443333 1 0
128 1 0.443333 1 1
128 1 0.443333 0 1
128 1 0.443333 1 0
128 1 0.443333 1 1
128 1 0.443333 1 1
128 1 0.443333 0 0
128 1 0.443333 0 1
128 1 0.443333 0 0
128 1 0.443333 0 1
128 1 0.443333 0 0
128 1 0.443333 0 1
128 1 0.443333 0 0
128 1 0.443333 1 1
128 1 0.443333 0 0
128 1 0.443333 1 1
128 1 0.443333 1 0
128 1 0.443333 1 1
128 1 0.443333 1 0
128 1 0.443333 0 0
128 1 0.443333 0 1
128 1 0.443333 1 0
128 1 0.443333 0 0
128 1 0.443333 1 1
128 1 0.443333 1 0
128 1 0.443333 1 1
128 1 0.443333 1 1
128 1 0.443333 1 1
128 1 0.443333 0 0
128 1 0.443333 0 0
128 1 0.443333 0 0
128 1 0.443333 0 1
128 1 0.443333 1 0
128 1 0.443333 1 0
128 1 0.443333 1 1
128 1 0.443333 1 1
128 1 0.443333 1 1
128 1 0.443333 1 0
128 1 0.443333 0 1
128 1 0.443333 0 0
128 1 0.443333 0 0
128 1 0.443333 1 1
128 1 0.443333 0 0
128 1 0.443333 0 0
128 1 0.443333 1 1
128 1 0.443333 0 0
128 1 0.443333 1 1
128 1 0.443333 1 0
129 1 0.636667 1 0
129 1 0.636667 1 1
129 1 0.636667 0 0
129 1 0.636667 1 1
129 1 0.636667 0 0
129 1 0.636667 1 0
129 1 0.636667 0 1
129 1 0.636667 0 1
129 1 0.636667 0 0
129 1 0.636667 1 0
129 1 0.636667 0 0
129 1 0.636667 1 0
129 1 0.636667 1 0
129 1 0.636667 0 0
129 1 0.636667 0 0
129 1 0.636667 1 1
129 1 0.636667 1 1
129 1 0.636667 1 1
129 1 0.636667 0 0
129 1 0.636667 0 0
129 1 0.636667 1 1
129 1 0.636667 1 0
129 1 0.636667 1 0
129 1 0.636667 1 1
129 1 0.636667 1 1
129 1 0.636667 1 1
129 1 0.636667 0 0
129 1 0.636667 0 0
129 1 0.636667 0 0
129 1 0.636667 1 0
129 1 0.636667 0 0
129 1 0.636667 0 0
129 1 0.636667 0 0
129 1 0.636667 1 1
129 1 0.636667 0 0
129 1 0.636667 0 0
129 1 0.636667 0 0
129 1 0.636667 1 1
129 1 0.636667 1 1
129 1 0.636667 1 0
129 1 0.636667 1 0
129 1 0.636667 0 0
129 1 0.636667 0 1
129 1 0.636667 1 0
129 1 0.636667 0 0
129 1 0.636667 0 0
129 1 0.636667 1 1
129 1 0.636667 0 0
129 1 0.636667 1 1
129 1 0.636667 1 1
129 1 0.636667 0 0
129 1 0.636667 0 0
129 1 0.636667 0 0
129 1 0.636667 1 1
129 1 0.636667 1 1
130 1 0.83 0 0
130 1 0.83 1 1
130 1 0.83 0 0
130 1 0.83 1 1
130 1 0.83 0 0
130 1 0.83 0 0
130 1 0.83 0 1
130 1 0.83 0 0
130 1 0.83 0 0
130 1 0.83 1 1
130 1 0.83 0 0
130 1 0.83 0 0
130 1 0.83 0 0
130 1 0.83 1 1
130 1 0.83 0 0
130 1 0.83 1 0
130 1 0.83 0 0
130 1 0.83 1 0
130 1 0.83 1 0
130 1 0.83 0 0
130 1 0.83 0 0
130 1 0.83 0 0
130 1 0.83 0 0
130 1 0.83 1 1
130 1 0.83 0 0
130 1 0.83 0 0
130 1 0.83 1 1
130 1 0.83 1 1
130 1 0.83 1 1
130 1 0.83 1 1
130 1 0.83 1 1
130 1 0.83 1 1
130 1 0.83 1 1
130 1 0.83 1 1
130 1 0.83 1 1
130 1 0.83 0 0
130 1 0.83 1 1
130 1 0.83 0 0
130 1 0.83 1 1
130 1 0.83 0 0
130 1 0.83 0 0
130 1 0.83 0 0
130 1 0.83 0 0
130 1 0.83 0 0
130 1 0.83 1 1
130 1 0.83 1 1
130 1 0.83 0 0
130 1 0.83 0 0
130 1 0.83 1 0
130 1 0.83 1 1
130 1 0.83 1 1
130 1 0.83 0 1
130 1 0.83 0 0
130 1 0.83 0 0
130 1 0.83 1 1
131 1 1.02333 0 0
131 1 1.02333 0 0
131 1 1.02333 0 0
131 1 1.02333 1 1
131 1 1.02333 0 0
131 1 1.02333 1 1
131 1 1.02333 1 1
131 1 1.02333 0 0
131 1 1.02333 1 1
131 1 1.02333 1 1
131 1 1.02333 1 1
131 1 1.02333 0 0
131 1 1.02333 0 0
131 1 1.02333 1 1
131 1 1.02333 0 0
131 1 1.02333 1 1
131 1 1.02333 0 0
131 1 1.02333 1 1
131 1 1.02333 1 1
131 1 1.02333 1 1
131 1 1.02333 0 0
131 1 1.02333 0 0
131 1 1.02333 0 0
131 1 1.02333 0 0
131 1 1.02333 1 1
131 1 1.02333 0 0
131 1 1.02333 1 1
131 1 1.02333 0 0
131 1 1.02333 1 1
131 1 1.02333 0 0
131 1 1.02333 0 0
131 1 1.02333 0 0
131 1 1.02333 1 1
131 1 1.02333 1 1
131 1 1.02333 1 1
131 1 1.02333 1 1
131 1 1.02333 1 1
131 1 1.02333 0 0
131 1 1.02333 0 0
131 1 1.02333 1 1
131 1 1.02333 0 0
131 1 1.02333 1 1
131 1 1.02333 1 1
131 1 1.02333 1 1
131 1 1.02333 0 0
131 1 1.02333 0 0
131 1 1.02333 0 0
131 1 1.02333 1 1
131 1 1.02333 1 1
131 1 1.02333 1 1
131 1 1.02333 0 0
131 1 1.02333 1 1
131 1 1.02333 1 1
131 1 1.02333 0 0
131 1 1.02333 0 0
132 1 1.21667 0 0
132 1 1.21667 1 1
132 1 1.21667 1 1
132 1 1.21667 0 0
132 1 1.21667 1 1
132 1 1.21667 1 1
132 1 1.21667 1 1
132 1 1.21667 0 0
132 1 1.21667 1 1
132 1 1.21667 0 0
132 1 1.21667 1 1
132 1 1.21667 1 1
132 1 1.21667 0 0
132 1 1.21667 1 1
132 1 1.21667 0 0
132 1 1.21667 1 1
132 1 1.21667 0 0
132 1 1.21667 0 0
132 1 1.21667 0 0
132 1 1.21667 1 1
132 1 1.21667 0 0
132 1 1.21667 0 0
132 1 1.21667 1 1
132 1 1.21667 1 1
132 1 1.21667 1 1
132 1 1.21667 0 0
132 1 1.21667 1 1
132 1 1.21667 0 0
132 1 1.21667 0 0
132 1 1.21667 1 1
132 1 1.21667 1 1
132 1 1.21667 0 0
132 1 1.21667 0 0
132 1 1.21667 1 1
132 1 1.21667 0 0
132 1 1.21667 1 1
132 1 1.21667 1 1
132 1 1.21667 0 0
132 1 1.21667 1 1
132 1 1.21667 1 1
132 1 1.21667 1 1
132 1 1.21667 0 0
132 1 1.21667 1 1
132 1 1.21667 0 0
132 1 1.21667 1 1
132 1 1.21667 1 1
132 1 1.21667 1 1
132 1 1.21667 0 0
132 1 1.21667 0 0
132 1 1.21667 0 0
132 1 1.21667 0 0
132 1 1.21667 0 0
132 1 1.21667 0 0
132 1 1.21667 1 1
132 1 1.21667 1 1
133 1 1.41 1 1
133 1 1.41 1 1
133 1 1.41 0 0
133 1 1.41 1 1
133 1 1.41 0 0
133 1 1.41 1 1
133 1 1.41 1 1
133 1 1.41 0 0
133 1 1.41 0 0
133 1 1.41 1 1
133 1 1.41 0 0
133 1 1.41 0 0
133 1 1.41 1 1
133 1 1.41 1 1
133 1 1.41 0 0
133 1 1.41 1 1
133 1 1.41 1 1
133 1 1.41 0 0
133 1 1.41 0 0
133 1 1.41 0 0
133 1 1.41 0 0
133 1 1.41 1 1
133 1 1.41 0 0
133 1 1.41 1 1
133 1 1.41 0 0
133 1 1.41 0 0
133 1 1.41 0 0
133 1 1.41 0 0
133 1 1.41 1 1
133 1 1.41 1 1
133 1 1.41 1 1
133 1 1.41 1 1
133 1 1.41 1 1
133 1 1.41 1 1
133 1 1.41 1 1
133 1 1.41 1 1
133 1 1.41 0 0
133 1 1.41 0 0
133 1 1.41 1 1
133 1 1.41 1 1
133 1 1.41 0 0
133 1 1.41 0 0
133 1 1.41 0 0
133 1 1.41 0 0
133 1 1.41 0 0
133 1 1.41 0 0
133 1 1.41 1 1
133 1 1.41 0 0
133 1 1.41 0 0
133 1 1.41 0 0
133 1 1.41 1 1
133 1 1.41 1 1
133 1 1.41 0 0
133 1 1.41 0 0
133 1 1.41 0 0
134 1 1.60333 1 1
134 1 1.60333 1 1
134 1 1.60333 1 1
134 1 1.60333 1 1
134 1 1.60333 1 1
134 1 1.60333 0 0
134 1 1.60333 0 0
134 1 1.60333 0 0
134 1 1.60333 0 0
134 1 1.60333 1 1
134 1 1.60333 0 0
134 1 1.60333 1 1
134 1 1.60333 1 1
134 1 1.60333 0 0
134 1 1.60333 0 0
134 1 1.60333 1 1
134 1 1.60333 0 0
134 1 1.60333 1 1
134 1 1.60333 0 0
134 1 1.60333 0 0
134 1 1.60333 1 1
134 1 1.60333 1 1
134 1 1.60333 1 1
134 1 1.60333 1 1
134 1 1.60333 1 1
134 1 1.60333 1 1
134 1 1.60333 1 1
134 1 1.60333 0 0
134 1 1.60333 0 0
134 1 1.60333 1 1
134 1 1.60333 0 0
134 1 1.60333 0 0
134 1 1.60333 0 0
134 1 1.60333 1 1
134 1 1.60333 0 0
134 1 1.60333 0 0
134 1 1.60333 1 1
134 1 1.60333 1 1
134 1 1.60333 1 1
134 1 1.60333 1 1
134 1 1.60333 0 0
134 1 1.60333 1 1
134 1 1.60333 0 0
134 1 1.60333 1 1
134 1 1.60333 1 1
134 1 1.60333 1 1
134 1 1.60333 0 0
134 1 1.60333 0 0
134 1 1.60333 1 1
134 1 1.60333 0 0
134 1 1.60333 0 0
134 1 1.60333 1 1
134 1 1.60333 0 0
134 1 1.60333 0 0
134 1 1.60333 0 0
151 1 0.333333 1 0
151 1 0.333333 1 1
151 1 0.333333 0 0
151 1 0.333333 0 1
151 1 0.333333 1 0
151 1 0.333333 0 0
151 1 0.333333 1 0
151 1 0.333333 0 1
151 1 0.333333 0 0
151 1 0.333333 0 1
151 1 0.333333 0 0
151 1 0.333333 0 0
151 1 0.333333 1 0
151 1 0.333333 0 1
151 1 0.333333 1 0
151 1 0.333333 1 1
151 1 0.333333 1 1
151 1 0.333333 1 0
151 1 0.333333 1 1
151 1 0.333333 0 0
151 1 0.333333 0 0
151 1 0.333333 1 0
151 1 0.333333 0 1
151 1 0.333333 1 0
151 1 0.333333 1 1
151 1 0.333333 1 0
151 1 0.333333 0 1
151 1 0.333333 1 1
151 1 0.333333 1 1
151 1 0.333333 1 0
151 1 0.333333 1 0
151 1 0.333333 1 1
151 1 0.333333 0 0
151 1 0.333333 0 0
151 1 0.333333 0 0
151 1 0.333333 0 0
151 1 0.333333 1 0
151 1 0.333333 1 0
151 1 0.333333 0 1
151 1 0.333333 0 1
151 1 0.333333 1 1
151 1 0.333333 0 0
151 1 0.333333 1 1
151 1 0.333333 1 0
151 1 0.333333 0 1
151 1 0.333333 0 0
151 1 0.333333 0 0
151 1 0.333333 1 1
151 1 0.333333 0 0
151 1 0.333333 0 1
151 1 0.333333 0 0
151 1 0.333333 0 0
151 1 0.333333 0 0
151 1 0.333333 0 0
151 1 0.333333 0 0
152 1 0.5 0 1
152 1 0.5 1 0
152 1 0.5 1 1
152 1 0.5 1 0
152 1 0.5 1 1
152 1 0.5 1 1
152 1 0.5 1 0
152 1 0.5 1 1
152 1 0.5 0 1
152 1 0.5 0 0
152 1 0.5 1 0
152 1 0.5 0 0
152 1 0.5 1 1
152 1 0.5 1 1
152 1 0.5 1 1
152 1 0.5 0 0
152 1 0.5 0 1
152 1 0.5 1 0
152 1 0.5 0 0
152 1 0.5 0 0
152 1 0.5 1 0
152 1 0.5 1 1
152 1 0.5 1 1
152 1 0.5 1 1
152 1 0.5 1 0
152 1 0.5 1 1
152 1 0.5 1 0
152 1 0.5 0 1
152 1 0.5 1 0
152 1 0.5 0 0
152 1 0.5 0 0
152 1 0.5 1 0
152 1 0.5 1 1
152 1 0.5 1 1
152 1 0.5 0 0
152 1 0.5 0 0
152 1 0.5 1 0
152 1 0.5 0 0
152 1 0.5 1 0
152 1 0.5 0 1
152 1 0.5 0 0
152 1 0.5 1 0
152 1 0.5 1 1
152 1 0.5 0 0
152 1 0.5 1 1
152 1 0.5 0 0
152 1 0.5 1 1
152 1 0.5 1 0
152 1 0.5 0 0
152 1 0.5 0 1
152 1 0.5 0 0
152 1 0.5 1 1
152 1 0.5 1 0
152 1 0.5 0 1
152 1 0.5 0 0
153 1 0.666667 1 0
153 1 0.666667 1 1
153 1 0.666667 1 0
153 1 0.666667 0 0
153 1 0.666667 0 0
153 1 0.666667 0 0
153 1 0.666667 1 1
153 1 0.666667 0 0
153 1 0.666667 1 1
153 1 0.666667 0 0
153 1 0.666667 0 1
153 1 0.666667 0 0
153 1 0.666667 1 0
153 1 0.666667 1 1
153 1 0.666667 1 0
153 1 0.666667 0 0
153 1 0.666667 1 1
153 1 0.666667 0 0
153 1 0.666667 0 0
153 1 0.666667 0 0
153 1 0.666667 0 1
153 1 0.666667 0 0
153 1 0.666667 1 0
153 1 0.666667 0 0
153 1 0.666667 1 1
153 1 0.666667 0 1
153 1 0.666667 1 1
153 1 0.666667 1 0
153 1 0.666667 1 1
153 1 0.666667 1 1
153 1 0.666667 1 1
153 1 0.666667 0 0
153 1 0.666667 0 0
153 1 0.666667 0 0
153 1 0.666667 1 1
153 1 0.666667 1 0
153 1 0.666667 0 1
153 1 0.666667 1 1
153 1 0.666667 1 1
153 1 0.666667 0 0
153 1 0.666667 0 0
153 1 0.666667 1 1
153 1 0.666667 0 0
153 1 0.666667 0 0
153 1 0.666667 1 1
153 1 0.666667 1 1
153 1 0.666667 0 0
153 1 0.666667 1 0
153 1 0.666667 0 0
153 1 0.666667 1 1
153 1 0.666667 0 0
153 1 0.666667 0 0
153 1 0.666667 1 1
153 1 0.666667 0 1
153 1 0.666667 1 1
154 1 0.833333 0 0
154 1 0.833333 0 0
154 1 0.833333 1 1
154 1 0.833333 0 0
154 1 0.833333 0 0
154 1 0.833333 1 1
154 1 0.833333 1 1
154 1 0.833333 0 0
154 1 0.833333 1 1
154 1 0.833333 0 0
154 1 0.833333 1 1
154 1 0.833333 1 1
154 1 0.833333 0 1
154 1 0.833333 1 1
154 1 0.833333 0 0
154 1 0.833333 0 1
154 1 0.833333 1 1
154 1 0.833333 0 0
154 1 0.833333 1 1
154 1 0.833333 0 0
154 1 0.833333 1 1
154 1 0.833333 0 0
154 1 0.833333 0 0
154 1 0.833333 0 0
154 1 0.833333 0 0
154 1 0.833333 0 0
154 1 0.833333 1 1
154 1 0.833333 1 1
154 1 0.833333 0 0
154 1 0.833333 0 0
154 1 0.833333 1 1
154 1 0.833333 0 0
154 1 0.833333 0 0
154 1 0.833333 0 0
154 1 0.833333 0 0
154 1 0.833333 0 0
154 1 0.833333 1 1
154 1 0.833333 1 1
154 1 0.833333 1 1
154 1 0.833333 1 0
154 1 0.833333 1 1
154 1 0.833333 1 1
154 1 0.833333 1 1
154 1 0.833333 0 0
154 1 0.833333 0 0
154 1 0.833333 0 0
154 1 0.833333 1 1
154 1 0.833333 0 0
154 1 0.833333 0 0
154 1 0.833333 0 0
154 1 0.833333 1 1
154 1 0.833333 0 0
154 1 0.833333 1 1
154 1 0.833333 0 0
154 1 0.833333 1 1
155 1 1 0 0
155 1 1 0 0
155 1 1 0 0
155 1 1 0 0
155 1 1 1 1
155 1 1 0 0
155 1 1 0 0
155 1 1 1 1
155 1 1 1 1
155 1 1 0 0
155 1 1 1 1
155 1 1 1 1
155 1 1 1 1
155 1 1 1 1
155 1 1 0 0
155 1 1 0 0
155 1 1 0 0
155 1 1 1 1
155 1 1 0 0
155 1 1 0 0
155 1 1 0 0
155 1 1 0 0
155 1 1 0 0
155 1 1 0 0
155 1 1 1 1
155 1 1 0 0
155 1 1 0 1
155 1 1 0 0
155 1 1 1 1
155 1 1 1 1
155 1 1 0 0
155 1 1 0 0
155 1 1 1 1
155 1 1 1 1
155 1 1 1 1
155 1 1 0 0
155 1 1 0 0
155 1 1 0 0
155 1 1 1 1
155 1 1 0 0
155 1 1 0 0
155 1 1 0 0
155 1 1 1 1
155 1 1 1 1
155 1 1 0 0
155 1 1 1 1
155 1 1 1 1
155 1 1 0 0
155 1 1 0 0
155 1 1 1 1
155 1 1 0 0
155 1 1 0 0
155 1 1 0 0
155 1 1 0 0
155 1 1 0 0
156 1 1.16667 1 1
156 1 1.16667 0 0
156 1 1.16667 1 1
156 1 1.16667 0 0
156 1 1.16667 1 1
156 1 1.16667 0 0
156 1 1.16667 0 0
156 1 1.16667 1 1
156 1 1.16667 1 1
156 1 1.16667 0 0
156 1 1.16667 1 1
156 1 1.16667 1 1
156 1 1.16667 0 0
156 1 1.16667 0 0
156 1 1.16667 1 1
156 1 1.16667 1 1
156 1 1.16667 1 1
156 1 1.16667 1 1
156 1 1.16667 0 0
156 1 1.16667 0 0
156 1 1.16667 0 0
156 1 1.16667 1 1
156 1 1.16667 1 1
156 1 1.16667 1 1
156 1 1.16667 0 0
156 1 1.16667 1 1
156 1 1.16667 0 0
156 1 1.16667 0 0
156 1 1.16667 0 0
156 1 1.16667 1 1
156 1 1.16667 1 1
156 1 1.16667 0 0
156 1 1.16667 0 0
156 1 1.16667 1 1
156 1 1.16667 1 1
156 1 1.16667 1 1
156 1 1.16667 1 1
156 1 1.16667 0 0
156 1 1.16667 0 0
156 1 1.16667 1 1
156 1 1.16667 1 1
156 1 1.16667 0 0
156 1 1.16667 0 0
156 1 1.16667 0 0
156 1 1.16667 0 0
156 1 1.16667 1 1
156 1 1.16667 0 0
156 1 1.16667 0 0
156 1 1.16667 1 1
156 1 1.16667 1 1
156 1 1.16667 1 1
156 1 1.16667 0 0
156 1 1.16667 1 1
156 1 1.16667 0 0
156 1 1.16667 0 0
157 1 1.33333 0 0
157 1 1.33333 0 0
157 1 1.33333 0 0
157 1 1.33333 1 1
157 1 1.33333 0 0
157 1 1.33333 1 1
157 1 1.33333 1 1
157 1 1.33333 0 0
157 1 1.33333 1 1
157 1 1.33333 1 1
157 1 1.33333 0 0
157 1 1.33333 0 0
157 1 1.33333 1 1
157 1 1.33333 0 0
157 1 1.33333 0 0
157 1 1.33333 0 0
157 1 1.33333 1 1
157 1 1.33333 0 0
157 1 1.33333 1 1
157 1 1.33333 1 1
157 1 1.33333 1 1
157 1 1.33333 0 0
157 1 1.33333 0 0
157 1 1.33333 0 0
157 1 1.33333 1 1
157 1 1.33333 1 1
157 1 1.33333 1 1
157 1 1.33333 1 1
157 1 1.33333 0 0
157 1 1.33333 1 1
157 1 1.33333 0 0
157 1 1.33333 1 1
157 1 1.33333 0 0
157 1 1.33333 0 0
157 1 1.33333 1 1
157 1 1.33333 1 1
157 1 1.33333 0 0
157 1 1.33333 1 1
157 1 1.33333 1 1
157 1 1.33333 1 1
157 1 1.33333 1 1
157 1 1.33333 0 0
157 1 1.33333 1 1
157 1 1.33333 0 0
157 1 1.33333 1 1
157 1 1.33333 0 0
157 1 1.33333 1 1
157 1 1.33333 1 1
157 1 1.33333 1 1
157 1 1.33333 0 0
157 1 1.33333 0 0
157 1 1.33333 1 1
157 1 1.33333 0 0
157 1 1.33333 0 0
157 1 1.33333 1 1
158 1 1.5 1 1
158 1 1.5 1 1
158 1 1.5 0 0
158 1 1.5 0 0
158 1 1.5 0 0
158 1 1.5 0 0
158 1 1.5 0 0
158 1 1.5 1 1
158 1 1.5 0 0
158 1 1.5 1 1
158 1 1.5 0 0
158 1 1.5 1 1
158 1 1.5 0 0
158 1 1.5 1 1
158 1 1.5 0 0
158 1 1.5 0 0
158 1 1.5 0 0
158 1 1.5 0 0
158 1 1.5 0 0
158 1 1.5 0 0
158 1 1.5 1 1
158 1 1.5 0 0
158 1 1.5 1 1
158 1 1.5 1 1
158 1 1.5 1 1
158 1 1.5 0 0
158 1 1.5 1 1
158 1 1.5 0 0
158 1 1.5 1 1
158 1 1.5 0 0
158 1 1.5 0 0
158 1 1.5 1 1
158 1 1.5 1 1
158 1 1.5 1 1
158 1 1.5 1 1
158 1 1.5 0 0
158 1 1.5 0 0
158 1 1.5 1 1
158 1 1.5 1 1
158 1 1.5 0 0
158 1 1.5 0 0
158 1 1.5 0 0
158 1 1.5 1 1
158 1 1.5 1 1
158 1 1.5 1 1
158 1 1.5 0 0
158 1 1.5 0 0
158 1 1.5 0 0
158 1 1.5 1 1
158 1 1.5 1 1
158 1 1.5 0 0
158 1 1.5 0 0
158 1 1.5 0 0
158 1 1.5 1 1
158 1 1.5 1 1
175 1 0.25 0 1
175 1 0.25 1 1
175 1 0.25 1 0
175 1 0.25 1 1
175 1 0.25 0 0
175 1 0.25 1 1
175 1 0.25 1 0
175 1 0.25 1 0
175 1 0.25 1 0
175 1 0.25 0 0
175 1 0.25 0 0
175 1 0.25 0 0
175 1 0.25 0 0
175 1 0.25 1 0
175 1 0.25 0 1
175 1 0.25 1 0
175 1 0.25 1 0
175 1 0.25 0 1
175 1 0.25 1 0
175 1 0.25 1 0
175 1 0.25 0 1
175 1 0.25 1 1
175 1 0.25 0 0
175 1 0.25 1 0
175 1 0.25 0 0
175 1 0.25 0 1
175 1 0.25 1 1
175 1 0.25 0 1
175 1 0.25 0 1
175 1 0.25 1 0
175 1 0.25 1 0
175 1 0.25 0 1
175 1 0.25 1 0
175 1 0.25 0 0
175 1 0.25 1 0
175 1 0.25 1 1
175 1 0.25 0 1
175 1 0.25 0 0
175 1 0.25 0 1
175 1 0.25 1 0
175 1 0.25 0 0
175 1 0.25 1 1
175 1 0.25 0 1
175 1 0.25 1 0
175 1 0.25 1 0
175 1 0.25 0 1
175 1 0.25 0 0
175 1 0.25 1 0
175 1 0.25 1 1
175 1 0.25 1 1
175 1 0.25 0 1
175 1 0.25 0 0
175 1 0.25 0 0
175 1 0.25 1 1
175 1 0.25 0 0
176 1 0.376667 0 0
176 1 0.376667 0 0
176 1 0.376667 1 0
176 1 0.376667 0 0
176 1 0.376667 1 1
176 1 0.376667 0 0
176 1 0.376667 1 1
176 1 0.376667 1 0
176 1 0.376667 0 1
176 1 0.376667 0 0
176 1 0.376667 0 0
176 1 0.376667 0 0
176 1 0.376667 1 0
176 1 0.376667 0 1
176 1 0.376667 0 0
176 1 0.376667 0 0
176 1 0.376667 1 1
176 1 0.376667 1 0
176 1 0.376667 0 1
176 1 0.376667 0 0
176 1 0.376667 1 1
176 1 0.376667 1 0
176 1 0.376667 1 0
176 1 0.376667 0 1
176 1 0.376667 1 1
176 1 0.376667 0 0
176 1 0.376667 0 0
176 1 0.376667 1 1
176 1 0.376667 0 0
176 1 0.376667 0 1
176 1 0.376667 0 0
176 1 0.376667 0 0
176 1 0.376667 1 1
176 1 0.376667 0 0
176 1 0.376667 0 1
176 1 0.376667 1 0
176 1 0.376667 0 0
176 1 0.376667 1 0
176 1 0.376667 0 1
176 1 0.376667 1 0
176 1 0.376667 1 0
176 1 0.376667 1 0
176 1 0.376667 0 0
176 1 0.376667 1 1
176 1 0.376667 1 0
176 1 0.376667 1 0
176 1 0.376667 0 1
176 1 0.376667 0 0
176 1 0.376667 1 1
176 1 0.376667 1 0
176 1 0.376667 0 1
176 1 0.376667 0 0
176 1 0.376667 0 0
176 1 0.376667 0 0
176 1 0.376667 1 0
177 1 0.503333 0 0
177 1 0.503333 1 0
177 1 0.503333 0 0
177 1 0.503333 0 0
177 1 0.503333 0 0
177 1 0.503333 0 0
177 1 0.503333 0 0
177 1 0.503333 0 0
177 1 0.503333 1 0
177 1 0.503333 1 1
177 1 0.503333 0 1
177 1 0.503333 1 0
177 1 0.503333 0 1
177 1 0.503333 0 0
177 1 0.503333 0 1
177 1 0.503333 1 0
177 1 0.503333 1 1
177 1 0.503333 0 0
177 1 0.503333 0 1
177 1 0.503333 1 1
177 1 0.503333 1 1
177 1 0.503333 1 0
177 1 0.503333 1 1
177 1 0.503333 1 0
177 1 0.503333 0 1
177 1 0.503333 1 1
177 1 0.503333 0 0
177 1 0.503333 0 0
177 1 0.503333 1 1
177 1 0.503333 1 0
177 1 0.503333 0 0
177 1 0.503333 1 1
177 1 0.503333 1 1
177 1 0.503333 0 0
177 1 0.503333 0 1
177 1 0.503333 1 1
177 1 0.503333 1 1
177 1 0.503333 1 0
177 1 0.503333 0 1
177 1 0.503333 0 1
177 1 0.503333 0 0
177 1 0.503333 1 1
177 1 0.503333 1 0
177 1 0.503333 1 1
177 1 0.503333 1 1
177 1 0.503333 0 0
177 1 0.503333 1 1
177 1 0.503333 1 0
177 1 0.503333 1 0
177 1 0.503333 0 0
177 1 0.503333 0 1
177 1 0.503333 0 0
177 1 0.503333 0 0
177 1 0.503333 1 0
177 1 0.503333 1 1
178 1 0.63 0 0
178 1 0.63 1 0
178 1 0.63 0 0
178 1 0.63 1 1
178 1 0.63 0 0
178 1 0.63 0 0
178 1 0.63 1 1
178 1 0.63 0 0
178 1 0.63 0 0
178 1 0.63 1 1
178 1 0.63 1 0
178 1 0.63 1 1
178 1 0.63 0 0
178 1 0.63 0 0
178 1 0.63 0 0
178 1 0.63 0 0
178 1 0.63 1 1
178 1 0.63 1 0
178 1 0.63 1 1
178 1 0.63 0 0
178 1 0.63 1 1
178 1 0.63 0 0
178 1 0.63 0 0
178 1 0.63 0 0
178 1 0.63 1 1
178 1 0.63 0 0
178 1 0.63 0 1
178 1 0.63 1 1
178 1 0.63 0 0
178 1 0.63 1 1
178 1 0.63 1 1
178 1 0.63 1 1
178 1 0.63 1 1
178 1 0.63 0 0
178 1 0.63 1 1
178 1 0.63 1 1
178 1 0.63 0 0
178 1 0.63 0 0
178 1 0.63 0 0
178 1 0.63 1 1
178 1 0.63 1 1
178 1 0.63 1 1
178 1 0.63 1 1
178 1 0.63 1 1
178 1 0.63 1 0
178 1 0.63 0 1
178 1 0.63 0 0
178 1 0.63 0 0
178 1 0.63 1 0
178 1 0.63 0 0
178 1 0.63 1 1
178 1 0.63 1 0
178 1 0.63 1 1
178 1 0.63 0 0
178 1 0.63 1 1
179 1 0.756667 1 0
179 1 0.756667 0 0
179 1 0.756667 0 0
179 1 0.756667 1 1
179 1 0.756667 1 1
179 1 0.756667 1 1
179 1 0.756667 1 1
179 1 0.756667 1 1
179 1 0.756667 1 1
179 1 0.756667 1 1
179 1 0.756667 1 1
179 1 0.756667 1 1
179 1 0.756667 0 0
179 1 0.756667 1 1
179 1 0.756667 1 1
179 1 0.756667 1 1
179 1 0.756667 0 0
179 1 0.756667 1 1
179 1 0.756667 1 1
179 1 0.756667 1 1
179 1 0.756667 0 0
179 1 0.756667 0 1
179 1 0.756667 0 0
179 1 0.756667 1 1
179 1 0.756667 1 1
179 1 0.756667 1 1
179 1 0.756667 0 0
179 1 0.756667 1 1
179 1 0.756667 1 1
179 1 0.756667 0 0
179 1 0.756667 0 0
179 1 0.756667 1 1
179 1 0.756667 1 1
179 1 0.756667 1 1
179 1 0.756667 1 1
179 1 0.756667 1 1
179 1 0.756667 1 1
179 1 0.756667 1 1
179 1 0.756667 0 0
179 1 0.756667 0 0
179 1 0.756667 0 0
179 1 0.756667 0 0
179 1 0.756667 1 1
179 1 0.756667 1 1
179 1 0.756667 1 1
179 1 0.756667 0 0
179 1 0.756667 0 0
179 1 0.756667 1 1
179 1 0.756667 1 1
179 1 0.756667 0 0
179 1 0.756667 1 0
179 1 0.756667 1 1
179 1 0.756667 0 0
179 1 0.756667 1 1
179 1 0.756667 1 1
180 1 0.883333 1 0
180 1 0.883333 1 1
180 1 0.883333 1 0
180 1 0.883333 1 1
180 1 0.883333 1 1
180 1 0.883333 1 1
180 1 0.883333 0 0
180 1 0.883333 1 1
180 1 0.883333 1 1
180 1 0.883333 1 1
180 1 0.883333 1 1
180 1 0.883333 1 1
180 1 0.883333 1 1
180 1 0.883333 1 1
180 1 0.883333 0 0
180 1 0.883333 0 0
180 1 0.883333 1 1
180 1 0.883333 0 0
180 1 0.883333 0 0
180 1 0.883333 1 1
180 1 0.883333 1 1
180 1 0.883333 0 0
180 1 0.883333 1 1
180 1 0.883333 0 0
180 1 0.883333 0 0
180 1 0.883333 1 1
180 1 0.883333 0 0
180 1 0.883333 1 1
180 1 0.883333 0 0
180 1 0.883333 1 1
180 1 0.883333 0 0
180 1 0.883333 0 0
180 1 0.883333 0 0
180 1 0.883333 1 1
180 1 0.883333 1 1
180 1 0.883333 0 0
180 1 0.883333 0 0
180 1 0.883333 1 1
180 1 0.883333 0 0
180 1 0.883333 0 0
180 1 0.883333 0 0
180 1 0.883333 1 1
180 1 0.883333 0 0
180 1 0.883333 0 0
180 1 0.883333 0 0
180 1 0.883333 1 1
180 1 0.883333 0 0
180 1 0.883333 0 0
180 1 0.883333 0 0
180 1 0.883333 0 0
180 1 0.883333 1 1
180 1 0.883333 1 1
180 1 0.883333 0 0
180 1 0.883333 1 1
180 1 0.883333 0 0
181 1 1.01 1 0
181 1 1.01 0 0
181 1 1.01 1 1
181 1 1.01 0 0
181 1 1.01 1 1
181 1 1.01 1 1
181 1 1.01 0 0
181 1 1.01 1 1
181 1 1.01 1 1
181 1 1.01 1 1
181 1 1.01 1 1
181 1 1.01 0 0
181 1 1.01 0 0
181 1 1.01 1 1
181 1 1.01 0 0
181 1 1.01 1 1
181 1 1.01 0 0
181 1 1.01 1 1
181 1 1.01 1 1
181 1 1.01 0 0
181 1 1.01 1 1
181 1 1.01 1 1
181 1 1.01 0 0
181 1 1.01 1 1
181 1 1.01 0 0
181 1 1.01 1 1
181 1 1.01 1 1
181 1 1.01 0 0
181 1 1.01 1 1
181 1 1.01 1 1
181 1 1.01 1 1
181 1 1.01 1 1
181 1 1.01 1 1
181 1 1.01 1 1
181 1 1.01 0 0
181 1 1.01 1 1
181 1 1.01 0 0
181 1 1.01 1 1
181 1 1.01 0 0
181 1 1.01 0 0
181 1 1.01 0 0
181 1 1.01 0 0
181 1 1.01 0 0
181 1 1.01 0 0
181 1 1.01 1 1
181 1 1.01 0 0
181 1 1.01 1 1
181 1 1.01 1 1
181 1 1.01 0 0
181 1 1.01 1 1
181 1 1.01 0 0
181 1 1.01 0 0
181 1 1.01 0 0
181 1 1.01 1 1
181 1 1.01 0 0
182 1 1.13667 0 0
182 1 1.13667 1 1
182 1 1.13667 0 0
182 1 1.13667 1 1
182 1 1.13667 1 1
182 1 1.13667 0 0
182 1 1.13667 1 1
182 1 1.13667 1 1
182 1 1.13667 0 0
182 1 1.13667 0 0
182 1 1.13667 1 1
182 1 1.13667 0 0
182 1 1.13667 0 0
182 1 1.13667 1 1
182 1 1.13667 1 1
182 1 1.13667 1 1
182 1 1.13667 1 1
182 1 1.13667 1 1
182 1 1.13667 1 1
182 1 1.13667 1 1
182 1 1.13667 1 1
182 1 1.13667 0 0
182 1 1.13667 1 1
182 1 1.13667 0 0
182 1 1.13667 1 1
182 1 1.13667 1 1
182 1 1.13667 0 0
182 1 1.13667 1 1
182 1 1.13667 1 1
182 1 1.13667 1 1
182 1 1.13667 1 1
182 1 1.13667 0 0
182 1 1.13667 1 1
182 1 1.13667 0 0
182 1 1.13667 0 0
182 1 1.13667 1 1
182 1 1.13667 0 0
182 1 1.13667 1 1
182 1 1.13667 0 0
182 1 1.13667 0 0
182 1 1.13667 0 0
182 1 1.13667 1 1
182 1 1.13667 1 1
182 1 1.13667 0 0
182 1 1.13667 1 1
182 1 1.13667 1 1
182 1 1.13667 0 0
182 1 1.13667 0 0
182 1 1.13667 0 0
182 1 1.13667 0 0
182 1 1.13667 1 1
182 1 1.13667 1 1
182 1 1.13667 0 0
182 1 1.13667 1 1
182 1 1.13667 1 1
239 2 0.316667 1 0
239 2 0.316667 0 0
239 2 0.316667 1 1
239 2 0.316667 1 0
239 2 0.316667 0 0
239 2 0.316667 0 1
239 2 0.316667 1 1
239 2 0.316667 1 0
239 2 0.316667 0 0
239 2 0.316667 1 0
239 2 0.316667 1 1
239 2 0.316667 1 0
239 2 0.316667 0 1
239 2 0.316667 0 0
239 2 0.316667 0 1
239 2 0.316667 1 0
239 2 0.316667 1 0
239 2 0.316667 0 0
239 2 0.316667 0 0
239 2 0.316667 1 0
239 2 0.316667 0 0
239 2 0.316667 0 0
239 2 0.316667 0 0
239 2 0.316667 0 0
239 2 0.316667 0 1
239 2 0.316667 0 0
239 2 0.316667 0 0
239 2 0.316667 1 0
239 2 0.316667 1 0
239 2 0.316667 0 0
239 2 0.316667 0 0
239 2 0.316667 1 0
239 2 0.316667 0 1
239 2 0.316667 1 0
239 2 0.316667 0 1
239 2 0.316667 1 0
239 2 0.316667 0 1
239 2 0.316667 0 0
239 2 0.316667 0 1
239 2 0.316667 0 0
239 2 0.316667 1 1
239 2 0.316667 0 0
239 2 0.316667 1 1
239 2 0.316667 0 0
239 2 0.316667 1 1
239 2 0.316667 1 0
239 2 0.316667 1 1
239 2 0.316667 1 0
239 2 0.316667 0 1
239 2 0.316667 1 1
239 2 0.316667 0 0
239 2 0.316667 1 0
239 2 0.316667 1 1
239 2 0.316667 0 1
239 2 0.316667 1 0
240 2 0.45 0 0
240 2 0.45 0 1
240 2 0.45 1 0
240 2 0.45 0 1
240 2 0.45 0 0
240 2 0.45 1 1
240 2 0.45 0 0
240 2 0.45 1 0
240 2 0.45 1 1
240 2 0.45 1 0
240 2 0.45 1 1
240 2 0.45 1 1
240 2 0.45 0 0
240 2 0.45 1 1
240 2 0.45 0 0
240 2 0.45 0 0
240 2 0.45 1 1
240 2 0.45 1 1
240 2 0.45 0 0
240 2 0.45 0 1
240 2 0.45 0 0
240 2 0.45 0 1
240 2 0.45 1 0
240 2 0.45 0 1
240 2 0.45 0 0
240 2 0.45 1 1
240 2 0.45 1 1
240 2 0.45 1 0
240 2 0.45 0 0
240 2 0.45 1 0
240 2 0.45 0 1
240 2 0.45 1 0
240 2 0.45 0 0
240 2 0.45 1 1
240 2 0.45 0 0
240 2 0.45 0 0
240 2 0.45 0 1
240 2 0.45 0 0
240 2 0.45 1 0
240 2 0.45 0 0
240 2 0.45 0 0
240 2 0.45 0 0
240 2 0.45 1 0
240 2 0.45 1 0
240 2 0.45 0 0
240 2 0.45 1 1
240 2 0.45 0 1
240 2 0.45 1 0
240 2 0.45 0 0
240 2 0.45 1 0
240 2 0.45 1 0
240 2 0.45 1 1
240 2 0.45 0 0
240 2 0.45 1 0
240 2 0.45 0 0
241 2 0.583333 0 0
241 2 0.583333 1 1
241 2 0.583333 1 0
241 2 0.583333 1 0
241 2 0.583333 1 1
241 2 0.583333 1 0
241 2 0.583333 0 1
241 2 0.583333 0 1
241 2 0.583333 1 1
241 2 0.583333 0 0
241 2 0.583333 1 1
241 2 0.583333 1 1
241 2 0.583333 0 1
241 2 0.583333 1 1
241 2 0.583333 0 0
241 2 0.583333 1 1
241 2 0.583333 0 0
241 2 0.583333 1 0
241 2 0.583333 1 1
241 2 0.583333 1 1
241 2 0.583333 0 0
241 2 0.583333 1 1
241 2 0.583333 0 1
241 2 0.583333 1 0
241 2 0.583333 0 0
241 2 0.583333 0 0
241 2 0.583333 1 0
241 2 0.583333 0 1
241 2 0.583333 1 0
241 2 0.583333 1 1
241 2 0.583333 1 1
241 2 0.583333 1 1
241 2 0.583333 0 1
241 2 0.583333 0 0
241 2 0.583333 1 1
241 2 0.583333 0 0
241 2 0.583333 0 0
241 2 0.583333 0 0
241 2 0.583333 1 0
241 2 0.583333 1 1
241 2 0.583333 0 0
241 2 0.583333 1 1
241 2 0.583333 1 0
241 2 0.583333 0 0
241 2 0.583333 1 1
241 2 0.583333 0 0
241 2 0.583333 0 0
241 2 0.583333 0 0
241 2 0.583333 0 1
241 2 0.583333 1 0
241 2 0.583333 1 1
241 2 0.583333 0 0
241 2 0.583333 0 0
241 2 0.583333 0 0
241 2 0.583333 0 0
242 2 0.716667 0 0
242 2 0.716667 1 1
242 2 0.716667 1 0
242 2 0.716667 0 0
242 2 0.716667 0 0
242 2 0.716667 1 1
242 2 0.716667 1 1
242 2 0.716667 0 0
242 2 0.716667 0 0
242 2 0.716667 0 0
242 2 0.716667 1 1
242 2 0.716667 1 1
242 2 0.716667 1 1
242 2 0.716667 0 0
242 2 0.716667 1 1
242 2 0.716667 0 0
242 2 0.716667 1 1
242 2 0.716667 1 1
242 2 0.716667 1 1
242 2 0.716667 0 0
242 2 0.716667 0 0
242 2 0.716667 0 0
242 2 0.716667 0 1
242 2 0.716667 0 0
242 2 0.716667 0 0
242 2 0.716667 1 1
242 2 0.716667 1 0
242 2 0.716667 1 1
242 2 0.716667 1 1
242 2 0.716667 1 1
242 2 0.716667 1 1
242 2 0.716667 1 1
242 2 0.716667 0 1
242 2 0.716667 0 0
242 2 0.716667 1 1
242 2 0.716667 0 0
242 2 0.716667 1 0
242 2 0.716667 1 1
242 2 0.716667 0 0
242 2 0.716667 0 1
242 2 0.716667 1 0
242 2 0.716667 0 0
242 2 0.716667 0 0
242 2 0.716667 1 1
242 2 0.716667 0 0
242 2 0.716667 0 0
242 2 0.716667 1 0
242 2 0.716667 1 1
242 2 0.716667 1 1
242 2 0.716667 1 1
242 2 0.716667 1 1
242 2 0.716667 1 0
242 2 0.716667 1 1
242 2 0.716667 1 1
242 2 0.716667 0 0
243 2 0.85 0 0
243 2 0.85 0 0
243 2 0.85 1 1
243 2 0.85 0 0
243 2 0.85 0 0
243 2 0.85 0 0
243 2 0.85 0 0
243 2 0.85 1 1
243 2 0.85 0 0
243 2 0.85 1 1
243 2 0.85 1 1
243 2 0.85 0 0
243 2 0.85 0 0
243 2 0.85 1 1
243 2 0.85 0 0
243 2 0.85 0 0
243 2 0.85 1 1
243 2 0.85 0 0
243 2 0.85 1 1
243 2 0.85 1 1
243 2 0.85 0 0
243 2 0.85 0 0
243 2 0.85 1 1
243 2 0.85 0 0
243 2 0.85 1 1
243 2 0.85 0 0
243 2 0.85 1 1
243 2 0.85 1 1
243 2 0.85 0 0
243 2 0.85 0 0
243 2 0.85 1 0
243 2 0.85 0 0
243 2 0.85 1 1
243 2 0.85 0 0
243 2 0.85 0 0
243 2 0.85 1 1
243 2 0.85 0 0
243 2 0.85 1 1
243 2 0.85 1 1
243 2 0.85 1 1
243 2 0.85 1 1
243 2 0.85 1 1
243 2 0.85 0 0
243 2 0.85 1 0
243 2 0.85 1 1
243 2 0.85 1 1
243 2 0.85 1 1
243 2 0.85 0 0
243 2 0.85 0 0
243 2 0.85 0 0
243 2 0.85 0 0
243 2 0.85 1 0
243 2 0.85 0 0
243 2 0.85 1 0
243 2 0.85 0 0
244 2 0.983333 0 0
244 2 0.983333 1 1
244 2 0.983333 1 1
244 2 0.983333 1 1
244 2 0.983333 0 0
244 2 0.983333 0 0
244 2 0.983333 1 1
244 2 0.983333 0 1
244 2 0.983333 0 0
244 2 0.983333 1 1
244 2 0.983333 0 0
244 2 0.983333 1 1
244 2 0.983333 0 1
244 2 0.983333 1 1
244 2 0.983333 1 1
244 2 0.983333 0 0
244 2 0.983333 1 1
244 2 0.983333 0 0
244 2 0.983333 0 0
244 2 0.983333 0 0
244 2 0.983333 1 1
244 2 0.983333 0 0
244 2 0.983333 1 1
244 2 0.983333 0 0
244 2 0.983333 0 0
244 2 0.983333 0 0
244 2 0.983333 1 1
244 2 0.983333 1 1
244 2 0.983333 1 1
244 2 0.983333 0 0
244 2 0.983333 1 1
244 2 0.983333 1 1
244 2 0.983333 1 1
244 2 0.983333 0 0
244 2 0.983333 0 0
244 2 0.983333 0 0
244 2 0.983333 1 1
244 2 0.983333 1 1
244 2 0.983333 1 1
244 2 0.983333 1 1
244 2 0.983333 1 1
244 2 0.983333 1 1
244 2 0.983333 1 1
244 2 0.983333 0 0
244 2 0.983333 0 0
244 2 0.983333 1 1
244 2 0.983333 1 1
244 2 0.983333 1 1
244 2 0.983333 1 1
244 2 0.983333 0 0
244 2 0.983333 0 0
244 2 0.983333 1 1
244 2 0.983333 1 1
244 2 0.983333 0 0
244 2 0.983333 1 1
245 2 1.11667 1 1
245 2 1.11667 0 0
245 2 1.11667 1 1
245 2 1.11667 1 1
245 2 1.11667 0 0
245 2 1.11667 1 1
245 2 1.11667 1 1
245 2 1.11667 0 0
245 2 1.11667 1 1
245 2 1.11667 0 0
245 2 1.11667 1 1
245 2 1.11667 0 0
245 2 1.11667 1 1
245 2 1.11667 0 0
245 2 1.11667 0 0
245 2 1.11667 1 1
245 2 1.11667 1 1
245 2 1.11667 0 0
245 2 1.11667 1 1
245 2 1.11667 0 0
245 2 1.11667 0 0
245 2 1.11667 0 0
245 2 1.11667 0 0
245 2 1.11667 1 1
245 2 1.11667 1 1
245 2 1.11667 0 0
245 2 1.11667 1 1
245 2 1.11667 1 1
245 2 1.11667 0 0
245 2 1.11667 1 1
245 2 1.11667 1 1
245 2 1.11667 0 0
245 2 1.11667 1 1
245 2 1.11667 1 1
245 2 1.11667 0 0
245 2 1.11667 0 0
245 2 1.11667 0 0
245 2 1.11667 0 0
245 2 1.11667 0 0
245 2 1.11667 1 1
245 2 1.11667 1 1
245 2 1.11667 0 0
245 2 1.11667 0 0
245 2 1.11667 0 0
245 2 1.11667 1 1
245 2 1.11667 0 0
245 2 1.11667 1 1
245 2 1.11667 0 0
245 2 1.11667 0 0
245 2 1.11667 1 1
245 2 1.11667 0 0
245 2 1.11667 1 1
245 2 1.11667 0 0
245 2 1.11667 0 0
245 2 1.11667 1 1
246 2 1.25 1 0
246 2 1.25 0 0
246 2 1.25 0 0
246 2 1.25 0 0
246 2 1.25 0 0
246 2 1.25 0 0
246 2 1.25 0 0
246 2 1.25 1 1
246 2 1.25 1 1
246 2 1.25 0 0
246 2 1.25 1 1
246 2 1.25 1 1
246 2 1.25 1 1
246 2 1.25 1 1
246 2 1.25 1 1
246 2 1.25 0 0
246 2 1.25 1 1
246 2 1.25 1 1
246 2 1.25 0 0
246 2 1.25 1 1
246 2 1.25 1 1
246 2 1.25 1 1
246 2 1.25 0 0
246 2 1.25 0 0
246 2 1.25 0 0
246 2 1.25 0 0
246 2 1.25 0 0
246 2 1.25 0 0
246 2 1.25 0 0
246 2 1.25 1 1
246 2 1.25 0 0
246 2 1.25 1 1
246 2 1.25 1 1
246 2 1.25 1 1
246 2 1.25 1 1
246 2 1.25 0 0
246 2 1.25 0 0
246 2 1.25 1 1
246 2 1.25 0 0
246 2 1.25 1 1
246 2 1.25 1 1
246 2 1.25 1 1
246 2 1.25 1 1
246 2 1.25 1 1
246 2 1.25 0 0
246 2 1.25 0 0
246 2 1.25 0 0
246 2 1.25 0 0
246 2 1.25 1 1
246 2 1.25 1 1
246 2 1.25 1 1
246 2 1.25 1 1
246 2 1.25 1 1
246 2 1.25 1 1
246 2 1.25 0 0
263 2 0.4 0 1
263 2 0.4 1 0
263 2 0.4 1 0
263 2 0.4 1 0
263 2 0.4 0 1
263 2 0.4 1 0
263 2 0.4 1 1
263 2 0.4 1 1
263 2 0.4 1 1
263 2 0.4 0 0
263 2 0.4 0 0
263 2 0.4 0 1
263 2 0.4 0 1
263 2 0.4 1 1
263 2 0.4 0 1
263 2 0.4 1 1
263 2 0.4 1 0
263 2 0.4 0 1
263 2 0.4 1 1
263 2 0.4 1 0
263 2 0.4 0 1
263 2 0.4 1 1
263 2 0.4 0 0
263 2 0.4 1 0
263 2 0.4 0 1
263 2 0.4 0 0
263 2 0.4 1 1
263 2 0.4 0 1
263 2 0.4 0 0
263 2 0.4 1 1
263 2 0.4 1 1
263 2 0.4 0 0
263 2 0.4 1 1
263 2 0.4 0 0
263 2 0.4 1 1
263 2 0.4 1 0
263 2 0.4 0 1
263 2 0.4 0 1
263 2 0.4 0 0
263 2 0.4 1 0
263 2 0.4 0 1
263 2 0.4 1 0
263 2 0.4 0 1
263 2 0.4 1 0
263 2 0.4 1 1
263 2 0.4 0 0
263 2 0.4 0 0
263 2 0.4 1 1
263 2 0.4 1 1
263 2 0.4 1 1
263 2 0.4 0 0
263 2 0.4 0 1
263 2 0.4 0 1
263 2 0.4 1 0
263 2 0.4 0 1
264 2 0.506667 0 0
264 2 0.506667 0 0
264 2 0.506667 1 0
264 2 0.506667 0 1
264 2 0.506667 1 0
264 2 0.506667 0 0
264 2 0.506667 1 0
264 2 0.506667 1 1
264 2 0.506667 0 1
264 2 0.506667 0 0
264 2 0.506667 0 0
264 2 0.506667 0 0
264 2 0.506667 1 0
264 2 0.506667 0 0
264 2 0.506667 0 0
264 2 0.506667 0 0
264 2 0.506667 1 0
264 2 0.506667 1 0
264 2 0.506667 0 0
264 2 0.506667 0 0
264 2 0.506667 1 1
264 2 0.506667 1 0
264 2 0.506667 1 0
264 2 0.506667 0 0
264 2 0.506667 1 1
264 2 0.506667 0 0
264 2 0.506667 0 1
264 2 0.506667 1 0
264 2 0.506667 0 0
264 2 0.506667 0 1
264 2 0.506667 0 0
264 2 0.506667 0 0
264 2 0.506667 1 0
264 2 0.506667 0 1
264 2 0.506667 0 1
264 2 0.506667 1 1
264 2 0.506667 0 0
264 2 0.506667 1 1
264 2 0.506667 0 0
264 2 0.506667 1 0
264 2 0.506667 1 1
264 2 0.506667 1 1
264 2 0.506667 0 0
264 2 0.506667 1 1
264 2 0.506667 1 0
264 2 0.506667 1 0
264 2 0.506667 0 1
264 2 0.506667 0 0
264 2 0.506667 1 0
264 2 0.506667 1 0
264 2 0.506667 0 1
264 2 0.506667 0 0
264 2 0.506667 0 0
264 2 0.506667 0 0
264 2 0.506667 1 0
265 2 0.613333 0 0
265 2 0.613333 1 1
265 2 0.613333 0 0
265 2 0.613333 0 0
265 2 0.613333 0 0
265 2 0.613333 0 0
265 2 0.613333 0 0
265 2 0.613333 0 0
265 2 0.613333 1 0
265 2 0.613333 1 1
265 2 0.613333 0 0
265 2 0.613333 1 0
265 2 0.613333 0 0
265 2 0.613333 0 0
265 2 0.613333 0 0
265 2 0.613333 1 0
265 2 0.613333 1 0
265 2 0.613333 0 0
265 2 0.613333 0 0
265 2 0.613333 1 0
265 2 0.613333 1 1
265 2 0.613333 1 0
265 2 0.613333 1 1
265 2 0.613333 1 0
265 2 0.613333 0 1
265 2 0.613333 1 0
265 2 0.613333 0 0
265 2 0.613333 0 1
265 2 0.613333 1 0
265 2 0.613333 1 0
265 2 0.613333 0 1
265 2 0.613333 1 0
265 2 0.613333 1 1
265 2 0.613333 0 0
265 2 0.613333 0 0
265 2 0.613333 1 1
265 2 0.613333 1 0
265 2 0.613333 1 1
265 2 0.613333 0 1
265 2 0.613333 0 0
265 2 0.613333 0 0
265 2 0.613333 1 0
265 2 0.613333 1 1
265 2 0.613333 1 1
265 2 0.613333 1 0
265 2 0.613333 0 0
265 2 0.613333 1 1
265 2 0.613333 1 0
265 2 0.613333 1 1
265 2 0.613333 0 0
265 2 0.613333 0 0
265 2 0.613333 0 0
265 2 0.613333 0 0
265 2 0.613333 1 1
265 2 0.613333 1 0
266 2 0.72 0 0
266 2 0.72 1 0
266 2 0.72 0 0
266 2 0.72 1 1
266 2 0.72 0 0
266 2 0.72 0 0
266 2 0.72 1 1
266 2 0.72 0 0
266 2 0.72 0 0
266 2 0.72 1 0
266 2 0.72 1 0
266 2 0.72 1 0
266 2 0.72 0 0
266 2 0.72 0 0
266 2 0.72 0 0
266 2 0.72 0 0
266 2 0.72 1 1
266 2 0.72 1 0
266 2 0.72 1 0
266 2 0.72 0 0
266 2 0.72 1 0
266 2 0.72 0 0
266 2 0.72 0 0
266 2 0.72 0 0
266 2 0.72 1 1
266 2 0.72 0 0
266 2 0.72 0 0
266 2 0.72 1 1
266 2 0.72 0 0
266 2 0.72 1 1
266 2 0.72 1 1
266 2 0.72 1 1
266 2 0.72 1 1
266 2 0.72 0 0
266 2 0.72 1 1
266 2 0.72 1 1
266 2 0.72 0 0
266 2 0.72 0 0
266 2 0.72 0 0
266 2 0.72 1 1
266 2 0.72 1 1
266 2 0.72 1 1
266 2 0.72 1 1
266 2 0.72 1 1
266 2 0.72 1 1
266 2 0.72 0 0
266 2 0.72 0 0
266 2 0.72 0 0
266 2 0.72 1 1
266 2 0.72 0 0
266 2 0.72 1 1
266 2 0.72 1 1
266 2 0.72 1 1
266 2 0.72 0 0
266 2 0.72 1 1
267 2 0.826667 1 1
267 2 0.826667 0 0
267 2 0.826667 0 0
267 2 0.826667 1 1
267 2 0.826667 1 1
267 2 0.826667 1 1
267 2 0.826667 1 1
267 2 0.826667 1 1
267 2 0.826667 1 1
267 2 0.826667 1 1
267 2 0.826667 1 1
267 2 0.826667 1 1
267 2 0.826667 0 0
267 2 0.826667 1 1
267 2 0.826667 1 0
267 2 0.826667 1 1
267 2 0.826667 0 1
267 2 0.826667 1 1
267 2 0.826667 1 1
267 2 0.826667 1 1
267 2 0.826667 0 0
267 2 0.826667 0 0
267 2 0.826667 0 0
267 2 0.826667 1 1
267 2 0.826667 1 1
267 2 0.826667 1 1
267 2 0.826667 0 0
267 2 0.826667 1 1
267 2 0.826667 1 1
267 2 0.826667 0 0
267 2 0.826667 0 0
267 2 0.826667 1 1
267 2 0.826667 1 1
267 2 0.826667 1 1
267 2 0.826667 1 1
267 2 0.826667 1 1
267 2 0.826667 1 1
267 2 0.826667 1 1
267 2 0.826667 0 0
267 2 0.826667 0 0
267 2 0.826667 0 0
267 2 0.826667 0 0
267 2 0.826667 1 1
267 2 0.826667 1 1
267 2 0.826667 1 1
267 2 0.826667 0 0
267 2 0.826667 0 0
267 2 0.826667 1 1
267 2 0.826667 1 0
267 2 0.826667 0 0
267 2 0.826667 1 1
267 2 0.826667 1 0
267 2 0.826667 0 0
267 2 0.826667 1 1
267 2 0.826667 1 1
268 2 0.933333 1 1
268 2 0.933333 1 1
268 2 0.933333 1 1
268 2 0.933333 1 1
268 2 0.933333 1 1
268 2 0.933333 1 1
268 2 0.933333 0 0
268 2 0.933333 1 1
268 2 0.933333 1 1
268 2 0.933333 1 1
268 2 0.933333 1 1
268 2 0.933333 1 1
268 2 0.933333 1 1
268 2 0.933333 1 1
268 2 0.933333 0 0
268 2 0.933333 0 0
268 2 0.933333 1 1
268 2 0.933333 0 0
268 2 0.933333 0 0
268 2 0.933333 1 1
268 2 0.933333 1 1
268 2 0.933333 0 0
268 2 0.933333 1 1
268 2 0.933333 0 0
268 2 0.933333 0 0
268 2 0.933333 1 1
268 2 0.933333 0 0
268 2 0.933333 1 1
268 2 0.933333 0 0
268 2 0.933333 1 1
268 2 0.933333 0 0
268 2 0.933333 0 0
268 2 0.933333 0 0
268 2 0.933333 1 1
268 2 0.933333 1 0
268 2 0.933333 0 0
268 2 0.933333 0 0
268 2 0.933333 1 1
268 2 0.933333 0 0
268 2 0.933333 0 0
268 2 0.933333 0 0
268 2 0.933333 1 1
268 2 0.933333 0 0
268 2 0.933333 0 0
268 2 0.933333 0 0
268 2 0.933333 1 1
268 2 0.933333 0 0
268 2 0.933333 0 0
268 2 0.933333 0 0
268 2 0.933333 0 0
268 2 0.933333 1 1
268 2 0.933333 1 1
268 2 0.933333 0 0
268 2 0.933333 1 1
268 2 0.933333 0 0
269 2 1.04 1 1
269 2 1.04 0 0
269 2 1.04 1 0
269 2 1.04 0 0
269 2 1.04 1 1
269 2 1.04 1 0
269 2 1.04 0 0
269 2 1.04 1 1
269 2 1.04 1 1
269 2 1.04 1 1
269 2 1.04 1 1
269 2 1.04 0 0
269 2 1.04 0 0
269 2 1.04 1 1
269 2 1.04 0 0
269 2 1.04 1 1
269 2 1.04 0 0
269 2 1.04 1 1
269 2 1.04 1 1
269 2 1.04 0 0
269 2 1.04 1 1
269 2 1.04 1 1
269 2 1.04 0 0
269 2 1.04 1 1
269 2 1.04 0 0
269 2 1.04 1 1
269 2 1.04 1 1
269 2 1.04 0 0
269 2 1.04 1 1
269 2 1.04 1 1
269 2 1.04 1 1
269 2 1.04 1 1
269 2 1.04 1 1
269 2 1.04 1 1
269 2 1.04 0 0
269 2 1.04 1 1
269 2 1.04 0 0
269 2 1.04 1 1
269 2 1.04 0 0
269 2 1.04 0 0
269 2 1.04 0 0
269 2 1.04 0 0
269 2 1.04 0 0
269 2 1.04 0 0
269 2 1.04 1 1
269 2 1.04 0 0
269 2 1.04 1 1
269 2 1.04 1 1
269 2 1.04 0 0
269 2 1.04 1 1
269 2 1.04 0 0
269 2 1.04 0 0
269 2 1.04 0 0
269 2 1.04 1 1
269 2 1.04 0 0
270 2 1.14667 0 0
270 2 1.14667 1 1
270 2 1.14667 0 0
270 2 1.14667 1 0
270 2 1.14667 1 1
270 2 1.14667 0 0
270 2 1.14667 1 1
270 2 1.14667 1 1
270 2 1.14667 0 0
270 2 1.14667 0 0
270 2 1.14667 1 1
270 2 1.14667 0 0
270 2 1.14667 0 0
270 2 1.14667 1 1
270 2 1.14667 1 1
270 2 1.14667 1 1
270 2 1.14667 1 1
270 2 1.14667 1 1
270 2 1.14667 1 0
270 2 1.14667 1 1
270 2 1.14667 1 1
270 2 1.14667 0 0
270 2 1.14667 1 1
270 2 1.14667 0 0
270 2 1.14667 1 1
270 2 1.14667 1 1
270 2 1.14667 0 0
270 2 1.14667 1 1
270 2 1.14667 1 1
270 2 1.14667 1 1
270 2 1.14667 1 1
270 2 1.14667 0 0
270 2 1.14667 1 1
270 2 1.14667 0 0
270 2 1.14667 0 0
270 2 1.14667 1 1
270 2 1.14667 0 0
270 2 1.14667 1 1
270 2 1.14667 0 0
270 2 1.14667 0 0
270 2 1.14667 0 0
270 2 1.14667 1 1
270 2 1.14667 1 1
270 2 1.14667 0 0
270 2 1.14667 1 1
270 2 1.14667 1 1
270 2 1.14667 0 0
270 2 1.14667 0 0
270 2 1.14667 0 0
270 2 1.14667 0 0
270 2 1.14667 1 1
270 2 1.14667 1 1
270 2 1.14667 0 0
270 2 1.14667 1 1
270 2 1.14667 1 1
332 3 0.68 0 1
332 3 0.68 0 0
332 3 0.68 1 1
332 3 0.68 1 0
332 3 0.68 1 1
332 3 0.68 1 1
332 3 0.68 1 0
332 3 0.68 0 1
332 3 0.68 1 1
332 3 0.68 1 0
332 3 0.68 1 0
332 3 0.68 1 1
332 3 0.68 1 0
332 3 0.68 1 1
332 3 0.68 1 1
332 3 0.68 0 1
332 3 0.68 1 0
332 3 0.68 0 1
332 3 0.68 0 1
332 3 0.68 0 1
332 3 0.68 1 1
332 3 0.68 0 1
332 3 0.68 1 1
332 3 0.68 1 1
332 3 0.68 1 0
332 3 0.68 1 1
332 3 0.68 1 1
332 3 0.68 0 0
332 3 0.68 1 0
332 3 0.68 0 0
332 3 0.68 1 0
332 3 0.68 0 1
332 3 0.68 0 0
332 3 0.68 0 0
332 3 0.68 0 1
332 3 0.68 0 0
332 3 0.68 1 1
332 3 0.68 1 0
332 3 0.68 1 1
332 3 0.68 0 0
332 3 0.68 0 0
332 3 0.68 0 0
332 3 0.68 0 0
332 3 0.68 1 1
332 3 0.68 0 0
332 3 0.68 1 0
332 3 0.68 0 0
332 3 0.68 1 0
332 3 0.68 1 0
332 3 0.68 0 0
332 3 0.68 0 1
332 3 0.68 1 1
332 3 0.68 0 0
332 3 0.68 0 0
332 3 0.68 1 1
333 3 0.84 1 0
333 3 0.84 0 1
333 3 0.84 1 1
333 3 0.84 0 0
333 3 0.84 0 1
333 3 0.84 0 0
333 3 0.84 0 0
333 3 0.84 0 0
333 3 0.84 1 1
333 3 0.84 1 1
333 3 0.84 0 0
333 3 0.84 0 1
333 3 0.84 1 0
333 3 0.84 1 1
333 3 0.84 0 1
333 3 0.84 1 0
333 3 0.84 1 1
333 3 0.84 1 1
333 3 0.84 1 1
333 3 0.84 0 1
333 3 0.84 0 0
333 3 0.84 1 1
333 3 0.84 1 1
333 3 0.84 0 1
333 3 0.84 0 0
333 3 0.84 0 1
333 3 0.84 0 0
333 3 0.84 0 1
333 3 0.84 0 0
333 3 0.84 1 0
333 3 0.84 1 1
333 3 0.84 1 1
333 3 0.84 1 1
333 3 0.84 1 1
333 3 0.84 1 1
333 3 0.84 1 1
333 3 0.84 1 1
333 3 0.84 1 1
333 3 0.84 0 1
333 3 0.84 1 0
333 3 0.84 0 1
333 3 0.84 0 1
333 3 0.84 1 0
333 3 0.84 0 1
333 3 0.84 1 1
333 3 0.84 1 1
333 3 0.84 1 1
333 3 0.84 0 1
333 3 0.84 1 1
333 3 0.84 0 1
333 3 0.84 1 1
333 3 0.84 0 0
333 3 0.84 1 1
333 3 0.84 0 0
333 3 0.84 1 1
334 3 1 1 1
334 3 1 1 1
334 3 1 0 0
334 3 1 0 1
334 3 1 0 0
334 3 1 1 1
334 3 1 0 0
334 3 1 1 1
334 3 1 1 1
334 3 1 0 1
334 3 1 1 1
334 3 1 1 1
334 3 1 0 1
334 3 1 0 0
334 3 1 1 1
334 3 1 1 1
334 3 1 1 1
334 3 1 1 1
334 3 1 1 1
334 3 1 1 1
334 3 1 0 0
334 3 1 1 1
334 3 1 1 1
334 3 1 1 1
334 3 1 0 0
334 3 1 1 1
334 3 1 1 1
334 3 1 1 1
334 3 1 0 1
334 3 1 0 1
334 3 1 1 1
334 3 1 0 0
334 3 1 0 1
334 3 1 0 1
334 3 1 0 0
334 3 1 0 1
334 3 1 1 1
334 3 1 1 1
334 3 1 1 1
334 3 1 1 1
334 3 1 0 0
334 3 1 0 0
334 3 1 1 1
334 3 1 1 1
334 3 1 0 0
334 3 1 1 1
334 3 1 1 1
334 3 1 0 0
334 3 1 0 0
334 3 1 1 1
334 3 1 1 1
334 3 1 1 1
334 3 1 0 0
334 3 1 0 1
334 3 1 1 1
335 3 1.16 1 1
335 3 1.16 1 1
335 3 1.16 0 0
335 3 1.16 0 1
335 3 1.16 0 0
335 3 1.16 1 1
335 3 1.16 1 1
335 3 1.16 0 0
335 3 1.16 0 0
335 3 1.16 1 1
335 3 1.16 0 0
335 3 1.16 1 1
335 3 1.16 0 0
335 3 1.16 1 1
335 3 1.16 1 1
335 3 1.16 0 0
335 3 1.16 0 0
335 3 1.16 0 0
335 3 1.16 0 0
335 3 1.16 0 0
335 3 1.16 1 1
335 3 1.16 0 0
335 3 1.16 1 1
335 3 1.16 0 0
335 3 1.16 1 1
335 3 1.16 0 0
335 3 1.16 1 1
335 3 1.16 0 0
335 3 1.16 0 0
335 3 1.16 0 0
335 3 1.16 0 0
335 3 1.16 1 1
335 3 1.16 1 1
335 3 1.16 0 0
335 3 1.16 0 0
335 3 1.16 1 1
335 3 1.16 0 0
335 3 1.16 0 0
335 3 1.16 0 0
335 3 1.16 1 1
335 3 1.16 0 0
335 3 1.16 1 1
335 3 1.16 0 0
335 3 1.16 0 1
335 3 1.16 0 0
335 3 1.16 1 1
335 3 1.16 0 0
335 3 1.16 0 1
335 3 1.16 0 0
335 3 1.16 1 1
335 3 1.16 0 0
335 3 1.16 1 1
335 3 1.16 0 1
335 3 1.16 1 1
335 3 1.16 1 1
336 3 1.32 0 0
336 3 1.32 0 0
336 3 1.32 0 0
336 3 1.32 0 0
336 3 1.32 1 1
336 3 1.32 0 0
336 3 1.32 1 1
336 3 1.32 1 1
336 3 1.32 0 0
336 3 1.32 1 1
336 3 1.32 0 0
336 3 1.32 1 1
336 3 1.32 0 1
336 3 1.32 1 1
336 3 1.32 1 1
336 3 1.32 1 1
336 3 1.32 1 1
336 3 1.32 1 1
336 3 1.32 0 0
336 3 1.32 1 1
336 3 1.32 1 1
336 3 1.32 0 0
336 3 1.32 1 1
336 3 1.32 1 1
336 3 1.32 0 0
336 3 1.32 1 1
336 3 1.32 1 1
336 3 1.32 1 1
336 3 1.32 1 1
336 3 1.32 1 1
336 3 1.32 1 1
336 3 1.32 1 1
336 3 1.32 0 0
336 3 1.32 1 1
336 3 1.32 0 0
336 3 1.32 1 1
336 3 1.32 1 1
336 3 1.32 0 0
336 3 1.32 1 1
336 3 1.32 1 1
336 3 1.32 0 0
336 3 1.32 1 1
336 3 1.32 0 0
336 3 1.32 0 0
336 3 1.32 1 1
336 3 1.32 1 1
336 3 1.32 0 0
336 3 1.32 1 1
336 3 1.32 0 1
336 3 1.32 0 0
336 3 1.32 1 1
336 3 1.32 0 0
336 3 1.32 1 1
336 3 1.32 1 1
336 3 1.32 0 0
337 3 1.48 1 1
337 3 1.48 0 0
337 3 1.48 0 0
337 3 1.48 1 1
337 3 1.48 0 0
337 3 1.48 0 0
337 3 1.48 0 0
337 3 1.48 1 1
337 3 1.48 1 1
337 3 1.48 1 1
337 3 1.48 1 1
337 3 1.48 1 1
337 3 1.48 0 0
337 3 1.48 0 0
337 3 1.48 0 0
337 3 1.48 1 1
337 3 1.48 0 0
337 3 1.48 0 0
337 3 1.48 0 0
337 3 1.48 0 0
337 3 1.48 0 0
337 3 1.48 0 0
337 3 1.48 0 0
337 3 1.48 1 1
337 3 1.48 0 0
337 3 1.48 0 0
337 3 1.48 0 0
337 3 1.48 0 0
337 3 1.48 0 0
337 3 1.48 1 1
337 3 1.48 0 0
337 3 1.48 1 1
337 3 1.48 0 0
337 3 1.48 0 0
337 3 1.48 1 1
337 3 1.48 0 0
337 3 1.48 0 0
337 3 1.48 1 1
337 3 1.48 0 0
337 3 1.48 0 0
337 3 1.48 0 0
337 3 1.48 0 0
337 3 1.48 0 0
337 3 1.48 1 1
337 3 1.48 1 1
337 3 1.48 0 0
337 3 1.48 1 1
337 3 1.48 1 1
337 3 1.48 1 1
337 3 1.48 0 0
337 3 1.48 0 0
337 3 1.48 0 0
337 3 1.48 1 1
337 3 1.48 0 0
337 3 1.48 1 1
338 3 1.64 1 1
338 3 1.64 1 1
338 3 1.64 1 1
338 3 1.64 1 1
338 3 1.64 0 0
338 3 1.64 0 0
338 3 1.64 0 0
338 3 1.64 1 1
338 3 1.64 0 0
338 3 1.64 1 1
338 3 1.64 0 0
338 3 1.64 1 1
338 3 1.64 1 1
338 3 1.64 0 0
338 3 1.64 1 1
338 3 1.64 1 1
338 3 1.64 1 1
338 3 1.64 1 1
338 3 1.64 1 1
338 3 1.64 1 1
338 3 1.64 1 1
338 3 1.64 1 1
338 3 1.64 1 1
338 3 1.64 1 1
338 3 1.64 1 1
338 3 1.64 0 0
338 3 1.64 0 0
338 3 1.64 0 0
338 3 1.64 0 0
338 3 1.64 1 1
338 3 1.64 0 0
338 3 1.64 0 0
338 3 1.64 0 0
338 3 1.64 0 0
338 3 1.64 1 1
338 3 1.64 0 0
338 3 1.64 0 0
338 3 1.64 1 1
338 3 1.64 0 0
338 3 1.64 1 1
338 3 1.64 1 1
338 3 1.64 0 0
338 3 1.64 1 1
338 3 1.64 1 1
338 3 1.64 1 1
338 3 1.64 0 0
338 3 1.64 0 0
338 3 1.64 1 1
338 3 1.64 0 0
338 3 1.64 0 0
338 3 1.64 1 1
338 3 1.64 0 0
338 3 1.64 0 0
338 3 1.64 1 1
338 3 1.64 0 0
339 3 1.8 1 1
339 3 1.8 0 0
339 3 1.8 1 1
339 3 1.8 1 1
339 3 1.8 0 0
339 3 1.8 1 1
339 3 1.8 0 0
339 3 1.8 0 0
339 3 1.8 0 0
339 3 1.8 1 1
339 3 1.8 1 1
339 3 1.8 0 0
339 3 1.8 0 0
339 3 1.8 1 1
339 3 1.8 1 1
339 3 1.8 0 0
339 3 1.8 1 1
339 3 1.8 1 1
339 3 1.8 1 1
339 3 1.8 0 0
339 3 1.8 1 1
339 3 1.8 0 0
339 3 1.8 1 1
339 3 1.8 1 1
339 3 1.8 1 1
339 3 1.8 0 0
339 3 1.8 0 0
339 3 1.8 0 0
339 3 1.8 1 1
339 3 1.8 0 0
339 3 1.8 1 1
339 3 1.8 1 1
339 3 1.8 0 0
339 3 1.8 0 0
339 3 1.8 1 1
339 3 1.8 0 0
339 3 1.8 1 1
339 3 1.8 0 0
339 3 1.8 0 0
339 3 1.8 1 1
339 3 1.8 0 0
339 3 1.8 1 1
339 3 1.8 0 0
339 3 1.8 0 0
339 3 1.8 0 0
339 3 1.8 1 1
339 3 1.8 1 1
339 3 1.8 0 0
339 3 1.8 0 0
339 3 1.8 1 1
339 3 1.8 1 1
339 3 1.8 1 1
339 3 1.8 1 1
339 3 1.8 1 1
339 3 1.8 0 0
356 3 0.5 0 1
356 3 0.5 1 1
356 3 0.5 1 0
356 3 0.5 1 1
356 3 0.5 1 0
356 3 0.5 0 1
356 3 0.5 1 1
356 3 0.5 0 0
356 3 0.5 1 0
356 3 0.5 1 1
356 3 0.5 1 1
356 3 0.5 0 0
356 3 0.5 1 1
356 3 0.5 0 0
356 3 0.5 0 1
356 3 0.5 0 0
356 3 0.5 1 0
356 3 0.5 0 1
356 3 0.5 1 0
356 3 0.5 0 0
356 3 0.5 1 0
356 3 0.5 1 1
356 3 0.5 0 0
356 3 0.5 1 0
356 3 0.5 1 1
356 3 0.5 1 0
356 3 0.5 0 0
356 3 0.5 1 1
356 3 0.5 1 0
356 3 0.5 0 0
356 3 0.5 1 1
356 3 0.5 1 1
356 3 0.5 1 0
356 3 0.5 1 0
356 3 0.5 0 0
356 3 0.5 0 0
356 3 0.5 0 0
356 3 0.5 0 0
356 3 0.5 1 0
356 3 0.5 0 1
356 3 0.5 1 0
356 3 0.5 1 1
356 3 0.5 1 1
356 3 0.5 1 1
356 3 0.5 0 1
356 3 0.5 0 1
356 3 0.5 1 1
356 3 0.5 0 0
356 3 0.5 1 0
356 3 0.5 1 1
356 3 0.5 1 1
356 3 0.5 0 0
356 3 0.5 0 0
356 3 0.5 0 0
356 3 0.5 0 0
357 3 0.646667 1 1
357 3 0.646667 0 1
357 3 0.646667 0 1
357 3 0.646667 1 0
357 3 0.646667 0 0
357 3 0.646667 1 0
357 3 0.646667 1 1
357 3 0.646667 1 1
357 3 0.646667 1 0
357 3 0.646667 0 0
357 3 0.646667 1 1
357 3 0.646667 1 1
357 3 0.646667 1 1
357 3 0.646667 1 1
357 3 0.646667 1 1
357 3 0.646667 1 1
357 3 0.646667 1 1
357 3 0.646667 1 1
357 3 0.646667 0 0
357 3 0.646667 0 1
357 3 0.646667 1 0
357 3 0.646667 1 0
357 3 0.646667 1 1
357 3 0.646667 0 1
357 3 0.646667 0 0
357 3 0.646667 0 1
357 3 0.646667 0 0
357 3 0.646667 0 1
357 3 0.646667 1 0
357 3 0.646667 1 1
357 3 0.646667 1 1
357 3 0.646667 0 1
357 3 0.646667 1 1
357 3 0.646667 1 1
357 3 0.646667 0 1
357 3 0.646667 0 0
357 3 0.646667 0 0
357 3 0.646667 0 0
357 3 0.646667 0 0
357 3 0.646667 1 0
357 3 0.646667 1 1
357 3 0.646667 1 1
357 3 0.646667 1 1
357 3 0.646667 1 1
357 3 0.646667 1 1
357 3 0.646667 0 0
357 3 0.646667 0 0
357 3 0.646667 0 1
357 3 0.646667 1 1
357 3 0.646667 1 1
357 3 0.646667 0 0
357 3 0.646667 1 1
357 3 0.646667 1 1
357 3 0.646667 1 0
357 3 0.646667 1 1
358 3 0.793333 0 0
358 3 0.793333 1 1
358 3 0.793333 0 0
358 3 0.793333 0 0
358 3 0.793333 1 0
358 3 0.793333 1 1
358 3 0.793333 1 0
358 3 0.793333 1 1
358 3 0.793333 0 1
358 3 0.793333 1 0
358 3 0.793333 0 1
358 3 0.793333 0 0
358 3 0.793333 1 1
358 3 0.793333 0 0
358 3 0.793333 0 0
358 3 0.793333 1 1
358 3 0.793333 1 1
358 3 0.793333 0 0
358 3 0.793333 1 1
358 3 0.793333 1 1
358 3 0.793333 1 1
358 3 0.793333 1 1
358 3 0.793333 1 1
358 3 0.793333 0 1
358 3 0.793333 1 1
358 3 0.793333 0 1
358 3 0.793333 0 1
358 3 0.793333 1 0
358 3 0.793333 0 1
358 3 0.793333 0 1
358 3 0.793333 0 1
358 3 0.793333 1 1
358 3 0.793333 0 1
358 3 0.793333 0 0
358 3 0.793333 0 0
358 3 0.793333 0 0
358 3 0.793333 0 0
358 3 0.793333 1 1
358 3 0.793333 1 1
358 3 0.793333 0 1
358 3 0.793333 0 1
358 3 0.793333 0 0
358 3 0.793333 0 0
358 3 0.793333 0 0
358 3 0.793333 1 1
358 3 0.793333 1 1
358 3 0.793333 1 1
358 3 0.793333 1 0
358 3 0.793333 0 1
358 3 0.793333 0 0
358 3 0.793333 1 1
358 3 0.793333 1 0
358 3 0.793333 0 0
358 3 0.793333 0 1
358 3 0.793333 0 1
359 3 0.94 1 1
359 3 0.94 0 0
359 3 0.94 1 1
359 3 0.94 0 0
359 3 0.94 0 0
359 3 0.94 1 1
359 3 0.94 0 1
359 3 0.94 1 1
359 3 0.94 1 1
359 3 0.94 1 0
359 3 0.94 1 0
359 3 0.94 0 1
359 3 0.94 1 1
359 3 0.94 1 1
359 3 0.94 0 0
359 3 0.94 0 0
359 3 0.94 0 1
359 3 0.94 0 1
359 3 0.94 0 0
359 3 0.94 1 1
359 3 0.94 0 0
359 3 0.94 0 0
359 3 0.94 0 0
359 3 0.94 0 0
359 3 0.94 0 0
359 3 0.94 0 0
359 3 0.94 1 1
359 3 0.94 0 0
359 3 0.94 0 0
359 3 0.94 1 1
359 3 0.94 0 0
359 3 0.94 0 0
359 3 0.94 1 0
359 3 0.94 1 1
359 3 0.94 0 0
359 3 0.94 1 1
359 3 0.94 0 0
359 3 0.94 1 0
359 3 0.94 1 1
359 3 0.94 1 1
359 3 0.94 1 0
359 3 0.94 0 0
359 3 0.94 1 1
359 3 0.94 0 0
359 3 0.94 0 0
359 3 0.94 0 0
359 3 0.94 0 1
359 3 0.94 0 0
359 3 0.94 1 0
359 3 0.94 1 0
359 3 0.94 1 1
359 3 0.94 1 0
359 3 0.94 0 0
359 3 0.94 1 1
359 3 0.94 1 1
360 3 1.08667 1 1
360 3 1.08667 0 1
360 3 1.08667 1 0
360 3 1.08667 1 0
360 3 1.08667 1 1
360 3 1.08667 1 1
360 3 1.08667 1 1
360 3 1.08667 0 0
360 3 1.08667 0 0
360 3 1.08667 1 0
360 3 1.08667 1 1
360 3 1.08667 1 0
360 3 1.08667 1 1
360 3 1.08667 0 0
360 3 1.08667 0 0
360 3 1.08667 0 1
360 3 1.08667 0 0
360 3 1.08667 0 0
360 3 1.08667 1 1
360 3 1.08667 0 0
360 3 1.08667 1 1
360 3 1.08667 0 0
360 3 1.08667 0 0
360 3 1.08667 0 0
360 3 1.08667 1 1
360 3 1.08667 0 0
360 3 1.08667 0 0
360 3 1.08667 0 0
360 3 1.08667 1 0
360 3 1.08667 0 0
360 3 1.08667 0 0
360 3 1.08667 1 1
360 3 1.08667 0 0
360 3 1.08667 1 1
360 3 1.08667 0 0
360 3 1.08667 0 0
360 3 1.08667 1 1
360 3 1.08667 0 0
360 3 1.08667 0 0
360 3 1.08667 1 1
360 3 1.08667 1 1
360 3 1.08667 0 0
360 3 1.08667 0 0
360 3 1.08667 1 1
360 3 1.08667 1 1
360 3 1.08667 0 0
360 3 1.08667 1 1
360 3 1.08667 1 1
360 3 1.08667 0 0
360 3 1.08667 1 1
360 3 1.08667 0 0
360 3 1.08667 0 1
360 3 1.08667 0 0
360 3 1.08667 1 1
360 3 1.08667 0 0
361 3 1.23333 0 0
361 3 1.23333 0 0
361 3 1.23333 1 1
361 3 1.23333 0 0
361 3 1.23333 0 0
361 3 1.23333 1 1
361 3 1.23333 0 0
361 3 1.23333 0 0
361 3 1.23333 0 0
361 3 1.23333 0 0
361 3 1.23333 1 1
361 3 1.23333 1 1
361 3 1.23333 1 1
361 3 1.23333 0 0
361 3 1.23333 1 1
361 3 1.23333 1 1
361 3 1.23333 0 0
361 3 1.23333 0 0
361 3 1.23333 0 0
361 3 1.23333 1 1
361 3 1.23333 1 1
361 3 1.23333 1 1
361 3 1.23333 0 0
361 3 1.23333 1 1
361 3 1.23333 0 0
361 3 1.23333 0 0
361 3 1.23333 0 0
361 3 1.23333 0 0
361 3 1.23333 0 0
361 3 1.23333 1 1
361 3 1.23333 1 1
361 3 1.23333 0 0
361 3 1.23333 0 0
361 3 1.23333 0 0
361 3 1.23333 0 0
361 3 1.23333 1 1
361 3 1.23333 1 1
361 3 1.23333 1 1
361 3 1.23333 1 1
361 3 1.23333 1 1
361 3 1.23333 1 1
361 3 1.23333 0 0
361 3 1.23333 0 0
361 3 1.23333 0 0
361 3 1.23333 0 0
361 3 1.23333 0 0
361 3 1.23333 1 1
361 3 1.23333 0 0
361 3 1.23333 1 1
361 3 1.23333 1 1
361 3 1.23333 0 0
361 3 1.23333 0 0
361 3 1.23333 0 0
361 3 1.23333 0 0
361 3 1.23333 1 1
362 3 1.38 0 0
362 3 1.38 0 0
362 3 1.38 1 1
362 3 1.38 0 0
362 3 1.38 0 0
362 3 1.38 1 1
362 3 1.38 1 1
362 3 1.38 1 1
362 3 1.38 0 0
362 3 1.38 0 0
362 3 1.38 1 1
362 3 1.38 0 0
362 3 1.38 1 1
362 3 1.38 0 0
362 3 1.38 0 0
362 3 1.38 0 0
362 3 1.38 0 0
362 3 1.38 1 1
362 3 1.38 0 0
362 3 1.38 1 1
362 3 1.38 0 0
362 3 1.38 1 1
362 3 1.38 1 1
362 3 1.38 1 1
362 3 1.38 1 1
362 3 1.38 0 0
362 3 1.38 1 1
362 3 1.38 1 1
362 3 1.38 0 0
362 3 1.38 1 1
362 3 1.38 1 1
362 3 1.38 0 0
362 3 1.38 1 1
362 3 1.38 1 1
362 3 1.38 0 0
362 3 1.38 1 1
362 3 1.38 1 1
362 3 1.38 0 0
362 3 1.38 1 1
362 3 1.38 0 0
362 3 1.38 0 0
362 3 1.38 1 1
362 3 1.38 0 0
362 3 1.38 0 0
362 3 1.38 1 1
362 3 1.38 0 0
362 3 1.38 0 0
362 3 1.38 1 1
362 3 1.38 1 1
362 3 1.38 0 0
362 3 1.38 1 1
362 3 1.38 1 1
362 3 1.38 1 1
362 3 1.38 0 0
362 3 1.38 1 1
363 3 1.52667 0 0
363 3 1.52667 0 0
363 3 1.52667 0 1
363 3 1.52667 1 1
363 3 1.52667 0 0
363 3 1.52667 0 0
363 3 1.52667 0 0
363 3 1.52667 0 0
363 3 1.52667 1 1
363 3 1.52667 1 1
363 3 1.52667 1 1
363 3 1.52667 0 0
363 3 1.52667 1 1
363 3 1.52667 1 1
363 3 1.52667 1 1
363 3 1.52667 1 1
363 3 1.52667 0 1
363 3 1.52667 0 0
363 3 1.52667 1 1
363 3 1.52667 0 0
363 3 1.52667 1 1
363 3 1.52667 0 0
363 3 1.52667 1 1
363 3 1.52667 1 1
363 3 1.52667 0 0
363 3 1.52667 1 1
363 3 1.52667 0 0
363 3 1.52667 1 1
363 3 1.52667 1 1
363 3 1.52667 0 0
363 3 1.52667 1 1
363 3 1.52667 1 1
363 3 1.52667 1 1
363 3 1.52667 0 0
363 3 1.52667 0 0
363 3 1.52667 1 1
363 3 1.52667 1 1
363 3 1.52667 1 1
363 3 1.52667 1 1
363 3 1.52667 1 1
363 3 1.52667 1 1
363 3 1.52667 1 1
363 3 1.52667 0 0
363 3 1.52667 0 0
363 3 1.52667 0 0
363 3 1.52667 0 0
363 3 1.52667 0 0
363 3 1.52667 1 1
363 3 1.52667 1 1
363 3 1.52667 0 1
363 3 1.52667 0 0
363 3 1.52667 0 0
363 3 1.52667 0 0
363 3 1.52667 1 1
363 3 1.52667 1 1
425 4 4.6 0 0
425 4 4.6 0 0
425 4 4.6 1 1
425 4 4.6 1 0
425 4 4.6 0 1
425 4 4.6 0 0
425 4 4.6 0 0
425 4 4.6 0 0
425 4 4.6 1 0
425 4 4.6 0 1
425 4 4.6 0 0
425 4 4.6 1 0
425 4 4.6 1 1
425 4 4.6 1 1
425 4 4.6 1 0
425 4 4.6 1 1
425 4 4.6 0 0
425 4 4.6 1 0
425 4 4.6 1 1
425 4 4.6 1 0
425 4 4.6 0 1
425 4 4.6 1 0
425 4 4.6 1 1
425 4 4.6 1 1
425 4 4.6 1 1
425 4 4.6 1 1
425 4 4.6 0 1
425 4 4.6 1 0
425 4 4.6 0 1
425 4 4.6 1 0
425 4 4.6 0 0
425 4 4.6 0 0
425 4 4.6 1 1
425 4 4.6 1 1
425 4 4.6 0 0
425 4 4.6 0 0
425 4 4.6 0 1
425 4 4.6 1 0
425 4 4.6 1 1
425 4 4.6 1 1
425 4 4.6 0 0
425 4 4.6 1 0
425 4 4.6 0 1
425 4 4.6 1 0
425 4 4.6 1 0
425 4 4.6 1 0
425 4 4.6 1 0
425 4 4.6 0 0
425 4 4.6 1 1
425 4 4.6 0 0
425 4 4.6 0 0
425 4 4.6 0 0
425 4 4.6 1 0
425 4 4.6 0 1
425 4 4.6 1 0
426 4 5.8 1 1
426 4 5.8 1 1
426 4 5.8 1 1
426 4 5.8 1 1
426 4 5.8 1 1
426 4 5.8 1 1
426 4 5.8 1 1
426 4 5.8 1 1
426 4 5.8 0 1
426 4 5.8 0 1
426 4 5.8 1 1
426 4 5.8 1 1
426 4 5.8 1 0
426 4 5.8 0 1
426 4 5.8 0 0
426 4 5.8 1 1
426 4 5.8 0 0
426 4 5.8 0 1
426 4 5.8 1 0
426 4 5.8 0 1
426 4 5.8 1 0
426 4 5.8 0 1
426 4 5.8 1 0
426 4 5.8 1 1
426 4 5.8 0 0
426 4 5.8 1 0
426 4 5.8 0 1
426 4 5.8 0 0
426 4 5.8 0 0
426 4 5.8 1 0
426 4 5.8 0 1
426 4 5.8 1 1
426 4 5.8 0 0
426 4 5.8 0 1
426 4 5.8 0 0
426 4 5.8 1 1
426 4 5.8 1 0
426 4 5.8 1 1
426 4 5.8 0 0
426 4 5.8 1 1
426 4 5.8 1 1
426 4 5.8 1 1
426 4 5.8 0 0
426 4 5.8 0 1
426 4 5.8 0 0
426 4 5.8 1 0
426 4 5.8 1 1
426 4 5.8 1 1
426 4 5.8 1 1
426 4 5.8 1 0
426 4 5.8 1 1
426 4 5.8 1 1
426 4 5.8 0 0
426 4 5.8 0 1
426 4 5.8 1 0
427 4 7 1 1
427 4 7 1 1
427 4 7 1 1
427 4 7 0 1
427 4 7 0 0
427 4 7 1 1
427 4 7 1 1
427 4 7 0 0
427 4 7 1 0
427 4 7 1 1
427 4 7 1 1
427 4 7 0 0
427 4 7 1 1
427 4 7 1 1
427 4 7 0 0
427 4 7 0 1
427 4 7 1 1
427 4 7 0 0
427 4 7 1 1
427 4 7 0 0
427 4 7 1 1
427 4 7 1 1
427 4 7 1 1
427 4 7 0 1
427 4 7 1 1
427 4 7 1 1
427 4 7 1 1
427 4 7 0 1
427 4 7 1 1
427 4 7 0 0
427 4 7 0 1
427 4 7 1 1
427 4 7 0 0
427 4 7 1 1
427 4 7 1 1
427 4 7 1 1
427 4 7 1 1
427 4 7 0 0
427 4 7 1 1
427 4 7 0 1
427 4 7 0 1
427 4 7 1 1
427 4 7 0 0
427 4 7 1 1
427 4 7 1 1
427 4 7 1 1
427 4 7 0 0
427 4 7 1 1
427 4 7 1 1
427 4 7 0 0
427 4 7 1 1
427 4 7 1 1
427 4 7 1 1
427 4 7 1 1
427 4 7 0 0
428 4 8.2 1 0
428 4 8.2 0 0
428 4 8.2 0 1
428 4 8.2 0 0
428 4 8.2 0 0
428 4 8.2 1 1
428 4 8.2 0 0
428 4 8.2 1 0
428 4 8.2 0 0
428 4 8.2 0 0
428 4 8.2 1 1
428 4 8.2 1 0
428 4 8.2 1 0
428 4 8.2 1 1
428 4 8.2 1 0
428 4 8.2 0 1
428 4 8.2 0 0
428 4 8.2 1 1
428 4 8.2 0 0
428 4 8.2 1 1
428 4 8.2 1 0
428 4 8.2 0 0
428 4 8.2 1 1
428 4 8.2 0 1
428 4 8.2 1 0
428 4 8.2 0 0
428 4 8.2 1 1
428 4 8.2 1 0
428 4 8.2 1 0
428 4 8.2 0 0
428 4 8.2 1 1
428 4 8.2 0 0
428 4 8.2 1 1
428 4 8.2 0 1
428 4 8.2 0 1
428 4 8.2 1 0
428 4 8.2 0 1
428 4 8.2 1 0
428 4 8.2 1 1
428 4 8.2 1 0
428 4 8.2 1 1
428 4 8.2 0 1
428 4 8.2 0 0
428 4 8.2 1 1
428 4 8.2 0 1
428 4 8.2 0 0
428 4 8.2 0 1
428 4 8.2 1 0
428 4 8.2 1 1
428 4 8.2 0 0
428 4 8.2 1 1
428 4 8.2 1 0
428 4 8.2 0 0
428 4 8.2 1 0
428 4 8.2 0 1
429 4 9.4 0 0
429 4 9.4 1 1
429 4 9.4 0 0
429 4 9.4 1 1
429 4 9.4 0 0
429 4 9.4 0 0
429 4 9.4 0 0
429 4 9.4 1 1
429 4 9.4 1 1
429 4 9.4 1 1
429 4 9.4 1 1
429 4 9.4 1 1
429 4 9.4 0 0
429 4 9.4 0 0
429 4 9.4 1 1
429 4 9.4 0 0
429 4 9.4 1 1
429 4 9.4 0 0
429 4 9.4 0 0
429 4 9.4 1 1
429 4 9.4 1 1
429 4 9.4 1 1
429 4 9.4 0 0
429 4 9.4 0 0
429 4 9.4 1 1
429 4 9.4 1 1
429 4 9.4 0 0
429 4 9.4 1 1
429 4 9.4 0 0
429 4 9.4 1 0
429 4 9.4 1 1
429 4 9.4 1 1
429 4 9.4 1 1
429 4 9.4 0 0
429 4 9.4 1 1
429 4 9.4 0 0
429 4 9.4 0 0
429 4 9.4 1 0
429 4 9.4 0 0
429 4 9.4 0 0
429 4 9.4 1 0
429 4 9.4 0 0
429 4 9.4 0 0
429 4 9.4 1 1
429 4 9.4 0 0
429 4 9.4 0 0
429 4 9.4 0 0
429 4 9.4 1 1
429 4 9.4 0 1
429 4 9.4 0 0
429 4 9.4 0 0
429 4 9.4 1 0
429 4 9.4 1 1
429 4 9.4 1 1
429 4 9.4 1 1
430 4 10.6 0 1
430 4 10.6 0 1
430 4 10.6 0 0
430 4 10.6 1 1
430 4 10.6 1 0
430 4 10.6 0 0
430 4 10.6 0 0
430 4 10.6 0 1
430 4 10.6 0 0
430 4 10.6 0 0
430 4 10.6 1 1
430 4 10.6 1 1
430 4 10.6 0 0
430 4 10.6 0 0
430 4 10.6 1 1
430 4 10.6 1 0
430 4 10.6 0 0
430 4 10.6 0 0
430 4 10.6 0 1
430 4 10.6 1 1
430 4 10.6 1 0
430 4 10.6 1 0
430 4 10.6 0 1
430 4 10.6 1 1
430 4 10.6 0 0
430 4 10.6 1 0
430 4 10.6 1 0
430 4 10.6 1 1
430 4 10.6 0 1
430 4 10.6 0 1
430 4 10.6 0 0
430 4 10.6 0 0
430 4 10.6 0 0
430 4 10.6 0 0
430 4 10.6 1 0
430 4 10.6 1 1
430 4 10.6 1 0
430 4 10.6 1 0
430 4 10.6 1 1
430 4 10.6 1 1
430 4 10.6 1 1
430 4 10.6 0 0
430 4 10.6 0 1
430 4 10.6 1 1
430 4 10.6 0 0
430 4 10.6 1 1
430 4 10.6 1 1
430 4 10.6 0 0
430 4 10.6 0 1
430 4 10.6 1 0
430 4 10.6 0 1
430 4 10.6 0 1
430 4 10.6 1 0
430 4 10.6 0 1
430 4 10.6 0 0
431 4 11.8 0 0
431 4 11.8 0 0
431 4 11.8 0 0
431 4 11.8 1 1
431 4 11.8 1 1
431 4 11.8 1 1
431 4 11.8 1 1
431 4 11.8 0 0
431 4 11.8 1 1
431 4 11.8 0 0
431 4 11.8 0 0
431 4 11.8 0 0
431 4 11.8 1 1
431 4 11.8 1 1
431 4 11.8 1 1
431 4 11.8 0 0
431 4 11.8 0 0
431 4 11.8 1 1
431 4 11.8 0 0
431 4 11.8 0 0
431 4 11.8 1 1
431 4 11.8 1 1
431 4 11.8 0 0
431 4 11.8 0 1
431 4 11.8 0 0
431 4 11.8 1 1
431 4 11.8 1 1
431 4 11.8 1 1
431 4 11.8 1 1
431 4 11.8 0 0
431 4 11.8 1 1
431 4 11.8 0 0
431 4 11.8 1 1
431 4 11.8 1 1
431 4 11.8 0 0
431 4 11.8 1 1
431 4 11.8 0 0
431 4 11.8 0 0
431 4 11.8 1 1
431 4 11.8 1 1
431 4 11.8 1 1
431 4 11.8 1 1
431 4 11.8 1 1
431 4 11.8 1 1
431 4 11.8 1 1
431 4 11.8 1 1
431 4 11.8 1 1
431 4 11.8 1 1
431 4 11.8 1 1
431 4 11.8 0 1
431 4 11.8 0 0
431 4 11.8 1 1
431 4 11.8 1 1
431 4 11.8 1 1
431 4 11.8 0 1
432 4 13 1 1
432 4 13 0 0
432 4 13 0 0
432 4 13 1 0
432 4 13 0 1
432 4 13 1 0
432 4 13 0 1
432 4 13 0 0
432 4 13 1 1
432 4 13 0 0
432 4 13 0 0
432 4 13 1 0
432 4 13 0 0
432 4 13 0 0
432 4 13 0 0
432 4 13 0 0
432 4 13 1 0
432 4 13 0 0
432 4 13 1 1
432 4 13 1 0
432 4 13 0 0
432 4 13 0 0
432 4 13 1 0
432 4 13 0 0
432 4 13 0 0
432 4 13 1 1
432 4 13 0 0
432 4 13 1 1
432 4 13 1 0
432 4 13 0 0
432 4 13 0 0
432 4 13 1 1
432 4 13 0 0
432 4 13 1 0
432 4 13 0 0
432 4 13 1 1
432 4 13 1 0
432 4 13 0 0
432 4 13 0 0
432 4 13 1 1
432 4 13 0 0
432 4 13 1 0
432 4 13 0 0
432 4 13 0 1
432 4 13 1 0
432 4 13 0 0
432 4 13 1 1
432 4 13 1 0
432 4 13 1 0
432 4 13 1 1
432 4 13 1 1
432 4 13 0 0
432 4 13 1 1
432 4 13 1 1
432 4 13 1 0
449 4 4 0 0
449 4 4 0 0
449 4 4 0 1
449 4 4 1 0
449 4 4 0 1
449 4 4 0 1
449 4 4 1 0
449 4 4 0 1
449 4 4 1 0
449 4 4 1 1
449 4 4 0 0
449 4 4 1 0
449 4 4 0 0
449 4 4 0 0
449 4 4 0 1
449 4 4 0 0
449 4 4 1 1
449 4 4 0 0
449 4 4 0 0
449 4 4 0 1
449 4 4 0 0
449 4 4 1 1
449 4 4 1 0
449 4 4 1 0
449 4 4 0 0
449 4 4 1 1
449 4 4 0 0
449 4 4 1 0
449 4 4 0 1
449 4 4 1 1
449 4 4 1 1
449 4 4 1 1
449 4 4 0 1
449 4 4 1 1
449 4 4 1 0
449 4 4 1 1
449 4 4 0 1
449 4 4 1 0
449 4 4 0 1
449 4 4 1 0
449 4 4 0 1
449 4 4 0 0
449 4 4 0 1
449 4 4 0 0
449 4 4 0 0
449 4 4 0 0
449 4 4 0 0
449 4 4 1 0
449 4 4 1 1
449 4 4 1 1
449 4 4 0 1
449 4 4 1 0
449 4 4 0 1
449 4 4 0 0
449 4 4 1 0
450 4 5.06667 1 1
450 4 5.06667 1 1
450 4 5.06667 1 1
450 4 5.06667 1 1
450 4 5.06667 1 1
450 4 5.06667 1 1
450 4 5.06667 1 1
450 4 5.06667 1 1
450 4 5.06667 1 1
450 4 5.06667 1 1
450 4 5.06667 1 1
450 4 5.06667 1 1
450 4 5.06667 1 1
450 4 5.06667 0 1
450 4 5.06667 0 1
450 4 5.06667 0 0
450 4 5.06667 0 0
450 4 5.06667 0 1
450 4 5.06667 1 1
450 4 5.06667 1 1
450 4 5.06667 0 0
450 4 5.06667 1 1
450 4 5.06667 0 0
450 4 5.06667 1 1
450 4 5.06667 1 1
450 4 5.06667 1 1
450 4 5.06667 1 1
450 4 5.06667 0 0
450 4 5.06667 1 1
450 4 5.06667 0 0
450 4 5.06667 1 1
450 4 5.06667 1 1
450 4 5.06667 1 1
450 4 5.06667 1 1
450 4 5.06667 1 1
450 4 5.06667 0 0
450 4 5.06667 1 1
450 4 5.06667 0 0
450 4 5.06667 1 1
450 4 5.06667 1 1
450 4 5.06667 0 0
450 4 5.06667 1 1
450 4 5.06667 1 1
450 4 5.06667 0 0
450 4 5.06667 1 1
450 4 5.06667 0 0
450 4 5.06667 0 0
450 4 5.06667 1 0
450 4 5.06667 1 1
450 4 5.06667 0 0
450 4 5.06667 1 1
450 4 5.06667 0 0
450 4 5.06667 0 1
450 4 5.06667 0 0
450 4 5.06667 0 0
451 4 5.2 1 1
451 4 5.2 0 0
451 4 5.2 0 1
451 4 5.2 0 0
451 4 5.2 0 0
451 4 5.2 0 0
451 4 5.2 0 0
451 4 5.2 0 1
451 4 5.2 1 1
451 4 5.2 1 1
451 4 5.2 1 1
451 4 5.2 1 1
451 4 5.2 1 1
451 4 5.2 1 1
451 4 5.2 0 1
451 4 5.2 1 1
451 4 5.2 1 1
451 4 5.2 1 1
451 4 5.2 0 0
451 4 5.2 1 1
451 4 5.2 0 1
451 4 5.2 1 1
451 4 5.2 1 1
451 4 5.2 1 1
451 4 5.2 1 1
451 4 5.2 1 1
451 4 5.2 0 0
451 4 5.2 0 0
451 4 5.2 1 1
451 4 5.2 0 1
451 4 5.2 0 0
451 4 5.2 1 1
451 4 5.2 1 1
451 4 5.2 0 0
451 4 5.2 0 0
451 4 5.2 1 1
451 4 5.2 1 0
451 4 5.2 0 0
451 4 5.2 1 1
451 4 5.2 1 0
451 4 5.2 1 1
451 4 5.2 0 1
451 4 5.2 1 0
451 4 5.2 0 1
451 4 5.2 0 0
451 4 5.2 1 1
451 4 5.2 0 0
451 4 5.2 0 0
451 4 5.2 1 1
451 4 5.2 0 0
451 4 5.2 1 1
451 4 5.2 0 0
451 4 5.2 0 0
451 4 5.2 1 1
451 4 5.2 0 1
452 4 6.13333 1 1
452 4 6.13333 0 1
452 4 6.13333 0 0
452 4 6.13333 0 0
452 4 6.13333 0 0
452 4 6.13333 0 0
452 4 6.13333 1 1
452 4 6.13333 1 1
452 4 6.13333 0 1
452 4 6.13333 0 0
452 4 6.13333 0 1
452 4 6.13333 0 0
452 4 6.13333 0 0
452 4 6.13333 1 1
452 4 6.13333 1 1
452 4 6.13333 1 1
452 4 6.13333 0 0
452 4 6.13333 0 0
452 4 6.13333 1 1
452 4 6.13333 0 0
452 4 6.13333 1 1
452 4 6.13333 0 0
452 4 6.13333 0 1
452 4 6.13333 1 1
452 4 6.13333 0 0
452 4 6.13333 1 1
452 4 6.13333 1 1
452 4 6.13333 1 1
452 4 6.13333 1 1
452 4 6.13333 0 0
452 4 6.13333 1 1
452 4 6.13333 1 1
452 4 6.13333 1 1
452 4 6.13333 1 1
452 4 6.13333 0 0
452 4 6.13333 1 1
452 4 6.13333 0 0
452 4 6.13333 1 1
452 4 6.13333 0 0
452 4 6.13333 0 0
452 4 6.13333 0 0
452 4 6.13333 0 0
452 4 6.13333 1 1
452 4 6.13333 1 0
452 4 6.13333 0 0
452 4 6.13333 0 0
452 4 6.13333 0 0
452 4 6.13333 1 1
452 4 6.13333 0 0
452 4 6.13333 0 0
452 4 6.13333 1 1
452 4 6.13333 0 0
452 4 6.13333 0 0
452 4 6.13333 1 1
452 4 6.13333 1 1
453 4 6.4 1 1
453 4 6.4 1 1
453 4 6.4 0 0
453 4 6.4 1 1
453 4 6.4 0 0
453 4 6.4 1 0
453 4 6.4 0 0
453 4 6.4 0 0
453 4 6.4 0 0
453 4 6.4 1 0
453 4 6.4 0 1
453 4 6.4 0 1
453 4 6.4 1 0
453 4 6.4 0 1
453 4 6.4 1 0
453 4 6.4 1 0
453 4 6.4 0 1
453 4 6.4 0 0
453 4 6.4 1 0
453 4 6.4 1 1
453 4 6.4 0 0
453 4 6.4 1 1
453 4 6.4 0 0
453 4 6.4 0 0
453 4 6.4 0 0
453 4 6.4 0 1
453 4 6.4 1 0
453 4 6.4 1 1
453 4 6.4 0 0
453 4 6.4 1 1
453 4 6.4 1 1
453 4 6.4 1 1
453 4 6.4 0 0
453 4 6.4 1 1
453 4 6.4 1 1
453 4 6.4 0 0
453 4 6.4 1 1
453 4 6.4 1 0
453 4 6.4 1 1
453 4 6.4 1 1
453 4 6.4 1 0
453 4 6.4 0 1
453 4 6.4 0 1
453 4 6.4 0 0
453 4 6.4 0 0
453 4 6.4 0 0
453 4 6.4 1 1
453 4 6.4 0 1
453 4 6.4 0 0
453 4 6.4 1 0
453 4 6.4 1 1
453 4 6.4 0 1
453 4 6.4 0 1
453 4 6.4 1 0
453 4 6.4 0 0
454 4 7.2 0 0
454 4 7.2 1 1
454 4 7.2 1 1
454 4 7.2 0 0
454 4 7.2 0 0
454 4 7.2 1 1
454 4 7.2 1 1
454 4 7.2 0 0
454 4 7.2 1 1
454 4 7.2 0 0
454 4 7.2 1 1
454 4 7.2 0 0
454 4 7.2 1 1
454 4 7.2 0 0
454 4 7.2 1 1
454 4 7.2 1 1
454 4 7.2 1 1
454 4 7.2 0 0
454 4 7.2 1 1
454 4 7.2 1 1
454 4 7.2 1 1
454 4 7.2 0 0
454 4 7.2 1 1
454 4 7.2 0 1
454 4 7.2 1 1
454 4 7.2 0 0
454 4 7.2 1 1
454 4 7.2 0 0
454 4 7.2 1 1
454 4 7.2 1 1
454 4 7.2 0 0
454 4 7.2 1 1
454 4 7.2 1 1
454 4 7.2 1 1
454 4 7.2 1 1
454 4 7.2 0 0
454 4 7.2 0 0
454 4 7.2 0 0
454 4 7.2 0 0
454 4 7.2 1 1
454 4 7.2 1 1
454 4 7.2 0 0
454 4 7.2 1 1
454 4 7.2 0 1
454 4 7.2 0 1
454 4 7.2 0 0
454 4 7.2 0 0
454 4 7.2 0 0
454 4 7.2 0 0
454 4 7.2 0 0
454 4 7.2 0 0
454 4 7.2 0 0
454 4 7.2 1 1
454 4 7.2 0 0
454 4 7.2 0 0
455 4 7.6 0 1
455 4 7.6 1 1
455 4 7.6 1 1
455 4 7.6 0 0
455 4 7.6 0 0
455 4 7.6 1 1
455 4 7.6 1 1
455 4 7.6 1 1
455 4 7.6 1 1
455 4 7.6 0 1
455 4 7.6 1 1
455 4 7.6 1 1
455 4 7.6 1 1
455 4 7.6 0 0
455 4 7.6 0 1
455 4 7.6 0 0
455 4 7.6 1 1
455 4 7.6 1 1
455 4 7.6 1 1
455 4 7.6 0 1
455 4 7.6 0 0
455 4 7.6 1 1
455 4 7.6 1 1
455 4 7.6 0 0
455 4 7.6 1 1
455 4 7.6 1 1
455 4 7.6 0 0
455 4 7.6 0 0
455 4 7.6 1 1
455 4 7.6 1 1
455 4 7.6 1 1
455 4 7.6 1 1
455 4 7.6 0 0
455 4 7.6 1 1
455 4 7.6 1 1
455 4 7.6 1 1
455 4 7.6 1 1
455 4 7.6 1 1
455 4 7.6 0 0
455 4 7.6 0 0
455 4 7.6 1 1
455 4 7.6 1 1
455 4 7.6 1 1
455 4 7.6 0 1
455 4 7.6 0 0
455 4 7.6 1 1
455 4 7.6 1 1
455 4 7.6 0 0
455 4 7.6 1 1
455 4 7.6 1 1
455 4 7.6 0 0
455 4 7.6 0 0
455 4 7.6 0 1
455 4 7.6 0 1
455 4 7.6 0 1
456 4 8.26667 0 0
456 4 8.26667 1 1
456 4 8.26667 0 0
456 4 8.26667 1 1
456 4 8.26667 1 1
456 4 8.26667 0 0
456 4 8.26667 1 1
456 4 8.26667 1 1
456 4 8.26667 1 1
456 4 8.26667 1 1
456 4 8.26667 1 1
456 4 8.26667 0 0
456 4 8.26667 1 1
456 4 8.26667 1 1
456 4 8.26667 1 1
456 4 8.26667 0 0
456 4 8.26667 0 0
456 4 8.26667 1 1
456 4 8.26667 1 1
456 4 8.26667 1 1
456 4 8.26667 0 0
456 4 8.26667 0 0
456 4 8.26667 1 1
456 4 8.26667 1 1
456 4 8.26667 1 1
456 4 8.26667 0 0
456 4 8.26667 0 0
456 4 8.26667 0 0
456 4 8.26667 0 0
456 4 8.26667 0 0
456 4 8.26667 0 0
456 4 8.26667 0 0
456 4 8.26667 1 1
456 4 8.26667 1 1
456 4 8.26667 0 0
456 4 8.26667 1 1
456 4 8.26667 1 1
456 4 8.26667 0 0
456 4 8.26667 1 1
456 4 8.26667 0 0
456 4 8.26667 0 0
456 4 8.26667 0 0
456 4 8.26667 0 0
456 4 8.26667 0 0
456 4 8.26667 1 1
456 4 8.26667 0 0
456 4 8.26667 1 1
456 4 8.26667 1 1
456 4 8.26667 0 0
456 4 8.26667 0 0
456 4 8.26667 0 0
456 4 8.26667 1 1
456 4 8.26667 0 0
456 4 8.26667 1 1
456 4 8.26667 0 0
457 4 8.8 1 1
457 4 8.8 0 0
457 4 8.8 0 0
457 4 8.8 1 1
457 4 8.8 0 0
457 4 8.8 1 1
457 4 8.8 0 0
457 4 8.8 1 1
457 4 8.8 1 1
457 4 8.8 0 0
457 4 8.8 0 1
457 4 8.8 0 1
457 4 8.8 0 1
457 4 8.8 1 1
457 4 8.8 1 1
457 4 8.8 0 0
457 4 8.8 1 1
457 4 8.8 0 0
457 4 8.8 0 0
457 4 8.8 1 1
457 4 8.8 0 0
457 4 8.8 0 0
457 4 8.8 1 1
457 4 8.8 1 1
457 4 8.8 0 1
457 4 8.8 0 0
457 4 8.8 0 0
457 4 8.8 1 1
457 4 8.8 0 0
457 4 8.8 0 0
457 4 8.8 0 0
457 4 8.8 0 1
457 4 8.8 0 0
457 4 8.8 1 1
457 4 8.8 1 1
457 4 8.8 0 0
457 4 8.8 0 1
457 4 8.8 1 1
457 4 8.8 0 1
457 4 8.8 1 1
457 4 8.8 1 1
457 4 8.8 0 0
457 4 8.8 1 1
457 4 8.8 1 1
457 4 8.8 1 1
457 4 8.8 0 0
457 4 8.8 1 1
457 4 8.8 1 1
457 4 8.8 1 1
457 4 8.8 1 1
457 4 8.8 1 1
457 4 8.8 0 0
457 4 8.8 1 1
457 4 8.8 1 1
457 4 8.8 0 0
458 4 9.33333 1 1
458 4 9.33333 0 0
458 4 9.33333 1 1
458 4 9.33333 0 0
458 4 9.33333 1 1
458 4 9.33333 1 1
458 4 9.33333 1 1
458 4 9.33333 1 1
458 4 9.33333 0 0
458 4 9.33333 0 0
458 4 9.33333 0 0
458 4 9.33333 1 1
458 4 9.33333 1 1
458 4 9.33333 0 0
458 4 9.33333 1 1
458 4 9.33333 1 1
458 4 9.33333 1 1
458 4 9.33333 1 1
458 4 9.33333 1 1
458 4 9.33333 1 1
458 4 9.33333 1 1
458 4 9.33333 0 0
458 4 9.33333 0 0
458 4 9.33333 0 0
458 4 9.33333 1 1
458 4 9.33333 0 0
458 4 9.33333 1 1
458 4 9.33333 1 1
458 4 9.33333 1 1
458 4 9.33333 0 0
458 4 9.33333 1 1
458 4 9.33333 0 0
458 4 9.33333 0 0
458 4 9.33333 1 1
458 4 9.33333 0 0
458 4 9.33333 1 1
458 4 9.33333 1 1
458 4 9.33333 1 1
458 4 9.33333 1 1
458 4 9.33333 0 0
458 4 9.33333 0 0
458 4 9.33333 0 1
458 4 9.33333 0 0
458 4 9.33333 0 0
458 4 9.33333 1 1
458 4 9.33333 0 0
458 4 9.33333 1 1
458 4 9.33333 0 0
458 4 9.33333 1 1
458 4 9.33333 0 0
458 4 9.33333 0 0
458 4 9.33333 0 0
458 4 9.33333 1 1
458 4 9.33333 0 0
458 4 9.33333 0 0
459 4 10 0 0
459 4 10 0 0
459 4 10 0 0
459 4 10 1 1
459 4 10 0 0
459 4 10 0 0
459 4 10 1 1
459 4 10 0 0
459 4 10 1 1
459 4 10 1 1
459 4 10 1 1
459 4 10 1 1
459 4 10 1 1
459 4 10 1 1
459 4 10 1 1
459 4 10 1 1
459 4 10 1 1
459 4 10 1 1
459 4 10 0 0
459 4 10 1 1
459 4 10 0 0
459 4 10 0 0
459 4 10 0 0
459 4 10 1 1
459 4 10 0 0
459 4 10 0 0
459 4 10 0 0
459 4 10 0 0
459 4 10 1 1
459 4 10 0 0
459 4 10 0 0
459 4 10 0 0
459 4 10 1 1
459 4 10 1 1
459 4 10 0 0
459 4 10 0 0
459 4 10 0 0
459 4 10 0 0
459 4 10 1 1
459 4 10 0 0
459 4 10 0 0
459 4 10 0 0
459 4 10 1 1
459 4 10 1 1
459 4 10 1 1
459 4 10 0 0
459 4 10 1 1
459 4 10 1 1
459 4 10 1 1
459 4 10 0 1
459 4 10 0 0
459 4 10 1 1
459 4 10 1 1
459 4 10 0 1
459 4 10 0 0
460 4 10.4 0 0
460 4 10.4 0 0
460 4 10.4 0 0
460 4 10.4 0 0
460 4 10.4 1 1
460 4 10.4 1 1
460 4 10.4 1 1
460 4 10.4 0 0
460 4 10.4 1 1
460 4 10.4 1 1
460 4 10.4 0 0
460 4 10.4 1 1
460 4 10.4 1 1
460 4 10.4 0 0
460 4 10.4 1 1
460 4 10.4 1 1
460 4 10.4 1 1
460 4 10.4 1 1
460 4 10.4 1 1
460 4 10.4 1 1
460 4 10.4 1 1
460 4 10.4 1 1
460 4 10.4 1 1
460 4 10.4 1 1
460 4 10.4 1 1
460 4 10.4 1 1
460 4 10.4 0 0
460 4 10.4 1 1
460 4 10.4 0 0
460 4 10.4 1 1
460 4 10.4 0 0
460 4 10.4 0 0
460 4 10.4 0 0
460 4 10.4 1 1
460 4 10.4 1 1
460 4 10.4 1 1
460 4 10.4 1 1
460 4 10.4 0 0
460 4 10.4 1 1
460 4 10.4 0 0
460 4 10.4 0 0
460 4 10.4 1 1
460 4 10.4 0 0
460 4 10.4 0 0
460 4 10.4 1 1
460 4 10.4 1 1
460 4 10.4 0 0
460 4 10.4 1 1
460 4 10.4 1 1
460 4 10.4 1 1
460 4 10.4 0 0
460 4 10.4 1 1
460 4 10.4 1 1
460 4 10.4 1 1
460 4 10.4 0 0
461 4 11.2 0 0
461 4 11.2 1 1
461 4 11.2 1 1
461 4 11.2 1 1
461 4 11.2 0 0
461 4 11.2 1 1
461 4 11.2 0 0
461 4 11.2 1 1
461 4 11.2 0 0
461 4 11.2 0 0
461 4 11.2 1 1
461 4 11.2 1 1
461 4 11.2 0 0
461 4 11.2 0 0
461 4 11.2 1 1
461 4 11.2 1 1
461 4 11.2 0 0
461 4 11.2 0 0
461 4 11.2 0 0
461 4 11.2 0 0
461 4 11.2 1 1
461 4 11.2 1 1
461 4 11.2 1 1
461 4 11.2 0 0
461 4 11.2 1 1
461 4 11.2 0 0
461 4 11.2 1 1
461 4 11.2 0 0
461 4 11.2 1 1
461 4 11.2 1 1
461 4 11.2 0 0
461 4 11.2 1 1
461 4 11.2 1 1
461 4 11.2 1 1
461 4 11.2 0 0
461 4 11.2 1 1
461 4 11.2 1 1
461 4 11.2 0 1
461 4 11.2 0 0
461 4 11.2 0 0
461 4 11.2 1 1
461 4 11.2 0 0
461 4 11.2 0 0
461 4 11.2 0 0
461 4 11.2 0 0
461 4 11.2 1 1
461 4 11.2 0 0
461 4 11.2 1 1
461 4 11.2 0 0
461 4 11.2 0 0
461 4 11.2 1 1
461 4 11.2 1 1
461 4 11.2 1 1
461 4 11.2 0 0
461 4 11.2 1 1
462 4 11.4667 0 0
462 4 11.4667 0 0
462 4 11.4667 0 0
462 4 11.4667 0 0
462 4 11.4667 1 1
462 4 11.4667 1 1
462 4 11.4667 0 0
462 4 11.4667 0 0
462 4 11.4667 0 0
462 4 11.4667 1 1
462 4 11.4667 1 1
462 4 11.4667 1 1
462 4 11.4667 0 0
462 4 11.4667 0 0
462 4 11.4667 1 1
462 4 11.4667 0 0
462 4 11.4667 1 1
462 4 11.4667 1 1
462 4 11.4667 0 0
462 4 11.4667 0 0
462 4 11.4667 1 1
462 4 11.4667 1 1
462 4 11.4667 1 1
462 4 11.4667 0 0
462 4 11.4667 0 0
462 4 11.4667 1 1
462 4 11.4667 1 1
462 4 11.4667 1 1
462 4 11.4667 1 1
462 4 11.4667 0 0
462 4 11.4667 1 1
462 4 11.4667 1 1
462 4 11.4667 0 0
462 4 11.4667 1 1
462 4 11.4667 1 1
462 4 11.4667 0 0
462 4 11.4667 1 1
462 4 11.4667 0 0
462 4 11.4667 1 1
462 4 11.4667 1 1
462 4 11.4667 0 0
462 4 11.4667 1 1
462 4 11.4667 0 0
462 4 11.4667 1 1
462 4 11.4667 1 1
462 4 11.4667 1 1
462 4 11.4667 1 1
462 4 11.4667 1 1
462 4 11.4667 1 1
462 4 11.4667 1 1
462 4 11.4667 0 0
462 4 11.4667 0 0
462 4 11.4667 0 0
462 4 11.4667 1 1
462 4 11.4667 0 0
463 4 12.4 0 0
463 4 12.4 0 0
463 4 12.4 0 0
463 4 12.4 1 1
463 4 12.4 1 1
463 4 12.4 0 0
463 4 12.4 1 1
463 4 12.4 1 1
463 4 12.4 0 0
463 4 12.4 1 1
463 4 12.4 0 0
463 4 12.4 0 0
463 4 12.4 0 0
463 4 12.4 0 0
463 4 12.4 0 0
463 4 12.4 1 1
463 4 12.4 0 0
463 4 12.4 0 0
463 4 12.4 0 0
463 4 12.4 0 0
463 4 12.4 0 0
463 4 12.4 1 1
463 4 12.4 0 0
463 4 12.4 1 1
463 4 12.4 0 0
463 4 12.4 0 0
463 4 12.4 0 0
463 4 12.4 1 1
463 4 12.4 1 1
463 4 12.4 0 0
463 4 12.4 0 0
463 4 12.4 1 1
463 4 12.4 1 1
463 4 12.4 0 0
463 4 12.4 1 1
463 4 12.4 1 1
463 4 12.4 0 0
463 4 12.4 1 1
463 4 12.4 0 0
463 4 12.4 1 1
463 4 12.4 0 0
463 4 12.4 1 1
463 4 12.4 1 1
463 4 12.4 1 1
463 4 12.4 0 0
463 4 12.4 1 1
463 4 12.4 0 0
463 4 12.4 0 0
463 4 12.4 0 0
463 4 12.4 0 0
463 4 12.4 1 1
463 4 12.4 1 1
463 4 12.4 0 0
463 4 12.4 1 1
463 4 12.4 0 0
